1.85965
1.40672
1.44224
0.253968
1.32468
1.52817
1.77567
1.55508
1.28485
1.63704
1.65079
1.50362
1.61868
1.3913
1.34194
1.61871
1.94954
1.44948
1.52518
0.238095
1.23765
1.5034
1.83028
1.1896
1.31013
1.48951
1.61154
1.64312
1.68254
1.47015
1.35644
1.51748
1.46923
1.48026
1.70968
0.30291
1.62281
1.27439
1.61923
1.50523
1.66923
1.61905
1.51049
1.63846
1.46269
1.46939
1.63077
1.43333
1.32468
1.60507
1.43284
0.367857
1.40656
1.664
1.47183
1.51429
1.52239
1.39721
1.48772
1.5
1.41156
1.25874
1.69065
1.53689
1.3758
1.54615
1.43662
0.271825
1.51049
1.53846
1.56338
1.53571
1.33673
1.42254
1.53061
1.49206
1.44063
2.30233
1.98165
1.67939
1.86441
1.43657
5.89968
1.56314
1.97368
1.69672
1.59341
1.57463
1.47535
1.61338
1.81746
1.89831
1.94068
1.76754
1.61837
1.41401
1.58065
1.65734
7.03488
1.5292
1.37024
1.60554
1.89407
1.72222
1.55682
1.47122
1.64493
1.88034
1.61832
1.50373
1.36644
1.49158
1.63934
1.44928
6.05051
1.31494
2.02791
1.34161
1.47308
1.49831
1.54074
1.3913
1.44231
1.76518
1.26316
1.5493
1.49351
1.37764
1.64925
1.56349
5.73667
1.17914
1.63095
1.31469
1.14151
1.29341
1.59398
1.45522
1.26282
1.3245
1.5034
1.7686
1.57621
1.60741
1.62595
1.38889
5.49221
1.08596
1.63287
1.62357
1.67164
1.81746
1.55932
1.42122
1.62698
1.3986
1.45296
1.49104
1.47826
1.37324
1.40132
1.64925
0.292582
1.36392
1.86547
1.49502
2.2844
2.06422
1.83051
1.77692
2.22897
2.06422
1.61538
1.4964
1.45652
1.5
1.41877
1.58451
0.397109
1.30769
1.46474
2.06161
1.39249
1.31469
1.33438
1.58582
1.63462
1.53676
1.4964
1.60915
2.12288
1.82969
1.41667
6.53986
1.50735
1.26042
1.22156
1.2994
1.73077
1.57377
1.42034
1.58781
1.63492
1.40702
1.42808
1.5583
1.68254
1.43284
1.29932
5.78302
1.47368
1.32468
1.34507
1.42308
1.66667
1.86885
1.57377
1.6162
1.83402
1.57937
1.48443
1.48043
1.45196
1.3838
1.43046
7.23846
1.59091
1.54231
1.30952
1.47458
1.58974
1.5
1.21069
1.47241
1.48601
1.40672
1.42193
1.45455
1.60145
1.75
1.43846
5.61491
1.35517
1.25926
1.49648
1.36803
1.35583
1.6627
1.43284
1.46939
1.63462
1.64179
1.53175
1.31329
1.58865
1.86885
1.69492
6.48571
1.3758
1.47183
1.4964
1.52518
1.52612
1.47826
1.53846
1.46154
1.42581
1.55556
1.35548
1.31379
1.23567
1.41196
1.52985
6.08304
1.2
1.73077
1.75304
1.53409
1.49819
1.54448
1.53846
1.44218
1.4037
1.42722
1.57377
1.38667
1.50719
1.45455
1.43662
6.28223
1.46395
1.72222
1.65769
1.28852
1.40789
1.73077
1.88261
1.36585
1.38284
1.53069
1.40299
1.34194
1.57194
1.60223
1.42809
0.366071
1.37048
1.76682
1.44407
1.76991
1.35849
1.54615
1.37063
1.46939
1.63462
1.67164
1.7619
1.61905
1.58419
1.79724
1.50164
0.243386
1.18519
1.50323
1.69091
1.22601
1.41806
1.55224
1.64855
1.99083
1.72593
1.91743
1.32872
1.25658
1.51812
1.54839
1.63077
0.281746
1.5203
1.53901
1.47619
1.32803
1.5
1.59259
1.19427
1.34579
1.45769
1.38994
1.43651
1.19938
1.37864
1.61765
7.30952
1.50365
1.36519
1.38356
1.43986
1.49259
1.39437
1.39355
1.63462
1.46269
1.43046
1.63077
1.59701
1.65185
2.21171
1.86784
6.68841
1.64885
1.30667
1.33444
1.53357
1.7
1.57143
1.51656
1.98165
1.44928
1.45238
1.60741
2.32075
1.73047
1.60784
1.30556
6.21122
1.62406
1.40845
1.52113
1.60769
1.35612
1.45667
1.57664
1.55597
1.55319
2.13964
1.79825
1.53191
1.7
1.56349
1.42434
6.68441
1.17241
1.37676
1.41639
1.69048
1.52381
1.46906
1.49576
1.24633
1.50916
1.28571
1.37654
1.8
1.64925
1.77869
1.92544
6.08532
1.24561
1.29586
1.72908
1.50769
1.46939
1.55385
1.22667
1.44025
1.75397
1.72656
1.71429
1.67286
1.58197
1.28395
1.60137
0.353423
1.57651
1.87705
2.04783
2.03756
1.47917
1.62687
1.20608
1.55949
1.57045
1.91903
1.81081
1.44969
2.38532
1.69298
5.87333
1.44291
1.41216
1.58582
0.977839
1.6526
1.83186
1.33448
1.30137
1.18241
1.44937
1.69841
1.63571
2.11009
1.46875
1.51333
5.68827
1.93089
1.80081
1.73228
1.72619
1.61538
1.22438
1.60481
1.84921
1.54104
1.31295
1.44073
1.83486
1.5777
2.20091
2.01835
0.238095
1.25301
1.47388
1.43158
1.39088
1.58801
1.40299
1.24534
1.5137
1.55556
1.38411
1.38351
1.19355
1.28528
1.52899
5.21714
1.67368
1.9907
1.63158
1.59623
1.27796
1.36232
1.39241
1.52381
1.19745
1.39355
1.52308
1.43144
1.6063
1.55634
1.59524
6.55396
1.38509
1.23711
1.08401
1.43046
1.7
1.79365
1.37405
1.31737
1.6
1.60364
1.54365
1.33333
1.57343
1.69492
1.53082
6.16066
1.43369
1.39726
1.46127
2.13615
1.43709
1.63704
1.44444
1.29091
1.58582
1.63846
1.64179
1.44444
1.12575
1.31646
1.4964
0.449248
1.32335
1.61538
1.39928
1.40717
1.92692
1.22293
1.36039
1.53506
1.52518
1.55224
2.00455
1.27333
1.27707
1.59247
7.35772
1.26804
1.23457
1.65217
1.56349
1.32423
1.4
1.6
1.61594
1.61207
1.33531
2.01835
1.50725
1.55435
1.88938
1.09714
6.29592
1.34615
1.27964
1.40351
1.61594
1.61441
1.43636
1.95413
1.44403
1.3612
1.45819
1.66031
1.66154
1.74231
2.0093
1.5
0.290714
1.11377
1.13975
1.32399
1.68651
1.53676
1.38129
1.33333
1.54231
1.41667
1.59932
1.39007
1.34106
1.18182
1.57609
1.76526
0.271825
1.33099
1.3481
1.77381
1.78788
1.96094
1.55508
1.44954
1.8578
1.31058
1.65753
1.67686
1.6129
1.39098
1.37135
6.7283
1.34412
2.16216
1.33829
1.28402
1.59542
1.6194
1.56154
1.5493
1.65873
1.22837
1.37342
1.76538
1.55594
1.26625
1.59259
0.368304
1.83408
1.24749
1.66776
1.32331
1.4006
1.24262
1.44025
1.82773
1.77406
1.44667
1.55133
1.41259
1.31058
1.35621
6.49296
1.26838
1.49013
1.60825
1.79825
1.3564
1.45695
1.69048
1.70238
1.62222
2.13825
1.64179
1.6746
1.36101
1.26282
1.34333
6.44718
1.48084
1.18182
1.65873
1.19637
1.54417
1.56379
1.47468
1.82456
1.53731
1.22184
1.52189
1.27241
1.28931
1.45296
1.37868
5.21277
1.06923
1.55396
1.5754
1.30375
1.26433
1.36364
1.48797
1.46154
1.28707
1.47902
1.57091
1.75
1.23939
1.5493
1.69048
6.98092
1.37855
1.22222
1.55844
1.62447
1.51852
1.57143
1.47222
1.64925
1.65873
1.41577
1.47387
1.46595
1.38732
1.40397
1.51111
0.472222
1.65441
1.63136
1.29355
1.34932
1.66901
1.98165
1.61508
1.2911
1.45333
1.6
1.79615
1.79825
1.38028
1.40397
6.81111
1.46324
1.18605
1.2819
1.66154
1.74627
2.0367
1.31338
1.33227
1.55396
1.73462
1.54918
1.30408
1.50725
1.44776
1.33448
6.07358
1.6875
1.69262
1.4964
1.82308
1.83028
1.48
1.74088
1.51111
1.43662
1.50725
1.51493
1.41241
1.23795
1.33333
1.53472
6.90672
1.36667
1.3986
1.6015
1.44218
1.54615
1.31438
1.37
1.55477
1.75397
1.55556
1.43243
1.59259
1.50746
1.33333
1.21359
5.62812
1.29745
1.74153
1.45017
1.46909
1.47797
1.75573
1.84322
1.46237
1.60563
0.828358
0.654971
1.01695
0.956349
0.915254
1
0.974138
0.852713
0.96
0.121693
0.788732
0.857143
0.834532
1.01639
0.95082
1.02381
1.18349
1.18349
1.11927
1.16822
0.991525
0.868852
1.01786
0.895522
0.919492
1.10599
0.888889
1.08475
1.00917
1.024
1.12281
1.17431
0.116402
0.76129
1
0.863309
0.915254
0.824427
0.807407
0.75
1.175
0.974576
1.10345
0.898305
0.77931
0.875
0.9375
1.05085
1.17431
1.17431
1.17431
1.17431
1.19266
1.14953
0.922747
0.153159
0.886275
0.854093
0.881356
0.888889
0.949153
0.868217
0.859375
0.983333
0.911765
1.12281
1.17431
1.17431
1.17431
1.17431
1.17431
1.15596
1.08411
0.889313
1.06303
1.04036
0.918033
0.868217
0.124339
0.771242
1.03448
0.868852
0.925373
1.09735
1.05738
1.18349
1.17431
1.17431
1.17431
1.17431
1.11927
1.08411
0.859259
0.918033
0.914634
1.10599
0.888889
0.949153
0.868217
0.921875
0.965517
0.148148
0.857143
0.834532
0.983607
0.918033
0.888889
1.07937
1.08475
1.21101
1.06422
0.690789
0.783217
1.05085
0.901639
1.06542
0.895522
0.919492
1.25346
1.08475
1.17431
1.00917
1
6.80932
0.717241
0.857143
0.834532
1.05738
0.877119
0.773973
0.893701
0.750809
1.01724
0.865672
0.918033
0.991597
1.03333
0.901639
1.19626
1.08475
1.17431
1.17431
1.17431
1.17431
1.17431
1.17431
7.40367
0.953846
0.951754
1.02128
0.814815
1.03333
0.952381
1.01695
0.949153
0.866142
1.01587
1.15596
1.19626
1.12281
1.17431
1.17431
1.17431
1.17431
1.17431
1.13761
1.06422
0.852713
1.28037
0.958716
0.154762
0.707483
0.82963
1
0.967742
0.868852
0.925373
1.17431
1.12281
1.17431
1.13761
1.17431
1.17431
1.17431
1.06422
0.983051
1.15126
1.03913
0.812274
0.917647
1.01754
0.827068
7.12069
0.705882
0.707746
0.847584
1.1875
0.881356
0.859259
1.11864
1.17431
1.17431
1.13761
1.06422
0.943089
0.854331
0.919847
0.949153
1.05085
1.02542
0.957627
1.14912
1.14655
1.13761
1.17431
1.10092
0.148148
0.825397
0.82963
1
0.967742
0.95082
0.932203
0.834615
0.842105
0.748299
1
0.995413
0.780488
0.866142
1.01724
0.870968
0.888889
1.08475
1.13761
1.17431
1.17431
1.17431
1.17431
0.142857
0.859259
0.885246
0.723022
0.797342
0.940678
0.857143
0.842857
0.931034
0.870229
1
1.08197
1.10092
1.01695
1.08475
1.17431
1.17431
1.17431
1.21101
1.02752
0.888889
0.868217
6.39844
0.976744
0.718978
0.830986
0.894737
1.06306
0.858156
0.957627
0.920635
1.08197
1.12281
1.17431
1.17431
1.17431
1.17431
1.04587
0.958678
0.861538
0.905512
1.03738
0.783784
0.902542
0.8
6.94958
0.721805
0.794702
0.881356
0.948148
1.17431
0.954128
0.820896
1.06667
1.01587
1.17431
1.07339
0.890244
0.867925
1.15888
0.838462
0.815789
0.751773
0.723926
1
0.918367
1.10599
0.888889
6.76695
0.707483
0.820896
1.05
0.967742
0.868852
0.761194
0.975207
0.902256
0.932203
1.06542
0.850746
0.935484
0.920635
0.95122
1.17431
0.930328
0.676923
1.07143
1.09016
1.07339
1.13761
1.01587
7.51835
0.817164
1.14159
0.850394
0.854962
0.949153
0.814815
0.928
0.988372
0.958904
0.622785
0.8
0.910569
0.88189
0.857143
0.776978
0.911032
1.17431
1.18349
1.17431
1.0367
0.748148
0.854545
0.140873
0.682927
0.873016
0.902256
0.949153
1.05085
1.05263
1.08475
1.17431
1.17431
1.17431
1.17431
1.10092
1.08475
1.17431
1.10092
0.97479
0.821705
0.944
1.00833
0.909836
0.952381
0.966102
6.44355
0.547619
0.8
0.873016
0.935484
0.868852
0.865672
1.08197
1.05263
1.09322
1.21101
1.04587
0.966667
0.897638
1
0.983607
0.918033
0.943089
0.977099
1.17431
1.17431
1.15596
1.13084
6.52049
0.709559
0.77193
1.03333
0.888889
0.888889
0.897638
0.920635
0.918033
0.854962
0.98374
1.05932
0.940678
1.02232
0.870849
1.06897
0.983193
0.660256
0.825623
0.983051
0.897638
1
1.09016
7.74312
0.834586
0.810409
0.756757
0.976378
0.901639
0.992
0.957627
0.860465
0.944
1.03333
0.92623
0.96063
1.16514
0.935345
0.847584
1
0.983607
1.01639
1.05263
0.864407
0.975207
0.902256
6.84322
0.644231
0.817844
0.933333
0.763359
0.918519
1.01695
0.961864
0.747368
0.885609
0.983051
0.942623
1.20561
0.920635
1.04918
0.899083
0.982759
0.826087
1.18349
0.919492
1.10599
0.888889
1.08475
7.27064
0.684211
0.854962
1.07937
1.08475
1.04587
1.15888
0.863309
1.09322
1.18349
1.17431
1.00885
1.04167
0.940678
0.920635
1.01695
0.918033
0.926829
0.933333
0.882353
0.982456
0.870229
1.07759
6.75527
0.764259
0.803987
1.07692
0.967742
0.868852
0.820896
0.966667
0.805755
0.991597
1
0.873016
1.06542
0.895522
1.05932
1.12844
1.09346
0.888889
0.95339
1.10599
0.888889
0.936441
0.768061
6.40909
0.602941
0.649068
0.847584
0.965517
0.8
1.00813
0.949153
0.868217
0.873016
1.11667
1.15517
1.06422
0.91129
0.809886
0.789474
1.05085
0.920635
0.934426
1.06542
0.794776
0.779783
0.944882
7.0339
0.764706
0.835821
1.03279
1
0.868852
0.955224
1.17431
1.02752
0.8
1.05085
0.889344
0.656151
0.888889
1.01695
0.949153
1.11765
0.951754
0.764505
0.866142
0.920635
0.991525
0.88189
6.78862
0.767123
1.01639
0.852459
0.977778
1.17431
1.13761
1.17431
1.02752
1.15254
0.954128
0.753623
0.814815
0.920635
0.991525
0.88189
0.926829
1.03333
0.95082
1.01695
1.11009
1.08475
1.17431
7.66055
0.857143
1.06667
0.852459
0.895522
1.01695
0.851695
0.826568
0.866142
1
0.983607
0.918033
0.926829
0.983333
0.870968
0.774074
0.951673
1.17431
1.17431
1.06422
1.05085
0.897541
0.776173
5.9708
0.70073
0.735915
0.792793
0.697143
1.18349
0.915254
0.834532
1.05738
1.01271
1.04803
1.04918
1.17431
1.17431
1.13761
1.17431
1.17431
1.13761
1.17431
1.17431
1.04587
0.979839
0.776978
6.09542
0.564706
0.727273
1
0.967742
0.95082
0.598837
0.939516
0.907631
0.885496
0.983051
0.880309
1.14019
0.932836
0.986842
1.12444
0.788321
0.866142
0.920635
0.991525
0.88189
0.926829
1.03333
0.238095
0.829365
0.847584
1.03333
0.952381
0.949153
0.976378
1.21818
0.824627
0.792593
0.784906
0.781481
0.818841
0.918699
1
1.03333
0.901639
1.06542
0.902985
0.919492
1.25346
1.08475
1.17431
0.137143
0.774648
1.06667
0.930769
0.974359
0.965517
0.814685
0.915254
0.787879
0.702875
0.969697
1.08475
1.17431
1.13761
0.947368
0.863309
0.966102
1.06542
0.895522
1.05085
1.17431
1.13761
1.06422
0.135582
0.909774
1.05963
0.935361
0.964602
0.958716
0.778157
1.03333
0.825397
0.970149
1.02752
1.00787
1.17431
1.17431
1.17431
1.17431
1.17431
1.13761
1.06422
0.886364
0.972477
0.833948
0.944882
0.137566
0.779851
0.847584
0.966667
0.859259
0.901639
1.06667
1.01587
1.17431
1.17431
1.17431
1.17431
1.17431
1.21101
1.17431
1.13761
1.04587
1.1215
0.888889
0.919492
1.10599
0.896296
0.949153
0.132275
0.820896
1.05
0.967742
0.877049
0.947368
1.15888
1.05085
1.06422
1.01639
1.06422
0.883065
1.0424
1.06912
0.888889
0.991597
1.03333
1.01639
1.10092
1.11009
0.95339
1.10599
0.948148
0.126984
0.732394
0.820896
1.05
0.967742
0.97541
0.958848
0.821012
0.76087
0.82963
0.873016
1.01786
0.902985
0.919492
1.10599
0.888889
1.08475
1.17431
1.17431
1.02752
0.813953
0.677966
0.762411
0.126984
0.75
0.766423
0.717857
0.755556
0.843636
1.01639
0.942623
1.11207
1.08475
1.02752
0.9375
1.05085
1.18349
1.17431
1.17431
1.17431
1.17431
1.17431
1.17431
1.2844
1.38235
9.28646
2.41743
1.6532
1.93191
1.19375
2.06849
1.43852
1.98913
1.41901
1.39623
1.6811
0.921986
3.25962
2.71739
2.56164
7
3.16463
2.07834
2.19905
2.21545
2.2332
1.74615
1.77817
2.57789
1.89723
1.75078
1.95455
2.56164
2.48795
7.87698
2.57368
1.66553
2.28821
2.6449
2.61382
2.84434
3.20961
2.01923
2.80876
2.06538
2.43694
2.14015
2.6453
0.350451
2
2.11808
1.84028
1.81518
2.26587
3.09957
2.2242
4.24706
2.092
1.74603
2.0458
2.36
9.35833
2.83212
2.08911
2.412
2.20863
3.91026
2.26054
2.02652
2.44776
2.72574
2.22541
1.8155
2.1087
0.337438
2.42202
2.2037
2.05179
1.41434
2.53846
2.46209
1.64401
1.27863
1.48947
1.69057
2.82374
2.2987
7.83071
2.657
2.23415
2.35379
2.92929
2.34982
2.35581
2.73488
2.84211
2.49174
2.65649
2.37308
2.49321
2.00398
0.37415
1.78882
1.92366
2.7012
2.41277
2.26766
2.21293
1.63467
1.83203
2.26644
2.172
1.98485
1.98819
8.51667
1.72039
2.32155
2.06934
1.93776
2.88017
1.89888
2.65693
2.25781
1.48905
2.49189
2.124
2.39056
7.10727
2.20833
2.16532
2.79151
2.41603
1.44582
1.85609
2.45565
2.21959
1.98545
2.1441
2.2
2.19414
6.19408
2.85567
2.35461
2.72678
2.21595
3.03226
1.65339
2.57854
2.96396
3.32759
2.05461
3.75234
1.62187
6.73793
2.39565
1.36685
2.52361
1.88168
1.79322
2.26772
3.92553
2.57258
2.58874
1.54348
2.41778
2.8169
2.06294
8.50211
1.62132
1.71774
1.86525
2.50204
2.41455
1.15169
2.32618
2.528
1.47638
1.87547
2.6449
1.86891
2.00806
10.4813
1.89877
2.57589
1.34354
2.50617
1.9381
1.83083
1.60932
2.14458
2.26389
2.04545
2.30328
2.49237
2.05078
9.85849
3.29434
2.14173
1.98125
2.44574
2.213
2.85024
2.27007
4.01538
1.34615
1.67857
2.6824
2.89167
13.6738
1.44109
3.86286
2.86607
2.41328
2.17904
2.13866
1.61132
1.95254
1.65217
2.15538
2.55455
1.59426
2.17073
11.4712
2.95896
4.25
1.89209
2.13653
3.21759
3.14027
2.40741
2.03249
2.49805
1.76568
1.87712
2.2657
0.400659
2.29104
2.20833
2.46713
2.13386
2.16165
1.93863
2.8412
1.73358
2.23228
3.28495
1.20062
9.2395
3.26582
1.59365
2.66418
2.16732
2.11064
2.8932
2.3278
1.73477
2.33115
0.953488
2.0948
2.42748
1.70833
8.96653
2.24074
2.55144
2.65471
1.73381
2.22892
2.52124
1.8
1.69876
2.36667
2.01672
1.83688
2.34815
7.21898
2.09241
1.99283
1.71148
1.94737
2.67857
1.84307
2.78804
2.0453
2.99597
1.83206
3.2551
1.70886
1.81495
0.340097
1.87931
3.08
3.52941
2.59236
2.11273
2.62621
1.76308
1.66803
2.38249
2.21094
1.7343
2.97115
2.27711
0.343006
2.17526
2.25899
1.89474
2.50417
1.43866
2.58442
2.38696
1.89199
1.68824
2.42241
1.88803
2.23529
1.41228
0.443994
2.01969
2.10309
2.95167
2.52915
1.79412
2.38288
3.09884
2.32549
2.34703
2.88506
1.5209
2.41502
14.4718
2
2.1391
3.09449
2.06757
1.60323
2.46748
2.81564
3.03543
1.70386
2.05283
3.2987
2.31455
1.86957
7.33803
1.33969
2.5122
2.25185
2.75472
1.66972
1.90135
2.31064
2.86784
2.83268
2.61111
3.11066
3.12227
7.22015
1.61268
1.75
2.73828
2.80973
2.33333
2.17204
1.76431
2.32589
2.73276
2.28309
3.05752
2.29242
7.11644
2.34335
4.53077
1.94465
2.32377
3.86777
3.41667
2.12766
2.98039
2.45133
1.9959
1.71731
1.6
2.71886
10.6344
1.89754
3.50435
2.34091
2
2.43038
3.50273
2.56154
2.4958
2.44355
2.04924
2.19424
2.49213
9.84103
1.88727
2.32258
2.68224
1.75102
2.14786
2.12545
2.39914
3.54124
2.61682
2.01674
2.80342
2.38095
2.30698
9.12946
3.41038
2.62454
2.2479
1.76955
1.25072
1.59055
1.87692
2.55357
1.84502
2.21461
2.2179
2.31907
1.39877
8.82589
2.60392
3.50893
1.95156
1.91608
1.83544
2.11067
3.38554
2.20642
2.21116
2.13141
2.70902
2.46696
12.8165
2.31799
1.75214
1.14626
2.21166
2.46383
2.76042
1.77143
2.9375
2.23789
2.32313
2.535
2.33784
2.36331
7.62128
2.79535
3.2029
2.18972
1.51825
2.79907
2.07306
2.03629
3.61224
2.38583
3.82581
2.55066
2.10329
1.46707
9.90526
1.4795
4.0565
2.26639
2.38525
1.36554
2.03604
1.66415
1.83043
2.4083
2.06639
3.91011
3.11207
2.75697
0.361264
1.32432
4.53271
2.44551
2.08607
3.44615
2.5272
2.02066
1.60784
1.92647
2.88393
2.11064
2.34112
7.97581
2.18257
2.22764
2.45726
3.35945
2.21801
2.5443
2.16878
2.07004
2.81735
2.10909
1.39009
2.62097
7.89139
2.22609
2.89604
2.18595
2.57563
2.83568
2.06855
1.31507
2.56908
2.18966
2.85408
2.45525
2.22936
2.65049
0.32209
1.9622
2.56159
2.27237
2.82645
3.5
2.57143
3.10811
1.91554
1.92766
2.55856
1.91367
1.53704
8.09486
2.66562
2.15126
1.91497
2.53992
2.82812
1.77308
2.78947
2.39044
2.2278
2.8658
2.16803
2.41262
0.33
6.18349
2.5
2.43123
1.72945
1.52299
1.80153
1.56159
2.03571
1.65543
1.69388
2.67068
1.66535
1.63696
0.424107
2.34894
3.04405
2.63203
2.47893
2.15686
1.83846
1.90977
1.68439
1.14189
1.19
2.26154
2.62348
6.31447
1.76389
1.75665
2.01329
2.38492
1.9789
2.86047
2.27234
2.324
2.4978
1.68421
1.76534
1.51971
1.93227
1.84247
0.392007
2.48333
2.82305
2.78319
2.51402
2.69038
1.50699
1.47249
1.98381
2.01389
1.88618
1.62409
2.07224
9.59908
3.11932
1.97849
1.9777
4.34568
2.45693
1.94444
1.90514
3.83486
3.55729
2.18972
2.32432
1.71536
2.67005
7.17557
2.73707
2.03169
3.14835
2.95392
2.23592
2.45852
2.615
2.45421
1.94953
2.39035
2.12442
1.98127
6.78716
2.37915
2.20423
2.86134
2.11742
2.49565
2.21359
2.2753
2.34231
2.30841
1.60586
2.37218
1.55357
1.61538
0.334821
2.82843
2.2625
4.525
2.85043
2.11191
1.72101
2.28041
1.90805
2.06375
2.77917
2.24028
2.18884
6.70455
2.33071
3.23267
2.03704
2.44889
2.23954
2.45259
1.52419
1.40125
2.28231
2.03433
1.95385
2.03953
1.84615
7.9879
1.44326
1.26056
1.35145
2.67227
2.27969
3.11588
2.61644
2.62771
2.84422
1.78261
1.97306
2.14453
2.25597
6.20743
2.985
2.09524
2.08633
3.12719
2.32735
2.47317
2.21262
3.09048
2.03704
2.38628
1.55598
2.30041
10.686
2.36508
2.30126
1.6705
2.2766
2.25203
2.49099
2.99184
3.14078
3.42442
1.7326
2.82412
2.25234
2.29365
9.00909
2.1564
2.11832
3
2.27692
1.692
1.74609
2.64878
2.09091
2.40418
2.18113
3.03409
1.67254
1.58594
7.10309
1.9761
2.14672
2.48696
1.91797
1.77978
2.92544
2.57604
2.67021
4.4717
1.41634
1.85971
3.04878
3.01942
0.229878
1.33529
2.38603
1.40084
2.056
1.81855
1.77481
2.59694
1.96429
1.82231
2.75949
2.62069
2.49587
2.00422
8.18672
2.43986
2.36441
2.0991
2.26154
2.12658
1.9053
2.23162
1.54475
2.24675
1.79401
3.14768
2.33574
2.204
0.418478
1.67982
1.58333
2.65728
1.50625
2.55189
2.76147
2.1822
2.55426
1.58054
2.16786
2.40816
3.09231
1.34824
0.537594
1.78598
2.57708
1.78571
2.3125
2.98374
1.84892
2.42667
2.63111
1.91892
1.99556
2.27915
1.55882
7.81301
2.0211
1.81882
1.91321
2.4918
2.59031
2.87234
1.67208
2.63594
2.24419
1.71478
1.97509
4.66061
1.22561
6.84354
2.29965
2.34272
1.45152
1.95357
1.9375
1.829
2.78088
2.18519
2.29707
1.83062
1.85433
1.70608
2.09434
0.322638
1.65041
1.92568
2.36681
2.09589
3.27869
5.19048
1.93878
1.87395
1.74627
2.71951
2.50732
2.6861
1.96474
0.360222
5.38028
3.28571
1.42857
2.15415
3.76378
2.06714
2.41176
2.25333
2.03422
2.06429
3.86861
3.23967
2.12987
0.396739
2.10584
4.64789
2.43529
2.38079
1.81655
2.48729
2.02979
1.83766
2.85514
2.02756
1.54118
2.48592
7.99609
1.84328
1.53872
1.54196
2.87719
2.2
1.47445
1.729
1.74074
2.0424
2.17647
2.20614
2.21959
1.51342
0.432292
2.12222
1.89516
1.41765
3.0885
1.44074
1.17219
1.12426
2.05455
2.184
1.9788
2.04065
3.29787
1.72078
0.407967
2.10714
2.26071
2.39919
3.97581
3.945
1.82114
1.69831
2.95217
2.64231
2.62821
1.74118
2.21457
9.95495
1.68045
2.62097
2.11523
2.03721
1.79643
1.61538
1.83077
2.46903
2.46403
2.68794
1.71777
3.09434
2.00442
0.327381
3.09217
2.17621
2.47959
2.0632
1.91429
1.9927
3.11719
3.93923
1.58364
2.20392
2.20276
1.67241
8.38039
2.65306
2.4
1.98031
2.07116
2.58167
2.59592
1.53388
3.24638
2.36614
1.86531
1.35831
1.45455
1.72598
0.375812
2.3037
2.06122
2.57692
3.38608
1.93694
2.43629
3.08333
1.648
1.77895
2.82824
2.50826
1.65278
8.2621
2.12174
2.9115
2.57634
2.56846
2.47945
1.61658
2.76818
1.84946
2.74222
2.41406
1.97426
1.8677
5.77843
1.32407
2.03614
2.45977
2.11111
2.54709
1.16864
1.6587
2.18021
2.39764
1.92143
2.45714
2.9797
2.93237
9.19417
2.02954
2.89167
2.02294
2.38596
2.06061
1.31662
2.64435
1.97464
2.97674
2.74046
2.57255
2.18631
2.3299
0.516369
1.67407
1.95819
1.78056
1.82569
2.24286
2.225
2.62617
1.95714
1.87854
2.51707
1.66016
2.40684
6.79252
4.28387
1.43465
2.82031
1.84249
1.70508
4.15436
2.15357
1.86047
1.97233
1.9513
1.26708
2.16116
2.9685
0.356456
2.4633
2.22222
1.04467
2.04186
2.05462
2.09818
1.32075
2.59751
1.68889
3.34078
2.11189
2.40551
10.0047
2.42233
2.30603
2.27304
2.48198
2.01465
1.7551
2.19476
5.36937
2.32258
2.01544
1.53185
1.90498
1.98355
8.375
2.444
1.35714
1.89157
1.9108
2.84305
2.30172
1.92333
2.52174
2.03774
3.15534
2.35484
1.91722
2.39834
8.44068
2.89575
1.46541
2.40249
1.86722
1.932
2.18519
2.54651
2.91398
1.72015
4.82796
1.78154
1.67766
8.53138
2.21569
1.69288
2.13793
1.43768
1.98195
1.86275
1.81081
2.39922
1.62373
2.10569
2.92544
3.21364
1.80321
0.625
2.76404
2.17749
1.86752
2.4
1.81509
2.26119
3.89937
3.19718
2.25735
3.0307
1.7108
3.02643
0.280417
1.88013
1.80843
2.25188
2.4585
2.07059
1.70751
1.79288
2.3913
2.89113
1.34926
1.29752
2.8565
7.34766
2.22255
1.61724
2.00369
2.52609
1.61947
1.92308
2.88517
1.83142
2.29615
1.70161
1.85993
2.22264
2.44813
8.78855
2.04255
2.90355
1.75758
1.75261
2.77122
1.82278
1.86111
2.65441
2.61792
1.95222
2.284
2.40316
7.38686
3.46237
2.10965
2.8731
2.13178
1.804
1.87712
1.54167
2.80095
1.93625
2.63273
2.84305
5.48462
1.43346
7.54737
2.7963
2.22177
2.07491
2.18623
1.84
1.97333
2.21779
1.96063
2.14286
2.01613
4.07639
3.47273
7.42308
6.35235
2.93156
2.08171
1.89922
2.16544
2.05263
2.4
2.64904
2.36404
2.20085
2.42915
1.80085
2.96135
2.96861
0.313364
2.53012
2.97826
3.32692
2.9803
2.44398
3.75362
2.33459
1.75646
4.42953
1.48921
2.0339
2.23887
8.85778
1.17514
1.74096
1.93182
2.61883
1.41457
2.93171
1.5121
2.04435
3.15
3.51282
2.09964
1.92437
1.29947
6.94776
1.85467
2.09848
2.31128
1.96947
1.64639
2.40845
2.21327
2.07829
3.07282
2.44495
2.25203
2.70161
2.90995
9.33654
2.89394
2.32766
2.42798
2.08203
1.95038
1.80323
1.64683
2.31452
1.99611
1.88462
2.37838
2.73333
2.95982
8.10044
2.06439
2.49383
2.53462
2.97143
2.64732
3.69347
2.19167
2.98901
2.52282
2.02778
3.18571
1.71661
8.42009
2.40909
2.58798
1.87919
2.1124
2.33333
2.73307
2.73606
2.13806
1.65591
2.14074
1.60153
1.94224
2.50394
0.498299
3.6039
1.85811
2.19531
2.50847
2.78279
2.50376
2.49174
2.76995
2.68683
1.8403
1.86973
1.43019
7.36029
3.36082
2.21509
1.94444
2.54709
1.34831
3.29524
1.57958
1.89683
2.42373
2.68254
2.28972
2.47748
2.30088
10.5131
1.68145
2.66792
2.1746
2.74882
1.46245
2.12146
2.00758
1.86667
2.50806
1.91373
2.15589
2.44922
3.87952
9.39614
1.5
2.00844
1.87781
2.36957
2.19435
2.0696
2.5256
2.11552
3.86486
2.44813
2.33482
1.89928
3.18333
0.393018
3.19106
2.07009
2.37594
3.62553
2.74348
3.26396
2.30864
1.4845
2.46538
1.78
2.39147
8.3375
3.08416
2.3254
2.33171
2.39231
3.94253
1.82963
2.77477
2.56452
1.73585
1.09934
2.02583
2.4322
1.88406
8.16034
1.89527
2.24324
1.74818
2.42366
2.75893
2.07661
2.48606
2.40271
2.56489
2.63801
2.37594
1.86047
8.88412
3.89655
2.13718
5.36975
1.87943
1.79927
1.33828
2.71028
1.60345
3.7006
3.06195
2.03734
2.20818
2.56299
7.2594
2.50442
1.77444
3.79866
2.71705
1.68966
2.12205
2.16974
1.84436
1.85512
2.88235
2.29958
1.71739
2.09653
6.83784
2.41975
2.31532
2.99115
2.20392
3.27027
2.61187
2.59296
1.8129
1.86312
1.47872
2.43182
2.27848
2.22337
0.341875
3.95492
1.85502
2.2093
2.99425
1.92391
2.71028
2.25
1.22628
3.16594
1.88764
2.57661
2.17193
0.558333
1.69799
2.35808
1.83162
2.31878
2.33708
2.74479
2.66376
3.79661
2.38735
2.24585
1.95635
3.08661
7.54317
1.53047
1.68914
1.5375
1.67208
2.77434
2.7562
2.655
2.13652
1.81818
2.20611
1.34524
2.31925
1.96512
0.484472
2.27519
1.59441
2.55285
1.68627
2.70813
1.93609
2.13546
2.94142
1.98824
2.12409
3.83333
2.31317
9.7561
1.55116
1.53082
2.66265
3.19178
2.63821
2.12069
2.43462
2.05833
1.93537
2.44097
2.44565
1.7482
6.8556
3.62733
1.83884
2.01852
2.79907
3.97283
2.05469
2.38996
2.79921
3.77011
1.86992
2.32
1.90496
2.23077
7.97266
2.38532
2.51969
1.84466
2.04135
2.82547
4.73636
2.29412
2.30508
1.87313
2.03143
1.9186
2.12757
3.06311
7.88889
1.87216
2.16092
1.68662
1.95221
1.61404
1.43963
2.17447
2.1046
2.47087
2.93855
2.58635
1.81102
2.33688
0.346561
2.47788
2.97664
2.45387
3.66092
3.04484
1.62868
3.61137
2.78571
3.06218
2.22936
2.09362
1.60687
7.12915
1.91803
1.36043
1.8755
2.55155
2.17409
1.57258
2.27037
1.82266
2.76892
1.76271
1.6039
1.76395
2.10256
2.99524
8.32018
2.30916
3.02183
2.24286
1.75433
2.17992
2.26937
0.841076
1.91481
2.17358
2.25751
1.85496
1.86142
2.172
8.62869
1.98755
2.01779
2.39033
2.5022
2.38224
1.48084
1.89262
1.44718
1.53873
1.10909
1.63333
1.86774
2.02768
0.379699
2.04651
2.00749
1.625
2.09836
1.37681
1.56897
2.12741
2.23297
2.21339
2.35849
2.63745
2.14493
8.47107
3.50909
1.79715
1.76015
1.75686
2.28287
2.28261
4.2585
2.65909
2.83197
2.03236
1.6337
2.20992
2.40234
0.407526
2.09266
2.95021
2.04332
2.62692
1.91003
3.51648
3.3211
2.61187
2.56126
2.5942
1.96694
2.064
0.447802
2.67373
2.64093
2.22083
2.87645
2.07011
2.33597
2.86344
1.97244
2.21154
1.83051
2.68557
2.4
8.95261
2.21901
1.97611
2.12268
2.46988
2.73622
2.19763
2.8625
2.35656
2.56757
3.82174
2.31984
9.73077
3.16471
2.48333
2.24889
2.45985
2.93798
2.83
1.52564
2.86066
1.99658
1.96032
1.97436
2.06504
1.80515
8.11345
2.10394
3.36967
2.17857
1.95851
1.57706
2.20849
1.58333
1.58491
2.08429
1.72222
2.96847
2.20736
1.85985
7.95219
2.44954
2.30213
2.3375
2.23881
2.18072
2.35628
1.8365
3.36893
2.62595
1.85141
2.1992
2.99149
7.95161
2.17978
2.28629
2.16863
2.8134
2.57522
1.79532
1.63091
2.73113
1.7153
2.78545
2.15041
2.05128
1.63036
0.474107
2.01718
1.99668
2.19919
2.66379
3.00476
2.28352
2.6627
3.05056
1.99696
1.04439
1.71385
2.67742
0.473602
2.38462
2.29098
1.96899
2.99231
2.37234
5.07258
2.27419
2.5229
2.39015
2.2
3.18142
7.25887
4.07071
1.57143
3.60976
2.07063
2.56195
1.72204
2.51695
1.71786
1.70703
2.02105
2.37273
1.67939
2.19831
7.99608
3.33333
2.48193
1.93939
1.98819
1.84946
2.28293
1.57721
2.3308
2.67337
2.31076
2.85652
3.08649
1.61181
0.544643
2.21094
3.2
2.2201
1.97233
1.80063
1.66058
3.62048
2.56796
1.72727
2.68246
2.12595
1.75964
8.35776
2.67871
2.1828
1.97388
2.29851
2.54378
2.625
2.22088
3.3211
2.47345
2.49345
2.01569
2.0155
1.49864
0.475
2.17978
3.00392
1.68145
2.36201
2.63366
2.33333
2.05351
2.33858
2.07874
2.64115
2.304
1.56081
13.24
1.23793
1.4771
1.47945
2.22222
2.3037
2.16444
2.95169
2.6627
2.35714
2.27459
1.875
2.33607
1.52837
0.505357
2.74178
2.251
2.17339
1.65603
2.55242
2.48106
1.74101
2.55061
2.00743
1.15152
2.51304
1.99623
7.12281
1.96484
2.2437
1.89362
2.4596
2.63507
1.8249
2.58367
2.69027
2.50209
1.80451
2.82128
2.39267
1.29091
6.5
2.89617
2.11494
1.88621
2.23849
2.92593
3.65094
2.72624
2.04923
2.06742
2.37374
2.6758
2.30385
3.10748
0.404018
2.05536
1.84211
1.84109
3.13966
3.07447
4.87234
2.45494
2.51779
3.9469
1.85606
1.95517
1.60392
7.42164
1.92887
3.30653
1.91724
1.62057
2.05282
3.47486
3.85405
2.25
1.9854
1.54895
2
2.49077
7.79348
2.00743
2.56954
1.79179
2.2119
2.6383
2.3037
2.24555
2.2674
1.84892
2.108
2.08015
2.25439
9.53774
2.16988
2.18033
1.64407
1.41135
2.48134
2.31004
1.81887
2.23664
1.76
1.68127
3.39888
2.19231
1.76426
8.54911
1.60498
1.38217
2.48718
2.08065
2.68878
2.59004
2.34884
2.92195
2.19928
2.301
3.18908
2.01091
2.31321
0.470536
2.39224
1.56985
1.45946
1.9396
2.34572
2.15476
2.71292
2.01901
2.50787
2.048
2.46392
1.89494
2.47685
0.371811
2.74262
3.26106
1.89247
2.26087
2.71429
1.97865
2.76995
2.50813
1.50498
1.84674
1.68
7.44828
3.15217
2.83607
2.625
2.41852
2.18113
2.18812
2.0315
3.25296
1.99621
1.76758
2.34572
2.2735
8.08547
2.42126
2.0996
2.25097
2.93191
1.92029
2.05
1.68391
1.90102
2.07424
3.34545
2.82418
3.17453
1.95257
0.492236
1.84953
1.92473
1.66058
2.10182
2.59694
2.70536
1.09538
2.52326
2.66802
1.86897
2.09191
1.98649
6.47883
1.76873
2.47807
1.32734
1.39514
2.288
2.00816
1.89667
2.36398
1.75812
2.18072
3.0093
1.78716
1.63707
6.81293
1.64565
1.31818
3.33498
2.09032
3.04219
2.6
2.32389
1.90222
2.03759
2.13504
1.3534
1.78136
0.349242
1.80408
2.69176
2.9083
2.70792
1.81181
1.83094
1.50904
2.36574
2.44068
1.75
4.57025
1.80972
2.27881
0.357143
1.92181
1.91837
2.26667
1.81783
2.39912
2.14859
3
2.16529
2.25197
4.8
1.33893
1.62545
2.82833
7.49383
1.36066
1.66984
1.50649
2.08065
3.03731
1.43214
1.58214
2.14841
2.09677
1.41264
2.56784
1.88814
2.29918
6.96831
1.98917
1.875
3.27861
1.68199
2.51136
2.67054
1.69065
2.01633
1.47931
2.15111
2.44534
2.54406
2.49138
0.397857
1.8037
1.936
3.11574
2.34643
2.41985
2.64074
1.98993
2.49412
1.777
2.251
1.70909
1.83951
7.35686
2.00851
1.95
1.76136
1.41212
2.38828
2.38722
2.29699
2.38211
1.6773
2.65193
3.63699
2.20463
3.36364
0.412698
2.19106
1.38828
2.9894
2.62121
1.61742
1.91729
2.43103
1.87697
1.25
2.28862
2.14468
1.91636
8.19917
2
2.09025
1.57878
4.88112
2.10075
2.32479
2.25688
2.95135
2.17803
1.58491
2.05155
2.63669
1.89451
0.358571
2.2521
1.84775
2.77344
2.7459
2.53846
1.95255
2.18327
1.829
2.44771
3.07109
2
1.98201
0.38474
1.86707
3.14444
2.25882
2.13879
2.1087
1.93562
1.76433
1.85556
1.73171
1.98655
1.75357
2.05415
2.26293
0.291872
2.13636
1.69388
2.38496
1.87228
2.20093
2.59043
2.07885
3.02966
1.48958
1.54517
2.06098
2.67623
7.57692
1.94815
1.88679
1.81154
2.31349
2.25346
1.86742
2.35747
2.2428
2.33772
2.22088
1.57255
2.41126
2.10667
2.992
0.341518
2.05204
2.36975
2.40075
2.29358
1.53737
2.61569
1.97244
1.2724
2.01946
2.56693
1.58647
3.12105
2.0902
0.352891
2.65157
2.64198
1.97819
1.71942
1.88158
2.40708
2.14407
2.46429
2.31111
1.59829
2.16087
2.38168
11.1006
2.51899
2.02151
2.29528
2.13492
1.33824
1.94444
2.58547
2.05837
1.93502
2.19084
1.55944
1.99625
1.71429
7.24911
2.56075
0.886256
2.12195
2.27304
2.16279
2.42182
1.52893
1.70625
2.42164
1.02885
3.2549
1.98658
0.328984
2.17193
2.29508
3.36548
2.70565
1.87029
3
2.81356
1.94118
3.39623
1.62338
2.51648
2.15451
7.94715
2.23929
1.94163
2.14919
1.86792
2.16078
2.22768
1.38629
1.46565
2.4978
2.81048
2.45299
1.58909
1.71769
6.96057
3.42922
1.80734
2.79464
2.52083
1.91057
1.60201
1.61688
2.32203
2.78903
2.38272
4.10738
2.24171
2
9.81683
1.96708
2.54113
2.39706
2.5057
2.46444
2.3195
3.0332
1.78014
1.9069
3.78363
1.68231
2.42045
2.20732
0.5
1.70189
1.95255
2.24427
2.03953
1.9588
1.84043
1.2803
1.81579
2.62595
2.13889
2.57787
2.01779
5.5831
2.80531
2.1107
2.96552
2.29643
2.723
2.24786
2.07631
1.51183
1.74725
2.34375
4.32432
2.1751
8.51293
2.47773
2.53214
1.80797
2.24686
1.9368
2.24549
2.41739
2.46729
2.05639
2.29213
1.65544
2.60965
7.43019
1.84825
1.53527
2.20087
2.32222
2.3
1.65625
1.60938
1.49306
2.29412
4.20904
2.60153
2.36948
2.60177
7.33712
1.58599
2.6965
2.27586
2.3102
1.4744
3.35323
2.32035
2.04943
1.54181
2.21071
2.11111
2.67188
1.94231
7.99119
2.4292
2.77293
1.57692
2.28629
2.11462
2.30085
3.02927
1.85978
1.96154
2.50758
2.03774
2.21812
5.52778
0.338902
1.8913
3.46774
2.56444
1.87956
2.63784
2.45492
1.73469
2.02362
2.74684
2.10432
2.14695
2.29658
10.4158
2.48276
1.6278
2.20588
2.136
2.03863
2.264
2.62605
2.13008
2.55755
2.2803
1.85141
2.8189
7.52555
2.04472
1.17615
2.46491
1.81017
2.42322
1.60772
1.76667
2.0535
2.27165
2.09717
2.53788
2.63235
1.79412
9.71859
1.84466
2.23182
2.17391
2.04965
2.13333
0.983784
1.65244
1.94378
2.71348
2.62009
3.14356
2.40408
2.23651
8.58547
1.87149
2.57416
2.71304
2.52518
2.16605
2.12195
1.69097
1.53817
2.04811
2.64773
1.88435
2.27119
7.47445
2.23077
2.27347
2.4951
1.925
2.30544
2.59438
1.71324
1.7603
2.35321
2.11268
1.88095
1.85034
2.55797
7.33929
3.13514
1.5322
1.55921
1.40149
1.74729
2.54867
1.69355
2.07234
2.35656
2.43137
4.58721
2.15498
1.60166
7.46209
2.11706
3.9422
2.31818
2.22101
2.67391
1.70093
2.26126
2.5
3.24365
1.44565
2.35017
2.36641
7.57509
2.41951
2.12453
2.26639
1.59809
2.82039
2.63721
2.47893
1.98885
2.5314
3.32877
2.48148
2.82609
1.84727
8.80435
2.63274
1.59245
2.47917
1.73984
2.03704
2.1893
2.08756
2.37288
1.9262
2
3.08
2.67943
1.48773
1.84477
0.316429
1.74576
1.54082
2.08571
3
2.08302
1.88189
1.94531
1.38
2.15354
1.7478
2.16423
2.88235
7.73684
2.51899
2.03663
1.80277
2.59671
2.19173
1.3267
1.944
1.65979
2.10033
2.93264
1.85235
2.83186
2.21397
0.352976
3.81921
1.75316
2.56398
2.02555
2.70412
2.38023
2.87615
1.65441
2.12414
2.375
2.88393
1.90476
6.67677
2.00816
2.22174
2.0479
2.42636
3.24797
2.85
2.17045
2.07925
2.32057
3.63694
2.61207
1.91636
8.42276
1.8806
1.75794
1.90074
1.38066
1.88158
2.46341
2.4
2.95939
2.43404
2.00348
2.21963
2.08537
1.95286
6.30392
2.10545
2.37321
1.95122
1.96591
2.03731
2.20921
2.8419
2.07143
2.61842
2.25614
2.11525
2.7957
5.74425
2.45525
2.26378
2.23673
3.19192
2.60889
3
1.72868
2.38722
1.95703
2.55649
2.16197
2.04138
6.63666
3.21111
1.40909
2.15901
1.81985
1.7138
1.84615
3.355
2.07143
2.46288
2.36759
1.51546
1.26531
2.06562
6.94982
1.67266
1.73022
2.2161
2.10943
1.8319
2.28636
2.56277
1.62199
5.325
1.58273
3.61579
2.04089
2.24138
7.56574
3.4939
3.10185
3.13778
2.24153
2.17969
1.52297
3.10612
1.88737
2.41975
2.68379
2.62753
1.9573
8.16735
2.57627
3.11894
1.90941
2.31615
2.54348
2.06667
1.94915
1.77027
3.93985
2.21988
1.74576
2.23308
2.0708
0.454887
3.24873
3.05761
1.85448
1.85878
2.65217
2.24535
2.26596
2.76959
2.16667
2.94545
2.11579
2.93665
0.333333
2.11702
1.56851
1.78397
2.88991
2.1383
2.24803
2.32171
2.65613
2.35294
2.27586
1.97834
6.92857
2.81193
1.68978
1.81641
3.03191
2.53556
2.6
1.85837
1.42754
1.88983
1.87162
4.82812
2.20377
2.57934
8.12227
1.90265
1.71374
1.87023
2.74786
2.15086
3.24299
2.66667
1.46275
1.95904
2.32189
1.93312
2.32331
1.53691
6.98936
1.63732
2.28214
2.38214
3.2
2.24088
1.67782
1.95019
3.55263
2.08679
2.26496
1.91429
1.88475
7.40304
1.53785
2.29365
3.13084
1.8587
2.32941
2.22593
1.78689
1.72759
1.85484
2.00617
1.70292
2.61864
1.75
0.50085
1.81752
1.89272
1.93625
2.17339
2.42642
1.77021
2.58904
1.97872
1.95489
1.54138
1.8479
2.16667
2.1
0.271763
2.30196
1.92405
2.13725
2.18996
1.62724
2.32922
2.07774
2.35955
2.26165
2.45652
2.18217
2.63899
11.5288
3.27869
3.11554
1.98729
2.6652
1.9404
3.32843
2.57083
2.288
2.21603
1.95181
1.63279
3.89444
0.31369
2.47794
2.46154
3.6135
2.25385
1.69649
1.70569
2.23396
1.78926
2.01227
3.15819
1.2303
2.15672
7.21356
2.16544
2.15086
2.72165
1.55486
2.06115
2.33829
2.0766
1.92511
1.81338
2.32895
1.87948
1.84892
2.31716
0.488946
3.07619
6.36275
1.86047
2.20968
2.87209
2.01852
2.56746
1.88629
2.09259
2.61966
1.9876
1.92424
7.6988
1.80612
2.79012
1.77778
4.09581
2.10757
1.92353
2.64192
2.31579
2.37097
1.80782
4.15385
3.72903
8.2716
1.76408
2.27559
2.0625
2.38235
2.41045
2.61983
2.70952
4.03704
2.21887
2.65476
1.94096
2.27317
5.89841
1.70588
1.98707
1.48473
2.39623
1.79757
1.74476
2.71472
1.54198
2.04615
2.335
2.43802
2.50787
1.68978
2.50218
0.39881
2.63721
2.26573
1.71119
3.28319
2.19617
1.8097
2.14483
2.12143
2.07113
1.91519
3.07826
1.90942
8.26337
2.17871
1.69853
3.02899
2.38951
2.2974
2.776
1.88496
1.57015
1.70079
1.97021
1.53642
1.72611
1.69828
9.55276
2.1048
2.20089
2.37281
1.57192
2.32889
2.25101
3.61585
2.57676
2.01619
1.42384
2.35714
1.9272
3.09583
7.96234
1.84
2.22273
2.72131
1.78723
2.37931
1.96715
2.70792
2.10569
1.67803
2.16736
3.2069
2.19531
1.51678
6.40878
2.09712
2.18644
1.99167
2.01533
2.83406
2.67647
5.74603
1.54775
2.37333
2.06299
1.83065
2.24176
2.24706
0.414541
2.19784
1.77743
2.77075
2.72464
2.22628
1.52419
2.2974
2.28676
2.27863
2.41152
1.50658
2.03239
8.24291
2.5037
2.28685
2.15789
1.70909
3.78235
2.27586
2.65714
2.148
2.93427
2.52727
2.10442
2.45848
6.9375
2.58955
1.91729
1.91411
2.1931
1.95019
1.57455
1.33333
1.87273
1.89199
1.8746
1.57194
2.38009
1.74653
0.434253
2.38326
2.86473
2.46667
2.21591
2.26027
1.9246
2.10776
2.30279
2.77303
1.89328
2.43882
1.89888
7.46032
1.88779
2.31579
3.83824
2.56034
2.5041
2.67742
3.09544
2.59363
3.42784
2.00758
2.14074
1.82768
0.354592
2.60076
1.74194
3.15649
2.36782
4.54658
2.81624
2.33636
1.62169
2.63525
2
1.94268
6.93426
2.22131
2.23894
2.48908
1.48267
2.50549
3.40306
2.20557
1.59683
3.1036
2.09125
1.7156
1.74267
8.39184
3.02703
2.468
2.14706
1.85047
1.85944
2.35985
1.62931
2.71429
2.39015
2.84706
2.73077
2.53629
8.66109
2.19164
1.71841
2.93827
1.86404
2.30859
1.89313
2.12556
3.13426
3.02193
1.6654
2.28235
2.52439
2.56034
8.47863
1.86567
1.87943
2.62245
1.76375
2.60938
1.96629
2.06275
2.11489
2.60627
1.91221
1.92157
1.75415
1.1337
0.566071
2.73228
2.05517
1.81915
2.81193
1.77737
2.083
3.79245
2.53846
5.59677
1.73529
2.48361
2.89952
6.7557
2.33206
2.17155
2.60317
2.208
1.68248
1.99611
1.61635
2.42051
3.29167
1.72112
2.22619
2.18148
3.30168
0.289627
2.39827
1.85833
1.92933
2.89908
1.87931
2.69484
2.20472
1.848
1.80349
1.55655
1.71713
2.13879
1.4404
0.453869
1.57692
2.784
2.21277
2.75285
2.49138
2.55294
1.94091
2.09677
1.95268
2.78889
1.31801
7.97004
2.10847
2.10108
2.78537
2.30717
1.77061
1.99138
2.04721
1.78138
1.45401
2.45
1.84452
1.57053
1.861
8.92453
1.87347
2.15254
2.25283
3.45503
1.54516
3.06667
2.94819
2.27068
2.30242
2.16781
3.95074
1.6962
1.84211
0.387857
1.95533
1.3689
2.42174
2.65072
1.85965
2.9345
2.44238
2.95142
2.30315
2.05118
2.26446
2.44404
0.332512
2.17603
2.45333
1.93458
1.52962
2.72294
2.78307
2.35
1.79675
2.28322
2.5
2.1073
2.18595
2.68304
0.366071
2.63889
3.20779
1.89904
2.00781
2.32174
1.85366
1.78964
1.66452
2.08434
3.45852
1.74427
2.00344
8.16471
2.06019
2.58009
2.23913
2.16466
1.77075
1.59926
1.80802
1.82857
2.01581
2.04348
2.30804
1.81685
1.88055
1.54895
0.334975
1.60751
2.42387
2.79848
1.94882
2.25926
2.13428
2.37383
2.56296
1.94526
2.1129
2.04762
1.92982
3.34308
2.34667
2.51852
2.27119
2.90717
3
1.72034
1.64184
2.0036
2.128
2.02564
1.67949
2.36937
1.68978
8.63559
2.06296
1.74812
2.58065
1.57093
2.07744
3.07767
1.61672
1.57664
1.41791
1.57538
2.8271
3.71429
2.0885
7.35231
1.86694
1.37892
1.58609
2.65829
1.62406
1.35083
2.04364
2.67606
2.22222
2.0897
1.73852
1.81962
2.76623
0.453818
3.09417
2.16791
1.56908
3.33155
3.84076
2.32203
2.60851
2.1244
1.64856
2.75936
2.51515
3.62222
6.71223
2.17883
2.78632
2.62288
2.16667
2.30739
2.40833
2.18943
1.98462
1.93511
2.82843
2.66393
2.43673
8.45267
3.55233
2.16996
2.02593
1.8355
2.54183
2.48302
3.19403
1.53691
2.46643
2.22581
2.8894
2.0262
2.4669
0.277811
2.39631
1.32792
1.84766
2.05221
2.30435
2.47521
3.6
2.16216
1.86184
1.59023
1.23448
2.0722
3.00769
9.81897
2.01476
1.72619
2.32453
5.57627
2.76344
1.88851
2.01087
2.1681
2.25103
2.43103
2.33641
2.37722
6.20513
1.70175
3.5045
1.71084
2.20465
1.67093
2.28319
1.95714
2.19435
2.10465
2.11258
2.90431
2.12613
1.60542
0.415373
1.7722
2.14
3.25628
1.76113
2.61538
1.9881
1.43143
1.91892
1.60305
2.21739
1.70388
1.67089
2.04811
0.457589
2.7757
1.8366
1.4072
3.35714
1.23022
1.73333
1.32836
1.29448
3.46073
2.6549
2.47451
2.90152
0.374113
2.0042
1.70896
1.46615
4.50725
2.08852
1.53125
1.77328
2.06773
1.70303
1.68923
1.78873
2.41129
6.80216
3.15726
3.41885
2.1992
2.45076
1.99666
1.94828
2.98611
1.60816
2.425
2.90984
2.93237
3.6886
7.53333
2.28814
2.13534
2.32751
2.52632
1.80695
1.72822
2.77068
1.84191
2.94574
1.7541
2.50417
2.42174
7.80723
2.87387
2.34884
1.62171
2.02574
1.85663
2.4127
1.62057
2.9403
1.525
1.97647
1.92276
1.51282
2.72161
0.429348
2.17051
2.07968
2.66667
1.84083
1.6532
2.43852
2.02214
2.54054
2.19485
2.56906
2.5
2.34802
2.7549
0.334656
3.05991
2.67532
4.69655
2.59055
1.71901
2.03586
1.50352
1.89583
1.34431
1.74747
2.41304
1.64138
7.5625
2.03516
1.68085
3.21905
1.29617
1.42336
2.26316
3.62791
2.0076
2.0119
2.35714
1.62539
2.9917
2.72763
7.53112
2.26766
2.43333
2.85778
1.93776
1.94788
3.27542
1.91519
1.57246
1.90288
2.04247
1.81625
2.4467
2.49776
7.51761
1.94862
1.84752
2.86957
2.5082
2.0625
2.55639
2.30943
2.38039
2.00383
1.58943
2.57534
2.4916
8.79835
2.50442
2.69355
2.29614
2.08834
2.65863
2.15546
2.38247
2.24167
1.6129
2.57353
2.26887
2.07914
10.1561
2.51737
3.11207
2.5
2.15021
1.584
2.24893
2.15658
1.56349
2.97233
4.38298
2.19205
1.84733
2.28571
0.300493
2.05645
1.91694
1.97521
2.15289
2.19392
2.53937
2.05792
2.01124
2.59641
2.28514
2.4125
2.06513
9.09009
2.44444
1.78358
2.14474
2.34701
2.50917
2.608
2.15415
2.45417
2.05686
1.61168
1.656
3.36475
2.2087
0.234606
1.50898
2.16129
2.25279
1.64931
1.84564
2.23077
1.76596
2.01695
2.35094
1.67399
2.98942
2.17921
1.50142
0.294643
2.62441
1.83628
2.1699
2.24542
2.73626
3.4918
1.6166
2.30837
2.10811
2.4542
2.57447
1.64726
2.34649
8.05622
2.14769
2.22559
3.63542
2.50237
2.22711
2.65038
1.9144
2.62762
1.92607
2.74775
2.59696
2.21311
8.63866
1.95439
1.95506
1.07756
2.18919
1.48208
2.00394
1.91475
1.77863
1.95
2.1129
2.38039
1.51341
3.02913
10.652
2.76289
1.8194
1.62121
3.34
2.26772
2.10741
1.93333
1.94757
1.16294
1.56151
2.77385
1.64184
7.52555
1.72222
5.41441
2.56039
1.74118
2.26056
1.85537
1.69286
2.31064
2.22266
3.1086
2.05761
1.49825
2.09615
1.94958
7.08727
2.20435
2.22957
1.71264
1.98855
1.56446
3.02538
2.02867
1.55311
1.63899
2.12715
2.77949
2.78218
2.07944
7.24333
2.4965
2.00631
1.53636
2.39919
1.75
1.82394
2.67157
2.30579
2.7043
2.12579
2.42199
1.7251
6.8741
2.14089
2.3304
1.46953
1.54266
1.86667
2.30534
1.97788
2.10492
4.26115
2.44068
1.41901
1.68978
3.74762
7.95041
2.29811
1.17628
2.49784
1.69444
2.11154
1.89286
3.68657
2.24409
3.41969
1.8125
2.0884
2.48239
2.14885
0.628151
2.02941
3.128
3.23288
2.83588
1.73047
1.62539
2.77941
2.01493
2.02572
1.78073
2.55556
2.07722
0.351336
1.6811
2.17647
1.78058
2.20504
2.21687
2.65984
1.83026
2.50373
1.75738
2.69068
2.3834
2.53137
0.290568
2.5157
2.38697
2
5.63793
3.51269
2.37979
2.94465
2.04467
2.55405
2.39116
2.49446
13.3949
1.4726
1.86538
2.43307
2.9375
1.97753
1.91228
2.48864
1.4927
1.85852
1.59908
2.34354
2.19748
4.0061
6.66667
2.33333
1.94167
2.61826
2.4549
2.03297
2.6621
1.87952
2.53081
2.75
2.16797
1.38754
2.45802
2.60311
0.373571
2.71939
2.70611
2.9485
1.95238
2.42802
1.82716
1.79927
2.75781
1.82903
2.03534
2.65636
1.20202
0.527778
3.00855
1.45016
2.16358
1.84171
1.86716
2.30493
1.57143
1.88848
2.42358
2.37184
1.89716
1.97966
0.308432
2.23106
2.47312
1.99624
1.70154
1.54949
2.49576
1.72137
3.11494
2.16358
2.59756
1.89781
2.73333
0.29791
1.09726
2.17227
1.93871
1.4386
1.48029
2.07554
1.79795
2.27907
2.05859
2.85268
2.148
1.98983
8.50826
2.14091
2.55303
2.02682
3
2.84878
2.37061
1.88596
2.47934
1.79359
2.83456
2.9759
2
7.89558
2.06618
2.13433
2.8436
1.96755
2.54955
2.65333
2.03321
2.41704
1.95703
2.55093
1.44966
1.80237
1.91353
8.68376
2.43007
2.27897
2.89316
3.88276
1.78788
1.80889
2.53817
1.96654
1.52918
2.33214
2.2381
1.465
5.76771
1.61677
2.30417
3.20522
2.07353
2.74074
3.22269
1.70648
1.38312
1.94118
2.42742
2.47826
2.20195
6.81413
2.57692
2.12
2.07491
1.48239
1.88542
2.60078
2.25806
2.53774
4.02469
2.73776
2.25
3.44175
9.41509
2.66418
2.21457
1.67763
2.82266
2.11894
2.25979
2.42623
3.40838
2.93839
2.40684
2.23643
1.85657
7.76046
3.05957
2.6938
2.86842
2.13448
1.60661
4.43125
2.50633
1.93
1.79151
3.23469
2.85922
1.71488
1.53022
0.314286
3.625
2.32806
2.23348
1.87004
2.44082
2.38
3.40873
1.94318
1.38863
1.73379
1.35093
1.9094
0.326236
1.71329
2.76327
1.71168
2.76303
2.42188
1.83012
2.60513
2.53441
2.125
1.66784
1.76573
2.4916
7.861
2.63208
1.95349
2.3574
1.59941
3.14097
1.67647
2.36975
1.50185
2.06429
1.7451
2.09524
2.69432
1.98524
7.42353
2.31522
2.52402
2.0695
2.08696
2.56757
2.96691
2.59434
3.19617
1.76062
3.01869
2.57762
2.68443
8.6036
2.24567
1.45638
4.73171
2.4181
2.05714
2.18978
2.97255
1.77542
2.62362
1.96484
2.09559
1.71753
7.13971
2.48548
2.14694
2.39918
1.87132
2.54878
3.16185
1.61638
3.09043
2.52459
1.86975
1.61314
2.03802
2.50201
7.7393
2.35065
2.25296
2.44939
2.08494
2.33594
2.66667
2.05
2.41423
1.67398
2.54074
2.31381
2.38961
7.11808
3.33636
2.27273
2.69811
1.84364
2.06618
1.85417
6.94643
1.9637
1.91039
2.33898
1.83113
1.91321
9.16017
2.08333
1.65428
2.2
3.16
1.84758
2.20082
1.9879
2.61161
1.89965
2.2438
2.37594
1.65574
2.04196
6.60678
3.93333
1.65294
2.18412
2.41176
2.39344
1.94953
2.43333
1.9751
2.07419
1.49057
1.55479
2.32692
2.13619
3.69745
2.94554
2.22266
2.26104
2.25092
2.73973
2.59135
1.49211
1.84127
1.98089
2.40594
2.08235
2.10108
6.63855
3.27358
2.24809
2.03876
2.4549
2.54132
2.09191
2.00397
2.43825
1.72222
1.96207
1.63713
2.61024
8.50431
1.86447
1.95221
2.01773
2.70042
2.30833
2.08303
2.04
2.84783
7.86
2.06
2.03586
2.35531
8.38075
3.41379
2.68675
2.29771
2.40711
2.3308
1.83688
2.55814
1.51667
2.62319
1.94531
1.85211
3.01058
2.37674
0.268495
1.8689
2.24723
1.95652
2.64255
1.82128
4.1
2.26016
2.17822
2.74359
2.57083
3.01316
4.90977
0.463599
2.05859
1.97619
3.24171
3.11191
4.04688
2.69455
1.58735
2.51142
2.46414
2.72727
1.92759
9.89815
3.08297
1.8913
2.16143
1.96026
1.94505
2.89231
3.01449
1.81295
2.02288
1.67949
2.31154
2.44484
0.253571
1.94681
2.59833
2.75439
3.23474
2.16667
2.47279
2.37132
1.93691
1.95319
1.32639
1.756
1.92419
6.77352
3.34946
2.34031
1.78405
1.21687
1.66304
3.13021
2.34615
2.83582
2.04688
2.45226
1.94667
2.88318
2.05455
9.5
1.68276
2.34082
2.244
1.92251
1.69204
1.89083
2.48511
2.46816
1.21726
3.7076
2.27027
3.00873
2.42593
8.34146
2.99
2.61404
2.372
1.71583
1.76068
2.16279
2.11382
3.30412
1.7766
2.38132
2.5914
2.09811
7.71756
1.73222
1.62362
2.72059
3.26396
2.48638
2.19685
2.57692
2.23864
1.65468
2.46786
2.62097
1.80303
1.7722
8.36066
1.84279
2.13866
2.00873
2.05051
2.20866
2.26957
2.156
2.67273
2.56198
1.68493
2.1037
2.06909
1.9593
0.464286
2.50806
2.53584
2.30165
2.54028
1.47751
2.22845
1.9176
1.78404
1.45652
1.54255
4.42361
1.91333
7.47703
3.02041
1.91919
2.75446
4.36413
2.58506
2.35294
1.92075
1.9749
1.93559
2.18051
2.75472
2.16612
2.19318
0.430804
1.84588
2.21667
1.99317
1.80496
2.28755
1.91724
2.57456
2.46288
1.9878
2.62891
2.05093
2.46914
8.34008
2.67521
1.98577
6.25862
2.3066
1.84321
2.86512
2.67391
1.44654
2.25
1.91288
2.11712
3.39175
1.5841
0.20641
1.5906
1.60444
1.16556
3.34553
2.45455
1.88129
1.33252
2.46522
2.57249
2.29537
2.42233
2.53462
8.86192
2.15625
1.97348
1.98805
2.64384
2.07782
1.48214
2.31801
1.33784
2.51698
2.53125
2.24514
1.78498
5.98333
1.96471
1.78516
2.42105
2.14516
1.53083
2.11905
2.125
1.96283
2.38974
3.25628
2.18152
3.01961
2.36626
8.57787
0.993363
2.00392
1.67669
2.37719
2.23723
2.1617
2.38686
2.30116
2.03521
1.83162
3.64205
1.94492
8.56175
2.30469
5.20175
2.85
3.69231
2.23232
2.65138
2.77209
2.46835
1.88274
3.35565
3.60513
2.72131
6.39865
2.38119
2.03061
2.17797
3.08559
2.891
2.125
1.69697
1.92857
2.9717
2.3114
2.96565
3.1701
2.11307
6.17957
2.14815
2.13289
1.88664
2.12552
1.58528
2.17279
2.52823
2.05923
2.22619
1.81655
2.344
2.43162
2.14523
0.3
2.26568
2.37712
2.15203
2.13077
2.83575
2.7623
2.70833
1.93227
1.76923
1.85714
3.33846
1.82734
7.17314
2.2651
2.22008
2.43882
2.8296
2.41949
1.55017
2.18727
1.57478
1.36594
2.15185
2.31868
2.70256
1.71264
0.354497
1.96266
2.11986
1.5461
1.70992
3.93038
2.79913
2.45494
2.53913
2.00352
1.84979
2.10039
1.82215
9.14732
2.23858
3.01835
2.63948
1.73064
2.35808
1.83658
1.55085
1.84615
1.22222
2.8898
1.74917
2.91102
2.14695
9.10849
2.9
3.33333
2.17722
2.24268
2.18657
2.28571
2.02101
2.57031
2.73967
1.6623
2.63813
1.91892
8.02335
2.225
3.04891
2.05036
2.00429
1.3913
1.53785
1.90335
1.84874
1.65357
2.42471
2.41706
1.95156
2.63563
1.91903
7.81538
2.43182
1.46687
2.36882
3.9
2.35424
3.25114
3.17647
1.71382
2.87629
2.11618
2.29167
6.18349
0.282254
1.85
2.62712
2.09319
2.59813
2.38929
2.64851
1.51233
2.66814
2.24521
1.61755
2.10714
2.19703
7.8125
2.45992
2.9466
2.36735
2.18803
2.97425
2.05797
2.79856
2.02066
2.55093
1.57143
2.35145
2.36213
9.37321
2.41502
2.67117
3.61864
2.4311
5.98165
3.02105
3.12637
1.76038
3.60731
2.5042
1.80224
1.78853
7.07749
1.79252
2.28319
2.39252
2.03425
2.24
1.76897
1.82867
1.8595
2.40876
1.96218
2.14773
2.55111
2.05792
7.43321
2.18474
2.89732
2.40598
1.63211
3.82812
1.6087
2.69608
3.56422
2.18774
2.32103
3.01835
2.77982
9.45778
3.47399
2.10108
2.6913
2.41339
1.46341
2.26872
2.13761
3.17778
1.17603
2.3913
2.69444
2.26556
2.08961
0.451299
2.10625
3.19111
1.91786
2.04797
2.59545
3.11885
1.65068
2
2.18462
2.37705
2.54894
1.5906
0.312192
2.72489
3.06757
1.87338
1.78824
1.65584
3.65591
3.43931
1.92881
1.60816
2.4845
2.10227
2.22857
7.87786
2.17143
2.95745
1.39871
3.18077
2.12712
3.54751
2.38462
1.82805
2.13359
1.30496
1.75096
1.30159
2.39252
6.24183
1.76161
2.5087
2.02317
4.19372
2.51172
2.1284
2.63721
1.66443
2.47328
2.11712
1.41456
2.38235
8.88696
2.43496
2.9551
1.79273
1.91379
1.66165
3.65663
2.86301
1.9252
2.48523
2.07925
3.26852
3.05128
2.36823
8.68142
2.26613
2.3444
1.78182
2.58222
1.94231
2.2887
1.81387
2.54894
2.70079
1.65964
1.93534
1.97464
2.1831
0.431122
2.67273
2.09677
2.72811
2.19178
2.16226
2.05109
2.04908
2.25547
1.86498
2.51515
2.81349
8.10612
2.70297
1.71984
2.13362
3.42593
2.82979
2.06557
2.54435
2.62185
1.77821
2.71186
2.20161
2.10425
1.4375
9.11848
2.54198
2.61088
1.98667
1.88848
2.34241
2.25263
1.97902
2.17063
2.24232
2.4471
1.54815
3.25
9.2878
3.27966
1.95257
2.08943
2.7479
1.95181
2.3038
1.63137
1.89456
2.69912
3.07252
5.78082
2.80645
8.74783
1.88722
2.66275
2.74775
1.70805
1.81194
2.86716
2.40741
2.10453
2.05046
3.54545
2.02119
2.15655
7.58943
1.7785
1.73841
2.94323
2.72124
1.8758
2.20233
3.03759
3.95359
1.82295
2.41288
1.68112
5.25876
1.55422
2.11321
1.16964
1.15278
0.929134
1.0431
0.942623
1.11207
0.949153
0.914729
1.17857
1.12281
1.19266
1.13084
0.914286
0.723214
0.889241
1.0991
0.867424
1.14644
1
6.10227
0.779221
0.949153
1.04918
0.918033
0.857143
0.834532
1.01639
0.991803
1.09322
1.11927
1.1028
0.842105
1.10909
0.933333
0.885496
1.01215
0.957627
1.11404
1.07759
0.940678
1.01786
0.895522
6.74153
0.601156
0.820896
1.05
0.975806
0.92623
0.917323
1.79459
0.858333
0.789091
1.12757
0.949153
0.838583
1.14798
0.944882
0.966102
1.06542
0.895522
0.919492
1.17972
1.01587
1.02752
1
7.43578
0.861314
0.8
0.918033
1.04918
1.17431
1.08257
1.1215
0.920635
0.95082
1.05085
0.966102
1.06542
0.895522
0.983051
1.01695
1.01695
1.08475
1.17431
1.17431
1.17431
1.06422
0.937984
7.61468
0.833333
0.864407
0.836879
1
1.20175
1
0.969697
1.17431
1.17431
1.17431
1.02752
0.88189
1.01587
0.920635
0.932203
0.955224
1.21101
1.17431
1.17431
1.15596
1.2243
1
6.20522
1.13514
1.20561
0.868852
0.865672
1.01639
1.02459
1.0614
1.08475
1.17431
1.17431
1.17431
1.17431
1.04587
0.856574
0.704467
0.800738
0.892193
0.932203
1.11607
1.01695
0.922131
1.10599
5.95185
0.745342
0.881356
0.835821
0.944882
0.983051
0.918033
1.01587
1.17431
1.04587
0.951613
0.902256
0.862348
0.764505
0.922131
1.10599
0.888889
0.949153
0.868217
0.921875
1.10345
1.08772
1.12281
7.47248
1.03008
0.898305
0.940299
1.08411
0.865079
0.803704
0.984556
1.04762
1.13761
0.888889
0.871595
0.944882
0.949153
0.899225
0.686441
0.719764
0.830882
0.957983
0.875912
0.932203
1.06542
0.895522
0.100529
0.683544
1.11567
0.846667
0.892966
2.06091
1.21429
1.20779
1.19355
1.10653
1.09507
1.7
1.51172
1.46094
1.78641
1.10224
1.99569
2.68475
0.54533
3.11722
2.27445
3.21583
4.41532
4.24091
5.13693
3.75203
4.55446
15.2013
3.47857
5.17188
4.76033
2.59124
3.15333
4.18857
2.86029
2.40741
10.0747
3.72928
3.20703
3.96484
3.0824
3.2898
3.27572
2.84387
3.26449
2.66292
2.41486
7.50152
4.77465
3.03717
2.79379
2.91667
3.76793
3.99602
3.58182
3.72199
8.22074
5.18548
3.28279
1.88294
3.18966
5.78744
3.66135
2.70769
3.83099
7.77338
5.08911
2.78571
3.78431
2.96
3.45714
2.76339
4.35586
4.54709
3.77903
9.52157
3.47872
3.2028
2.99209
3.19196
4.28205
3.31985
2.45714
3.55597
3.52479
0.663571
3.58779
1.91436
2.86195
7.58824
4.28514
3.38047
4.32601
3.26829
7.51379
2.83142
3.26378
2.83448
2.86076
3.216
3.38614
2.77714
3.14235
3.42045
11.014
2.62847
2.88811
4.45263
2.22628
3.61481
3.34894
3.51584
3.67249
4.09163
10.0183
4.37102
4.425
3.96512
3.07234
3.08203
2.8354
2.67407
3.3963
2.99156
0.594968
4.45378
4.13284
2.70543
2.83588
3.98047
3.45276
4.18774
3.10566
8.49117
3.91949
4.19167
4.66543
3.80247
2.76125
2.76271
3.66376
3.06087
2.49388
0.737883
2.75
3.1193
3.26939
4.05138
3.44783
2.93066
4.12565
2.83636
11.473
3.79779
3.45149
3.61304
3.04094
5.09677
4.14423
3.15548
2.17647
2.21269
7.48897
3.68627
3.64427
2.85263
5.74375
6.62931
3.03422
2.59592
3.48366
3.88627
10.6781
3.20074
4.52432
3.01556
3.89879
2.8254
2.55333
3.14453
4.15063
3.64898
9.72653
3.75
3.88848
5.84615
4.39419
3.76812
2.95089
3.49827
4.1097
4.28085
0.692708
3.39086
3.56696
2.90741
3.6722
3.95339
3.3373
2.91983
2.8097
3.63406
7.84643
3.6186
3.16502
2.39661
3.61017
4.22177
3.47232
3.99048
3.78838
9.61397
3.08214
2.65988
2.89493
3.76211
3.93061
3.28326
3.47257
2.83103
3.88732
11.7198
2.44702
4.1157
3.21116
3.11987
2.91429
3.34314
3.21456
3.47744
2.44
9.268
2.84488
3.99587
3.34831
5.12054
3.97276
4.24681
4.11355
4.92347
10.6574
6.55645
4.30256
3.13308
3.84426
2.70455
3.42751
4.79803
3.304
2.8427
8.82101
4.03072
3.15878
5.81739
3.10584
2.38754
3.67857
3.13208
3.45035
2.72535
8.78292
3.89683
3.04906
3.95
2.47348
4.2931
3.22137
2.8986
3.96653
6.78028
3.49801
3.68
2.92748
5.02335
2.18662
2.63051
2.6
3.55405
2.85762
9.14286
4.12648
2.28151
4.71635
3.80451
3.99603
3.39544
4.04955
3.06762
3.63095
0.678571
3.51178
3.67045
2.67164
3.6549
4.6861
5.0201
2.89888
4.20992
8.56446
2.75458
4.37555
3.99273
2.81787
3.06204
2.73643
2.77455
3.46488
8.58915
3.2418
5.39362
3.25085
3.14859
3.22776
2.77315
3.68382
4.35238
3.20727
9.62617
3.11589
5.5
3.43648
5.16432
3.6391
4.33854
3.54167
4.9902
8.78082
3.51736
2.14241
2.59451
5.15209
3.112
4.36726
2.84211
4.07422
7.58781
4.53939
3.10213
3.59761
4.50746
3.13043
5.27442
3.20139
4.18613
3.82845
10.5981
3.11921
4.35714
3.12121
2.94231
3.76471
3.82222
3.83794
5.07895
8.61832
2.64483
3.30137
7.19286
3.668
4.70354
2.61202
3.3112
5.14141
3.77049
0.612637
2.45906
4.2379
3.81673
3.07463
3.47656
2.5974
3.40562
3.43841
10.2387
3.0375
4.17391
2.88462
3.13235
3.87285
4.18846
6.66972
3.50463
10.3333
3.53942
3.32219
3.26866
3.98298
3.00781
3.46288
3.96682
3.69057
3.30314
0.510295
2.42029
2.71293
4.84234
4.07059
5.16972
3.02632
4
2.50789
7.19595
3.26633
3.3346
3.05731
4.43882
3.60284
3.18768
5.49268
3.18534
8.87302
4.02778
3.47699
4.63229
3.64681
2.01385
2.9932
3.84375
3.81818
4.12741
0.608466
4.88931
2.84466
3.8764
3.68273
4.4375
3.83193
3.1194
2.94737
8.76512
3.34615
5.75658
7.92742
6.83951
5.45982
5.6383
5.61702
4.16087
15.2222
3.16245
3.63415
4.40511
4.72874
3.0178
3.98805
4.36149
12.6526
3.46693
3.30901
4.44156
4.00452
3.83658
2.70909
3.42905
2.79261
10.5283
2.86869
3.71564
4.59735
4.04569
3.05725
4.02252
2.90182
1.86253
4
11.8841
3.62195
4.68468
6.05988
3.68493
2.75
3.49466
2.91729
4.36967
9.03237
3.48276
4.69231
3.89655
3.75655
5.84211
4.62559
2.35915
3.56855
4.54286
0.791429
3.10204
4.26275
3.07958
3.95502
2.92857
3.0081
5
3.57511
8.72727
2.63125
5.86316
2.16825
3.75862
1.67576
3.99639
4.55745
4.51675
3.663
0.564286
3.09921
2.64045
4
3.35926
2.85246
3.80608
3.26087
4.00476
3.30531
6.59599
3.86345
4.24889
4.13821
3.2551
3.46067
2.76873
3.11858
3.8022
10.2152
4.34815
3.14008
3.24904
2.78986
2.73401
4.12598
4.78661
7.77576
7.41234
3.58824
4.17407
3.3221
2.8629
3.0917
3.5
2.81923
4.48035
4.12712
10.594
4.38415
3.63672
4.0042
3.87398
3.84348
3.71138
3.3622
6.68116
3.21076
11.9246
3.5
3.17329
7.15607
4.62681
3.8565
3.76349
2.18328
2.72764
3.24335
12.5916
4.4125
4.04622
4.27848
3.82143
3.64528
2.42509
3.25952
3.55036
9.776
3.91736
2.53091
4.32917
3.86256
2.01299
3.27055
3.77725
3.76923
3.5913
10.3463
2.57818
3.65636
5.69192
2.75088
3.76382
3.85425
3.52107
3.1588
4.37278
0.628422
2.45098
4.63014
3.71795
4.50579
2.88593
2.83395
2.09836
2.51682
11.0804
3.54231
3.44863
3.44255
3.5
4.57746
3.26552
4.61616
3.28462
3.64737
0.739583
3.15833
4.09211
3.71094
4.22609
2.72908
3.43144
3.19795
3.08456
12.6865
3.92014
6.49351
3.37238
2.73063
3.59919
3.99608
3.75265
5.78733
8.42683
3.11176
6.41216
3.51181
2.8255
4.5364
3.59322
3.80139
4.90045
12.3906
3.74786
3.47826
5.27442
4.23171
4.4
3.68421
2.74503
3.32961
3.74654
8.03249
3.07862
3.01186
2.44622
2.89787
3.25984
4.2253
2.03869
2.64211
3.17986
7.8169
3.63636
2.85263
2.74717
2.24444
2.23105
3.31707
4.27119
2.56089
4.0632
4.29258
9.78222
3.21818
3.42617
2.78369
3.9083
2.67227
3.63953
3.81855
1.73547
4.62832
8.94841
2.31935
4.00469
3.45238
2.70817
2.79924
3.35
3.35887
3.25
5.35808
15.2323
3.42358
3.06751
3.04
2.57525
2.26848
4.26562
3.82308
3.36678
3.25
0.563776
3.45745
5.43011
5.39674
4.14981
4.69957
4.40506
3.08446
2.78138
9.03516
5.15226
4.01878
2.37895
4.48905
2.38996
3.75397
3.93333
4.19853
6.4209
3.09402
3.33478
4.09016
2.92419
2.9644
2.39113
3.3234
3.28125
5.30864
9.4329
3.48031
4.12195
3.77593
4.41237
3.81356
2.39404
4.65405
3.86232
4.81818
0.586207
4.44238
3.60938
2.78889
3.42657
3.92369
3.48699
3.80088
3.97233
9.80753
3.52672
3.29915
5.34595
3.4246
3.39033
5.01626
2.9697
2.23913
8.63602
3.868
3.21277
4.71308
3.93522
3.9181
4.81857
4.31086
3.83019
10.7828
4.37795
4.63556
4.0083
2.88
4.06912
3.45556
4.09231
2.49706
3.65476
0.525794
2.70764
2.94492
2.4037
3.0303
2.52778
3.04615
2.98684
5.18232
2.87045
3.08594
0.792659
3.80479
3.2987
3.63942
3.57143
3.46909
3.47479
2.9877
4.04231
8.48708
3.13617
3.44275
4.0318
4.28631
2.54795
3.875
3.94834
3.47529
8.7326
5.19231
4.61667
3.42739
3.6898
3.55319
2.11888
3.3038
4.12745
2.9069
10.545
3.90496
3.29545
4.62286
3.08054
3.52453
3.97143
3.47638
3
2.04727
10.0696
4.59574
2.99578
3.12
2.97758
5.74779
3.25
3.29389
4.8619
2.61212
5.74493
2.72954
3.03401
2.4841
3.82329
2.84211
3.69753
5.20968
3.81102
3.41797
3.01034
0.974206
6.48837
6.20312
2.23649
3.28261
3.5365
2.86885
2.41497
2.83333
3.2069
0.595238
5.22124
4.85714
5.52381
3.57143
3.99588
2.41603
3.36279
3.34188
8.84815
2.812
4.00862
3.38745
3.19615
4.23887
3.784
3.43333
3.32827
2.23944
6.05638
2.83565
5.01357
2.13456
3.20755
3.98842
3.96078
2.53608
2.63717
2.7098
9.25794
3.4
4.13757
2.59589
2.39785
2.1871
2.01824
2.67905
3.25
4.22857
3.5084
12.4842
2.25292
3.12552
4.41262
3.328
2.83913
3.4604
3.19504
2.28049
2.09926
3.05417
8.89247
2.76655
3.47328
3.18876
3.11985
2.71336
2.64
3.33865
3.49048
3.76214
8.54651
3.13359
3.36822
3.39095
4.63158
3.73191
3.88444
2.78896
2.76703
3.90455
8.06742
4.05738
3.12745
4.03371
2.63732
2.66102
2.93727
3.30909
2.95082
3.73684
8.97571
3.29339
2.57895
2.39273
5.49102
3.2619
3.56818
2.57778
3.05138
6.42384
2.81295
8.3035
2.41445
3.78339
3.01969
3.95217
3.5451
4.1
3.34711
4.04245
2.09677
6.69486
4.36765
2.4566
3.36466
3.42667
3.35841
2.13585
2.82818
3.57812
3.51477
10.4241
3.3004
4.08741
2.70136
2.81955
3.15451
4.41463
4.2132
3.35985
4.03902
7.57664
4.10837
3.28085
3.52521
2.26102
2.74436
4.1308
4.07034
5.29341
5.19635
8.04044
4.08647
2.38148
2.54276
2.85537
2.95652
2.49817
3.32314
3.12613
3.16988
3.98544
0.65
3.97647
4.58706
3.2774
3.27368
1.83217
2.89615
4.53886
2.68953
7.60938
2.68898
1.71037
3.25974
2.60236
3.31086
6.41322
1.96
1.9472
1.73311
2.41935
6.5864
6.30233
3.33186
3.66929
4.10317
3.54357
3.33829
2.67427
3.22822
3.84234
9.36283
3.07664
2.98092
4.38679
4.41748
3.0641
2.22909
2.72458
3.14876
4.49372
4.36667
9.42739
2.80508
3.02206
3.87698
3.64831
3.99537
4.25306
2.72587
3.36239
2.7658
8.41129
3.39326
2.54167
3.20522
2.86194
2.13226
4.18807
3.45528
3.77419
2.84255
3.33094
9.49115
2.82796
2.88699
3.85141
5.625
2.34648
2.23551
3.26481
4.14981
3.13765
10.0472
2.36429
2.5947
2.9
3.28708
4.65625
3.10081
3.4461
4.43388
6.16031
12.3175
3.58696
2.62633
3.39394
3.57991
2.9
2.72659
2.1
4
2.70318
3.30493
8.63983
3.69456
3.06504
2.44404
4.0119
3.50391
2.74
3.01667
3.53689
4.0939
7.88079
3.11552
3.3777
4.5314
3.02612
3.1748
5.05584
3.85398
3.28879
4.47847
8.10839
5.09223
3.99184
5.8806
2.78521
3.03416
2.60073
3.42678
2.76471
3.56579
8.95668
3.36782
3.25
2.95593
2.18929
2.94631
3.11475
3.78099
2.42568
1.89259
2.47186
6.62763
3.00395
2.95238
2.59925
3.52896
4.61667
3.29237
3.70492
3.09231
3.45161
9.61233
3.30769
2.59627
2.37838
2.89754
2.79321
2.54355
2.68595
4.15075
5.32099
3
0.709821
3.38211
4.58523
2.45818
2.58644
3.72119
3.40476
3.20066
2.9052
3.51261
0.59747
3.21459
4.07522
2.41869
2.55469
2.52431
3.67816
3.23137
4
3.85776
8.68504
3.3908
2.49265
3.83908
4.21849
3.42241
1.79545
2.72453
2.51568
3.41117
9.86441
3.47867
2.53309
2.87255
3.44534
2.68478
2.91971
3.55344
3.30769
3.14352
2.80556
7.92369
4.41579
2.70358
2.32117
3.16544
3.26165
3.84706
2.11742
1.96154
3.4781
2.9386
0.536401
3.48536
5.96916
3.13636
4.41176
3.02837
2.98712
1.86282
3.89753
2.15451
0.591346
2.915
3.09756
2.5
3.90749
3.75127
3.5617
3.59328
4.375
3.56198
0.624107
3.28472
1.77933
3.08519
2.67596
2.3011
5.29612
4.32759
2.53731
2.98374
0.655844
3.20217
3.655
2.64846
2.77395
4.64545
3.56727
2.72015
2.2921
2.9894
8.78715
5.01064
3.41727
3.59353
5.1746
4.54911
3.1374
4.15138
3.3431
10.5142
2.92401
2.79297
6.33108
3.56951
6.64706
4.81657
5.25822
2.6
3.13656
8.26587
3.13061
2.64876
4.08787
3.10943
3.82031
3.10182
2.6645
3.57565
3.09843
13.2568
5.94444
3.55078
3.28959
3.20599
4.24017
3.8717
3.31615
2.88474
3.01394
0.508929
2.83838
3.50763
2.57348
2.63542
2.80205
7.65574
3.04255
4.3626
7.66013
2.63158
2.83562
1.29612
2.72759
2.35
3.36239
5.68421
3.73043
3.08046
2.1548
8.40441
4.11915
3.35409
4.1626
3.98598
3.95853
3.24803
2.48789
3.94907
4.51087
10.274
3.79098
3.26829
2.75333
3.04418
4.04369
3.32129
2.2
3.10072
2.91289
8.82824
3.6259
4.11675
2.50508
3.63745
4.03608
3.07287
3.0076
2.7972
4.02954
8.16912
5.5977
2.86532
2.80916
1.72014
2.98507
3.37143
2.53309
2.44867
3.55667
3.95288
11.3149
5.16571
3.1374
3.21577
2.64543
2.92308
6.26036
4.22897
2.53208
8.64211
3.3937
3.45302
2.12727
2.72302
2.25
3.29508
2.62232
5.36449
3.4252
3.78431
0.959416
1.745
2.37162
2.09091
2.95238
3.00382
2.66667
3.38043
2.98524
2.34564
0.333744
2.45283
3.88087
2.38702
3.05338
4.46281
3.16031
2.29934
4.00431
9.8383
3.39726
3.03089
3.79668
5.08032
3.0875
2.21818
2.90272
2.5516
3.92409
7.65132
2.88745
3.60324
4.20192
3.18443
3.21406
3.20295
3.05512
3.68932
3.98592
10.3151
2.66406
2.86897
3.6861
4.29508
2.82812
1.6051
3.35357
2.51701
1.45251
9.45935
3.93704
3.88991
2.54467
2.30195
4.05991
2.84068
3.74468
4.95855
3.2437
8.0942
3.38722
3.22984
3.43902
3.12088
2.30592
2.95673
3.12132
2.64315
2.51952
2.91322
0.547619
4.33333
3.5119
4.12766
2.64643
3.34797
3.64957
2.77372
5.09174
12.0919
3.95057
2.94167
5.05556
4.29289
4.03524
4.42593
3.22394
7.01351
4.47093
7.94565
4.73585
3.32258
2.82394
2.36761
3.5754
2.72881
2.43431
2.78067
2.62126
10.116
3.08299
2.90476
3.79771
2.89879
3.57143
4.4916
2.11348
2.33333
4.14602
7.96528
2.9433
3.72266
3.45017
4.47212
3.56054
2.89888
3.64179
3.02789
2.5625
8.24806
2.16622
3.42264
3.36398
4.23984
2.14706
4.78656
3.1048
5.35632
3.49821
8.9291
2.92692
3.11155
3.07025
2.66563
4.34746
2.42955
2.76596
3.31034
3.78302
0.404576
2.50649
3.72558
2.74502
3.48649
2.32787
3.16594
4.40753
3.63636
5.28372
0.548469
2.10924
2.53004
3.98106
2.63287
3.95238
3.54426
4.23077
2.95094
2.80303
9.56388
2.87692
4.40254
3.19691
3.5913
3.53261
4.54812
3.14182
1.33491
2.22887
10.4333
4.08995
3.59307
5.5124
2.81369
2.79464
4.62745
2.33333
2.71111
4.49375
1.83149
10.2755
2.85656
2.78056
2.47845
3.43077
2.85
3.26282
3.16729
5.54422
3.22456
9.58268
4.33953
4.54018
3.17181
4.18009
2.61624
3.87615
2.42435
4.2807
3.48077
2.82573
0.593006
3.13303
4.22414
3.0428
2.94737
3.14394
5.16176
3.33688
3.79832
9.86466
8.5509
3.21569
4.42553
3.31579
4.37561
2.4645
3.03717
2.72202
3.388
8.86905
2.34173
3.19005
3.6391
3.68571
3.62044
2.37906
3.43798
3.55147
3.32824
0.495455
5.49479
6.70861
3.45607
1.88
4.59504
3.09412
3.33887
3.56696
10.0328
2.84259
2.41124
3.72656
3.4856
2.55215
4.19565
3.38996
3.21287
2.61597
8.96512
7.96032
2.49042
4.37395
5
3.81496
4.05936
2.97674
2.58704
3.04658
9.73585
3.77323
4.27803
3.61049
3.88936
3.02206
2.26744
4.95633
4.04278
9.18699
2.41888
4.13904
2.76071
3.21986
3.07663
3.40698
3.78713
3.06272
4.64504
9.05179
2.37288
2.30556
2.68227
2.41993
4.12245
2.80175
3.24583
2.89535
3.86603
9.18462
3.43969
3.00402
5.12556
3.97107
2.98814
2.50198
3.23305
3.39933
2.40283
9
4.23571
4.43781
3.64646
2.03546
4.10106
3.3937
2.79286
3.17406
3.76991
7.79661
4.94954
2.21767
3.19922
3.03125
3.4359
2.39275
3.20438
2.93493
8.37329
4.96859
3.75833
6.58042
2.65306
3.95753
3.19685
3.69712
2.84532
2.74089
6.56534
4.77049
3.78099
3.96491
4.16749
3.57806
2.90833
3.68841
2.92996
4.47431
9.32099
4.43564
2.825
2.63051
2.85034
3.02344
2.18395
3.20921
6.95833
3.33865
3.70656
7.25092
3.54028
5.50345
3.53903
4.07895
3.84774
3.62281
3.52036
3.80242
3.66525
9.68127
1.99361
2.52434
3.43388
3.11864
4.51271
3.07836
3.10078
2.84478
3.26339
10.3853
1.79396
3.31086
3.58801
4.75769
4.97222
2.57917
4.1551
2.3808
2.29412
8.35075
2.62007
2.83729
2.70783
4.14151
2.36646
3.52033
3.46774
4.23077
2.1377
9.19124
3.39378
3.98661
2.78462
4.98446
3.21811
2.32931
2.35556
3.03543
2.21528
3.69291
6.1194
3.42194
3.12587
4.16929
2.46984
3.05645
5.12245
4.18824
3.98684
7.22917
2.43598
5.67172
2.6
3.92653
3.20703
2.69103
2.93145
2.89535
3.18081
7.44186
3.09901
2.38869
3.40084
3.24603
2.55869
6.89247
2.59122
3.58519
3.32677
9.94397
6.46358
2.07278
3.4811
4.0375
3.67196
2.4375
3.80784
3.68534
2.60573
3.33852
0.612245
2.22476
2.57422
3.52778
3.59441
4.00356
3.92727
2.34643
3.0137
8.88971
4.19797
3.675
2.3083
2.50352
3.75294
3.11638
3.25
3.35156
3.90945
2.51
9.52632
3.428
1.91304
4.64835
3.7874
2.10904
3.71429
2.29032
3.55763
4.17593
0.637857
3.14879
4.80383
3.42366
2.09123
2.48689
2.94815
4.09251
1.9375
4.01402
8.625
4.78916
2.55333
3.40364
2.7013
3.3991
3.072
4.0531
8.24779
4.46847
9.49383
2.83193
3.35102
2.8954
2.82624
3.37891
2.93487
2.66667
3.51538
1.97778
2.51613
0.448892
3.61508
2.684
2.31761
3.68504
2.44713
3.80934
3.05755
4.2402
4.09444
8.73913
5.57609
3.00758
3.59538
2.97992
2.56929
3.21771
3.10938
2.41379
4.16236
2.16892
0.489158
4.08
2.89669
3.77885
2.77444
2.15942
1.93863
2.98513
2.97688
1.77011
7.26174
4.14286
2.67742
5.24551
1.89404
2.68872
2.76829
3.57627
2.15726
3.64186
2.08815
9.87281
3.10294
4.03361
2.78788
2.36637
2.24834
3.82381
3.93385
4.2618
4.33068
8.63566
2.55486
3.72695
3.12621
2.60563
3.48496
3.73913
1.92329
3.35316
2.18596
8.0922
3.96109
3.21311
4.60694
3.20301
7.86555
2.9476
4.11737
2.92045
3.5815
8.32432
5.88947
2.8963
5.47849
2.45276
3.07556
3.34978
3.02564
3.3595
2.55439
3.3295
9.25
2.83083
2.46207
2.6881
2.71269
3.53571
2.11307
2.94585
3.26064
3.01762
2.94604
14.7987
2.04181
3.07955
2.69718
3.49798
4.10072
3.09709
3.67841
2.98092
3.69444
11.8989
3.02545
3.74694
2.94531
3.34034
2.8107
4.60769
3.1046
2.77517
4.22271
9.98795
1.79211
3.87018
2.3119
3.55696
2.57609
2.27305
4.04065
3.83254
1.82229
3.09542
8.31395
3.40551
2.18429
3.47791
3.14388
4.81132
3.21875
2.79167
3.78475
4.54054
0.483418
3.607
3.04561
5.28947
5.94149
4.0407
2.97849
2.85019
3.53846
6.91346
3.43605
2.76333
2.59877
5.97475
4.62326
2.97222
2.81882
3.05818
2.65074
8.89189
4.24051
2.84956
4.13107
3.76923
4.20896
3.73182
3.44033
4.15058
2.23396
2.50871
0.639881
2.97097
2.43972
2.69283
2.38486
4.32227
5.21127
3.86667
2.38321
3.62673
10.1176
4.22566
3.57676
3.59375
3.14533
3.87209
3.8659
3.568
4.53704
9.51711
2.80797
2.96416
4.35563
3.98113
2.30597
2.97842
3.08935
2.91935
3.08088
9.04317
3.22822
3.53361
3.33178
3.71636
3.62338
2.43666
2.22441
2.28279
3.2996
7.37
3.20988
2.46567
4.78199
4.09677
2.8374
3.14773
2.99308
2.48163
2.75115
9.11923
2.93043
2.14079
2.84586
2.77011
3.65766
3.00826
3.87879
2.6875
2.53208
2.737
3.91667
0.522321
1.80872
2.64074
5.19324
3.90244
3.37121
2.58333
2.44803
3.34848
2.23134
6.30723
3.83491
5.15736
4.47458
2.19623
4.28986
2.52381
3.51837
3.02232
2.84701
2.74627
8.24643
2.82253
2.83032
3.10623
3.02451
2.9364
2.5687
7.27273
3.39024
3.35
2.68939
9.87387
3.21959
3.18284
3.16364
2.71429
2.35294
2.56467
3.70611
2.50189
4.82222
7.0456
3.04869
3.9272
3.57977
3.19502
2.84783
1.88623
2.77733
2.56311
3.62451
7.7554
4.89617
3.87879
3.34597
2.94928
2.61486
5.35185
2.81655
3.16226
3.03644
7.41216
3.51163
3.74016
2.4252
3.14706
3.45455
5.21348
3.64754
3.42748
4.07623
2.41083
0.476601
3.5
3.32886
3.33206
4.29524
3.06178
3.87805
3.3676
3.02787
2.52222
0.829464
4.30918
3.93133
3.9
3.5709
3.25581
3.11554
3.13061
3.73285
8.72031
2.98339
4.61905
3.05648
3.17031
3.29811
2.86926
4.38077
2.7381
4.84956
10.1033
3.70093
3.00397
2.94118
5.0297
2.72653
3.53165
4.03922
2.74809
2.35052
10.81
2.08333
3.13636
3.22124
4.1934
3.52788
3.09057
3.12552
1.99016
2.89837
3.58678
0.506378
2.44015
3.45263
3.3588
2.83607
2.97586
3.26415
3.67969
3.67578
8.95122
3.98429
2.53846
3.48374
3.6696
1.944
2.96751
2.70677
3.52315
3.25899
3.79208
9.65339
3.47037
2.40074
2.65651
3.20205
3.48327
3.75564
3.89062
2.82624
10.7904
4.91216
1.97627
2.9604
2.98485
2.39464
2.62847
4.35747
2.62264
2.86713
2.7027
8.40964
4.04098
3.28571
4.10788
2.62366
2.24921
2.07246
3.61328
3.57288
3.42915
9.36515
4.01075
2.87671
4.08714
3.09963
2.61569
2.80723
2.88123
3.78661
4.22749
0.489286
3.38288
2.90068
3.24215
3.12367
3.98571
3.73984
4.48133
3.19005
3.58333
7.99225
3.30864
3.48031
4.09375
3.22088
3.3
3.96682
2.26235
2.27668
1.91318
3.17188
7.84191
2.89615
3.9204
4.29018
3.84914
3.375
4.69907
2.96327
2.51181
3.60455
1.90217
0.517196
3.2234
4.0583
3.98929
3.14931
3.05392
3.53309
3.15461
3.58667
7.85978
2.97701
3.16096
2.79038
3.43956
3.52838
3.15444
4.19718
3.19858
2.59272
7.98258
3.92276
3.1284
3.33761
3.69231
4.57209
2.92734
4.6
2.38811
8.45946
4.06704
3.64444
2.74525
3.21661
1.91362
4.23301
2.76703
2.92664
2.40702
1.89963
1.92705
0.645
2.18089
2.55
2.65079
2.43701
4.5817
3.72072
3.46643
2.52788
3.30041
2.36331
0.658654
2.97653
3.81273
3.39033
2.88506
3.40833
4.59919
2.92453
3.1283
1.73851
0.910714
4
2.80755
2.23625
2.50662
2.19588
3.37805
3.73182
4.39726
2.2
8.64479
3.29861
3.54222
3.37004
1.65479
4.41905
3.45977
3.59524
4.28512
4.11207
9.23482
3.77027
3.26537
3.4951
2.34694
3.08765
4.44949
3.04425
3.69004
2.45175
3.09709
0.678571
2.81395
3.07874
3.05357
4.01145
4.56109
3.3042
3.64062
2.60357
2.51504
0.417254
2.25795
4.55649
5.64486
4.1106
2.82463
3.66667
3.20677
3.07299
9.02881
2.94774
4.43723
6.03922
3.03968
3.21549
4.25101
3.84677
3.68936
6.63953
0.414675
3.52915
3.55039
2.59231
3.17647
3.61927
2.96825
6.54545
4.689
2.7782
12.0695
3.02672
4.03343
2.62602
4.26887
2.73256
3.39516
3.32117
4.92513
2.52218
9.68182
5.98396
4.21359
3.05263
2.3631
3.18959
3.85714
2.9717
2.5458
5.20541
9.4292
6.37975
3.55411
2.99313
5.36047
3.53873
1.85955
3.13077
3.68333
2.15385
14.3136
4.99338
3.05761
1.89
3.42972
2.97107
2.75918
3.01674
2.71321
5.06897
3.07336
8.97297
2.14286
3.30405
2.79098
5.12658
3.4
2.38141
2.84718
2.53285
3.15472
3.45528
0.459659
1.91034
3.18685
1.96599
2.98986
3.04924
2.66412
2.9469
3.38077
3.41704
8.17301
2.96622
2.21107
3.10373
3.69027
3.44061
2.564
2.31852
3.18391
3.44541
4.72222
0.434611
4.78199
3.73444
3.85959
2.5566
2.545
2.71803
4.64253
3.58403
8.49129
4.19149
1.93154
4.07547
3.14729
3.95455
3.86131
2.75397
3.11354
3.92578
8.66154
3.03203
2.78114
3.25191
3.57438
5.08962
3.22814
2.85039
4.10222
3.56466
9.16972
3.20495
3.26502
3.83471
2.05495
3.55844
3.81858
2.42066
2.6835
2.54864
1.59044
8.25292
2.3931
2.35115
3.54106
3.0742
3.88538
2.8914
3.6339
2.81496
2.51049
3.37795
0.691429
5.24171
3.03419
3.60324
2.62458
3.44037
3.27426
2.19259
2.54386
3.15472
0.494448
3.63889
1.87853
3.7621
2.48905
3.59633
3.37109
1.61513
2.77612
3.21786
10.4156
4.24082
3.23551
2.23891
3.74286
2.66667
3.49421
3.21296
2.86364
3.80519
2.38824
0.482143
4.76577
2.14841
3.28405
2.87083
1.68132
3.54982
3.98969
3.33597
2.28378
1.79112
0.811335
8.20968
4.61275
3.40972
2.08966
2.3741
3.86992
3.22761
2.78201
3.52988
0.783929
3.13043
3.83509
2.26183
3.52837
3.3176
3.28571
3.68837
8.08955
2.57196
0.588599
2.83696
4.30488
2.75
2.36111
2.33609
3.18908
3.4704
1.72283
2.27797
0.69724
5.03046
3.07612
3.6872
3.03237
3.25893
2.71523
3.55967
2.34058
2.32746
11.6513
1.92565
2.31897
3.66541
3.412
5.34848
3.5935
4.28968
2.94097
2.81614
8.67451
2.58462
2.688
3.35371
10.2719
2.92126
2.91418
4.2395
2.38819
3.42411
3.08889
0.601429
3.73061
3.76293
2.66667
3.74046
3.60662
3.93627
2.83871
3.21141
2.42963
0.529533
3.43925
3.26744
2.56958
3.71369
4.49758
3.04819
3.01128
3.0669
2.60976
9.17427
3
4.29665
3.24715
2.81569
2.8871
3.27953
2.0641
3.04528
2.85366
1.968
8.37008
4.69369
4.10744
4.09055
2.85284
2.55017
4.58411
1.82201
2.93173
2.29874
15.1689
3.92937
2.57576
2.27068
3.04435
2.88983
4.36694
2.94268
3.25
3.31104
9.93665
2.12903
2.98792
4.27839
3.20628
4.09483
4.84127
3.16863
3.29856
4.28497
0.472906
2.48571
2.91912
2.76667
2.61303
3.26923
2.54576
3.03333
2.35862
2.70175
8.38672
3.2963
3.75258
2.44551
4.05904
4.20482
2.89818
4.05185
3.38732
2.04745
9.00365
3.7
3.37433
1.84177
2.8587
2.42857
3.27336
3.6494
3.36641
3.8565
8.99597
5.76804
4.37097
3.47465
2.47547
2.97015
2.41694
2.98655
5.15819
3.07241
3.66522
5.30607
2.45918
3.17578
3.22968
2.90947
4.76
3.46721
2.34375
3.03089
4.32889
9.69874
1.97819
2.93939
2.87085
4.06373
1.70986
3.08302
3.02212
2.59041
6.53237
9.69412
2.825
1.94498
2.11714
2.93478
3.22305
3.01859
3.56418
2.54895
3.06222
9.84583
4.50242
4.22422
4.29665
3.15444
5.63721
3.46743
3.42697
2.72293
2.51148
7.92568
3.66234
2.13735
2.1573
3.45344
3.51838
2.38956
3.47788
3.70763
4.18269
7.86486
3.95273
3.28626
2.90661
2.1352
2.63669
3.94175
3.5
3.33597
4.13284
0.398589
4.68037
3.85512
2.20242
5.95833
6.80714
3.46122
3.50833
2.631
2.85866
9.69266
3.53846
3.24576
2.97628
8.55263
3.83406
2.32661
3.82474
3.54032
4.01992
10.1916
3.75424
3.01205
3.54874
2.69718
2.60729
1.93561
2.66667
2.64982
2.6453
3.1242
8.03249
2.83846
2.48387
2.33205
3.66376
5.59794
5.68987
2.87121
3.41455
3.09622
11.7071
2.35495
3.73387
3.10569
5.69231
3.21771
3.69268
4.2
2.45489
2.05246
2.15464
9.9084
2.96633
3.42857
3.52239
2.69173
2.70227
2.24232
3.13298
2.89256
3.51867
11.3254
3.91463
2.06439
3.25
3.20601
3.076
5.77707
3.51653
2.99632
3.02247
2.37349
8.83468
3.15936
3.07942
2.54651
3.7973
3.70182
4.77143
2.91054
5.76437
2.76207
0.648065
4.38756
2.31034
3.51429
3.34733
3.50397
2.96528
2.46619
3.48018
4.15652
0.612434
3.44828
2.58167
3.16968
2.73518
2.38182
2.14462
2.08594
4.38272
1.68562
2.58456
0.809066
3.20385
3.26695
3.59016
2.66767
3.36152
4.81726
2.3244
3.80476
8.55344
4.79
3.01434
3.17153
3.2952
3.19753
4.42616
4.74766
2.07167
2.8157
7.13782
2.9053
3.28378
3.12195
2.67857
4.05189
3.12292
2.2443
1.61408
3.80275
9.84906
2.27365
3.69039
3.1106
2.64574
4.70048
1.53315
2.74525
2.67954
2.34926
6.66887
10.031
3.54098
3.39689
3.24151
4.23377
3.12593
2.35484
2.875
3.61364
2.58304
2.86296
8.57769
2.03
3.66204
1.9781
2.10632
2.62409
3.52157
4.26887
4.27046
3.59135
7.84328
4.08673
2.97447
3.25207
3.35048
4.00797
3.47018
2.92674
2.75899
2.63374
8.22222
3.29717
2.35341
3.02536
2.71986
3.62041
3.54
3.48106
3.76549
3.25651
4.24051
16.55
3.57143
4.88387
3.74274
2.64961
2.90545
3.34818
3.4902
5.77863
3.03261
7.41837
2.56811
2.37209
3.60536
3.27984
2.37255
2.33673
2.57407
3.90417
3.22642
2.9434
8.80973
3.89474
3.08134
2.02477
3.36957
2.63415
3.32721
3.34375
2.47557
1.2747
7.37621
2.54643
2.37006
3.22302
2.73828
3.74704
3.8191
3.06515
3.78439
3.40265
2.50958
0.428571
3.38577
2.56972
4.77108
2.57143
2.19333
4.32143
3.28309
3.07048
4.28358
8.07895
3.43284
3.86854
4.66355
3.58594
3.3875
2.78909
1.80282
3.28085
4.1308
7.32812
2.91964
3.04382
1.76596
2.56897
3.38865
2.05245
3.58636
3.81818
3.9893
7.60323
5.43868
3.45247
4.92623
5.82803
3.27692
3.65878
2.16149
2.94146
3.24151
8.32296
3.37453
3.77778
4.13146
3.26693
2.60727
3.22692
2.50806
3.03041
2.64727
9.94091
5.125
2.85034
3.68872
2.6065
2.93238
5.1
2.92116
3.08235
3.20077
3.56654
0.845238
2.91571
3.14403
3.62727
3.09286
3.64773
3.35786
3.75403
3.22845
8.95406
5.91216
6.14483
3.65
2.94167
2.39262
2.6374
1.90778
2.5587
1.85714
3.4951
8.81749
2.20478
4.08225
2.89328
3.95872
4.98462
3.21849
3.4913
2.48498
3.66434
2.71575
0.723901
4.84211
5.4689
5.05366
8.33981
4.73469
3.30216
2.03861
2.83813
7.48052
2.9451
2.77869
3.21311
4.23039
8.58678
2.43443
3.84706
2.75794
2.88889
3.21538
11.875
3.6834
2.68284
2.66917
2.54737
4.62832
3.03008
3.88629
3.60078
10.9268
3.69849
2.6717
3.25094
4.55172
3.0339
3.78968
2.64493
3.05369
3.81853
9.51562
2.94834
3.20385
2.48
3.08297
2.375
3.60581
3.88931
3.41315
3.14173
8.08834
3.63118
2.71642
2.9004
4.82192
3.40529
3.01852
2.66304
2.78102
3.22791
9
3.21839
3.59608
2.92177
4.02646
3.18467
1.73684
2.78218
4.52893
3.00758
9.22689
4.80928
3.87838
2.78788
2.9313
6.93388
3.32883
3.31136
2.88112
2.59317
2.02183
0.456484
3.53077
3.5942
3.98286
3.46078
3.03806
3.35971
2.64732
3.87879
3.43723
7.48958
2.49474
3.56202
3.03072
3.48718
3.22066
4.65899
3.93671
2.95816
4.732
7.26148
2.29306
2.88346
4.52217
3.1378
2.96703
3.68018
3.60088
3.28958
4.09412
8.40769
2.87611
2.85911
3.56641
3.09677
3.57895
2.37543
3.68773
3.75732
3.49561
10.3441
4.81529
3.16335
3.66434
6.0828
3.72177
3.97222
3.46371
3.33577
3.77249
8.8365
4.3401
2.84
5.18261
3.29151
3.59055
3.7561
2.60215
4.88496
4.30045
8.98842
3.12595
4.82609
2.55474
7.74783
3.55649
3.00601
2.84825
4.605
3.16727
10.2379
2.59533
3.07359
2.93701
3.42088
2.6699
3.43509
2.64122
3.58333
2.62542
7.38754
3.21101
3.4296
3.15849
3.15714
5.72376
6.59836
4.64726
3.69758
3.3434
8.05556
4.08502
3.87013
7.9037
3.72689
4.56808
3.48315
3.73077
2.65781
21.8362
3.33451
2.38589
2.80597
3.41772
3.66667
2.4052
2.61509
5.25352
4.4084
8.36496
5.78283
3.36797
5.97386
2.08857
4.04851
3.38023
3.26378
2.92359
3.3374
0.537143
3.51584
2.99559
2.08904
3.48347
2.4854
2.76254
4.2381
3.64851
4.01523
6.75841
5.87293
4.31193
4.07393
3.25283
3.06075
2.91606
4.91329
2.575
3.02304
4.27928
0.568122
4.47179
2.39914
3.39789
4.72683
2.57383
3.19592
3.8797
2.38487
3.64835
0.50574
3.98624
3.15596
4.71963
3.7439
3.94009
3.46831
3.12397
3.41948
2.37109
7.12111
2.21107
3.67766
4.22993
3.82775
3.272
2.75421
2.72414
3.32917
4.43925
0.590608
2.82014
3.7087
2.85852
3.54331
2.23297
3.30693
3.21708
4.02264
4.56604
0.524956
3.03943
6.89474
4.94444
3.35714
5.40828
3.75581
4.13964
3.8254
9.048
3.65267
3.46707
4.84766
2.67384
4.17727
2.93469
3.31081
2.94545
2.72059
12.6131
1.97297
3.28758
4.24737
3.19048
4.41877
8.75806
5.09346
2.1295
2.6506
7.8
3.05556
3.76777
3.47345
4.07965
3.32042
4.5625
3.27843
3.75686
2.75556
7.65763
4.25764
2.49561
2.65957
2.83137
2.46091
3.65068
4.20238
2.10417
2.74638
2.88936
7.81522
4.30374
3.46923
2.0607
2.25498
2.95257
2.5623
2.26621
4.18919
5.05556
11.6777
3.97619
3.13655
5.68675
4.0123
3.9625
3.86561
2.77817
3.04068
2.54373
7.67559
2.9845
2.56452
3.28968
4.9711
4.11382
3.1704
2.85948
2.50345
3.84387
8.3254
6.65746
3.77978
3.18644
2.9529
2.43396
4.00424
3.93548
2.47119
4.34742
9.17551
2.93511
4.18571
3.68382
3.4625
3.35145
4.92713
5.26455
2.15773
8.02787
5.29341
2.77211
2.52632
2.75796
3.81429
2.39362
3.07807
3.82377
5.10748
10.619
2.93966
4.06034
3.06897
2.43621
3.89804
3.5
2.48134
3.5933
2.29317
2.86885
9.65085
3.79245
2.56623
3.97285
3.31081
3.60317
3.67984
3.30233
4.12698
2.43137
0.641156
3.55738
3.14754
3.40529
8.11607
3.66788
3.56
4.06024
3.29134
11.0196
4.19643
3.6902
2.82203
4.0916
3.24555
2.87273
2.98344
4.2605
3.96094
7.38562
2.45845
3.48029
2.48133
4.32883
3.43396
2.70408
2.32036
2.30606
3.10788
8.79137
3.20611
3.02509
2.91156
3.42466
3.34586
2.47195
2.20968
3.17045
1.85061
8.06738
4.00873
2.83088
3.32787
2.82101
3.36604
2.88627
3.45552
2.09302
2.22397
0.401478
3.18797
3.5122
6.26087
7.208
2.85211
3.38976
2.54828
5.24153
10.0634
3.48198
3.61207
3.69149
3.76978
2.88087
5.97838
3.38854
9.23387
6.9279
2.7379
5.07368
2.45373
2.81977
3.19784
4.85774
3.10593
3.56738
3.28626
0.622671
3.26119
3.24621
5.33043
3.68016
3.29225
2.74684
5.33333
3.84581
9.37395
3.65625
212.906
1.78082
0.716216
0.924603
0.945312
0.915254
1.02632
0.826087
0.975
0.794677
0.230357
0.820144
1.06897
0.852459
0.82963
1.05085
1.04918
1.08257
1.26852
1.07339
0.860656
0.868217
0.914062
0.957265
0.832061
0.913386
1.01695
1.08475
0.947368
0.885496
0.915254
0.854962
0.918699
0.141156
0.640884
0.852459
0.82963
0.949153
0.923077
0.949153
1.10092
0.888889
0.949153
0.868217
0.875
1.08475
1.05085
1.17431
1.17431
1.17431
1.17431
1.10092
1.08475
1.17431
1.17431
1.17431
0.153727
0.72
0.952381
1.08475
1.17431
1.02752
1.11927
0.943548
1.10619
0.865672
1.01271
0.798587
0.823529
1.02564
0.888889
1.11009
0.902985
1.08475
1.0367
0.896
0.862595
0.991453
0.983607
0.160714
0.641975
0.838235
1.06897
0.959016
1.09402
0.74
0.643885
0.764493
1.08936
0.885246
1.10092
0.813433
1.16239
0.966102
0.92562
0.889764
0.991453
0.983607
0.918033
0.918699
1.02479
1.01639
0.183673
0.657407
0.860558
0.899225
0.825397
0.82963
1.05085
0.918033
0.952756
0.974576
0.975
0.92562
0.862595
0.991453
0.983607
0.918033
0.910569
0.89313
1.05085
1.02632
1.0463
0.865672
0.932203
0.205782
0.764085
1.08475
0.852459
0.866667
1.22018
0.915254
1.10526
1.05983
0.885246
1.24771
1.09322
1.17431
1.17431
1.17431
1.06422
1.00787
1.17431
1.17431
1.02752
1.01575
1.0367
0.92126
6.79915
0.692308
0.991453
0.865079
0.992
0.923729
1.10619
0.949153
1.01639
0.983607
1.08475
1.17431
1.09174
0.72327
1.04367
0.808989
0.793893
0.866667
0.923077
0.862595
0.92562
0.862595
0.991453
6.5123
0.682353
0.852459
0.838235
1.13793
0.912281
0.859259
1.11864
1.0367
1.22222
0.66358
0.678679
0.84375
0.923664
0.915254
0.952756
0.829694
0.677966
0.810036
0.949153
0.862595
0.991453
0.983607
0.217687
0.753623
0.838235
1
0.954545
0.596386
0.814815
1.51707
0.849593
