1.61397
1.71875
1.57083
1.56061
1.88333
1.66667
1.6125
1.6125
1.775
1.75
1.57917
1.75
1.76515
1.825
1.74167
1.76667
1.74167
1.77083
7.65417
1.77917
1.80417
1.90833
1.90833
1.575
1.69583
2.05833
1.92083
1.90833
1.94167
1.6125
1.84167
1.67917
1.70833
1.775
1.66667
1.73485
1.86667
1.9125
1.81439
1.57083
1.625
1.90833
1.54167
1.975
1.65
1.91667
1.76667
1.73333
1.58333
1.72917
7.71667
1.80833
1.725
1.6625
1.73333
1.625
1.6875
1.975
1.80833
1.73333
1.8375
1.64583
1.88333
1.4375
1.91667
1.6
7.625
1.93333
1.63333
1.57917
1.8
1.80833
1.6
1.84167
1.99138
1.77823
1.67917
1.85833
1.64583
1.48485
1.68333
1.84167
1.76894
1.575
1.8125
1.75
1.7125
1.7375
1.64583
1.7
1.74583
1.875
1.75833
1.64167
1.73333
1.775
1.74167
1.6
1.36806
1.80833
1.75
1.75833
1.85
1.7125
1.94167
1.80833
1.86667
1.89167
1.975
1.60833
1.675
1.5375
1.775
1.47083
1.6
2
1.6875
1.51667
1.8
1.56667
1.7
1.65
1.70833
1.625
1.775
1.75833
1.25
1.82661
1.75417
7.575
1.65
1.7125
1.76667
1.64167
2.09167
1.775
1.8875
1.925
1.67917
1.7
1.65833
1.70833
1.91667
1.8
1.8625
6.97727
1.7
1.90417
1.59028
1.77083
2.0375
1.825
1.82917
2.05417
1.78333
1.8
1.83333
1.83333
1.73333
1.94167
1.77917
7.225
1.83333
1.85417
1.9625
1.78333
1.8
1.63333
1.7
1.81667
1.625
1.73333
1.77083
1.94583
2.00833
1.5625
1.7875
7.46667
1.76667
1.65
1.52083
1.76667
1.80833
1.56667
1.8
1.70417
1.73333
1.7125
1.7875
1.6125
1.50417
1.84583
1.93333
1.64394
1.69583
1.70417
1.63333
1.69583
1.84167
1.80417
1.84167
1.6
1.9375
1.7125
1.63333
1.68333
1.77083
1.83333
1.61667
1.47569
1.79545
1.71667
1.47917
1.83333
1.91667
1.72917
1.61364
1.66667
1.95417
1.84583
1.26667
0.945833
0.842857
1.03333
1.00833
0.933333
0.734848
0.966667
1
0.9
0.920833
0.827206
1
1
0.966667
0.983333
0.941667
0.9
0.966667
0.95
0.870833
0.916667
1.04167
0.883333
0.904167
1
1
0.933333
0.95
0.916667
0.933333
0.866667
0.935484
1
0.875
0.875
0.91129
0.808333
0.870968
0.903226
1.03333
0.95
0.95
1
0.904167
1.06667
1
0.887097
1
0.966667
0.933333
0.95
0.909091
0.967742
0.866667
0.983333
1.10833
0.945833
0.818182
0.9
0.96875
0.958333
1.03333
1
0.916667
1.16667
0.9
0.933333
0.983333
0.933333
0.95
1.06667
1.06667
1.06667
0.891667
0.659091
0.958333
0.969697
1.05
1.08333
1.04032
0.866667
0.933333
0.984375
1
0.935484
0.933333
0.925
1
0.933333
0.958333
1.03333
0.966667
0.933333
0.916667
0.966667
1
0.933333
0.742424
0.966667
1
0.866667
0.941667
0.953125
1.04167
1.04167
0.945833
1.09167
1.125
0.966667
0.908333
0.916667
1
0.920833
0.797297
0.966667
1
0.933333
0.95
1.1
6.64583
0.904167
0.966667
0.941667
0.8875
0.933333
0.908333
0.806452
0.966667
0.808333
0.816667
0.908333
0.945833
0.983871
0.8
0.883333
1.04167
0.933333
1.06667
1.06667
1.06667
0.966667
0.916667
6.02941
0.883333
1.03226
0.866667
0.883333
0.982759
0.850806
1.00833
1.03333
0.966667
0.933333
1
0.933333
0.983333
1.13333
1.06667
1.06667
1
0.9375
1
1.01667
0.929167
1.06452
0.9375
0.934028
0.866667
1
0.8375
0.916667
1.08871
1.04167
0.891667
1.06667
1.06667
1.06667
1.03333
0.9375
0.983333
0.904167
0.95
0.966667
0.95
0.866667
0.8625
0.904167
0.763514
6.60833
0.870833
0.95
1
0.866667
1.06667
1.06667
1.06667
1.06667
0.904167
0.870833
1
0.9375
1
0.933333
0.966667
0.788793
0.935484
0.966667
0.95
0.95
1
1.03333
0.933333
0.848485
0.984375
1
0.9875
0.933333
0.908333
0.875
0.818182
0.766667
0.870833
0.966667
0.9375
0.776316
1.075
0.933333
0.966667
0.883333
1.03333
1.03333
1.06667
1.06667
1.06667
6.64583
0.95
0.870833
0.883333
0.854167
0.909091
0.966667
0.866667
1.00833
0.933333
0.933333
0.983333
0.933333
1.03333
1.03333
1.06667
1.06667
1.06667
1.06667
1.1
1.04167
0.929167
0.787162
7.09167
1.36364
1.5
1.77083
1.39236
1.24306
1.57083
2.00833
1.78333
1.85
1.49306
1.55417
1.60833
1.89773
2.37083
1.36667
1.83333
7.6
1.24242
1.37917
1.525
1.975
1.82083
2.22917
1.47083
1.675
1.96212
1.02083
0.912879
0.992424
1.1
1.43333
1.01515
0.7125
0.9375
1.15833
0.962121
0.931818
1.39583
1.13636
1.27917
1.3625
1.10606
1.2875
1.31667
1.01894
1.11667
1.19167
1.02778
0.982639
0.94697
0.977273
1.025
1.20833
0.908333
1.11667
0.9375
6.39015
1
0.883333
1.03017
0.829167
0.761029
1.85417
1.625
1.41667
1.68939
1.96667
1.24167
1.60227
2.14773
2.18182
1.39394
1.6
2.06667
7.65833
1.73264
1.38258
1.86667
1.83333
1.70833
1.74167
1.60833
1.975
1.55833
1.62879
1.24359
2.14167
2.22917
1.69167
1.50833
7.425
1.35985
1.73333
0.996212
1.48264
1.45076
1.37153
1.72414
1.87097
2.12083
1.51736
1.67241
1.35081
1.28333
1.34583
1.12879
1.0375
0.908333
1.02734
0.775
0.931818
0.8125
1.20161
0.9
0.908333
0.920833
0.966667
0.841667
1.19583
0.941667
0.941667
0.908333
1.24167
1.34583
1.27083
1.33333
1.14394
1.09583
0.8875
1.15833
1.175
1.01042
1.18333
1.06667
1.18333
0.987069
0.925676
1.05
1.3375
1.17917
1.34583
0.830128
1.16667
1.29583
0.927083
0.829167
0.904167
0.904167
0.908333
0.822917
1.16667
0.866667
0.628788
1.475
1.1625
1.4
1.425
1.36667
1.3125
1.0375
1.07576
1.14583
1.19167
1.02273
1.125
1.40417
1.175
0.974359
0.964286
1.06667
0.996094
2.39773
20.2083
14.8485
1.2125
1.21181
1.14015
1.00417
1.37917
1.525
0.565972
1.25
1.11667
1.25417
1.32083
1.04741
1.06452
1.05417
1.08712
1.44444
15.4205
34.2375
6.97917
8.19583
13.3622
10.184
10.1083
25.3788
11.9826
22.0341
16.975
9.14015
11.9042
11.4653
1.45455
1.35833
1.60417
0.852273
1.24583
1.10417
1.15
1.19167
1.07955
1.31667
0.870833
1.20833
1.31061
1.30417
1.125
1.66667
15.1174
3.7
4.89583
4.47083
5.37083
2.56818
2.77083
2.34167
18.2375
10.0909
11.5083
8.49306
13.0833
9.97396
23.0076
14.0682
6.875
9.45417
15.322
6.84167
7.125
2.12083
1.62917
1.625
1.525
1.45833
2.075
3.54924
10.9167
12.1
7.825
1.80682
2.275
2.46591
7.8447
2.12083
1.04167
1.08333
1.00862
1.31452
1.1875
1.02778
1.35227
0.886364
0.975
1.37121
1.4125
1.27083
1.31667
1.625
1.5
1.47727
17.3295
13.1292
7.35985
3.81597
3.5875
8.78819
8.39773
16.5792
10.4962
7.48106
7.68333
12.0708
8.0125
14.9028
8.9
8.32083
13.3375
15.8208
9.89583
4.52273
6.20417
5.89773
6.78788
12.7689
9.725
9.17083
8.625
16.8833
5.65
4.09722
6.1
5.125
6.53333
10.3194
5.6875
7.98106
8.92083
14.8
20.4962
44.2792
17.8472
22.5208
2.13333
1.72083
1.54167
1.4375
1.79167
1.70455
1.34848
2.09167
1.49583
1.39583
1.14583
1.4053
24.7833
18.2538
4.84936
13.8083
5.97727
7.43939
13.4773
19.3167
8.57576
7.17803
6.75833
8.23485
27.0875
15.2083
10.9958
14.9167
8.16667
9.07292
13.9292
10.875
3.86111
5.02273
5.55682
5.0875
13.925
5.52083
5.39394
5.3875
4.67045
4.45076
6.2
15.9417
9.675
6.95486
11.3712
13.1023
13.0833
9.83333
3.30769
4.26136
4.75417
10.85
19.3458
15.7417
14.2208
9.32083
8.73333
5.43182
2.82197
3.69697
18
12.3472
8.53409
7.7197
15.1958
15.6288
11.4292
19.6894
12.0667
7.72727
21.3409
8.40417
6.80682
8.0875
16.3106
10.0958
9.18939
9.2197
19.8864
4.73264
9.7125
6.79167
6.58333
13.85
8.60417
6.76136
8.5625
10.0708
15.9542
10.6375
6.27273
1.93403
1.57857
2.28226
1.60227
1.98333
1.63636
1.27083
1.81439
2.37917
1.49609
1.77941
1.59848
7.55682
8.26667
6.13333
8.40385
6.39583
3.64773
6.025
4.73485
6.34848
22.1875
14.5625
10.0265
6.525
13.0125
9.52083
9.66667
17.3939
17.5871
12.6288
8.22348
3.72348
3.35227
2.09052
2.02419
1.59167
1.37917
1.56818
1.70833
1.50417
2.12083
3.59091
6.04924
1.42083
1.4625
2.0375
1.14167
6.26389
1.31019
1.35227
1.5625
1.24621
1.38333
1.06667
0.9875
1.24167
1.14773
1.49167
1.35764
1.88333
1.775
2.22083
1.70833
1.54924
1.64583
2.25379
2.17045
2.26515
4.70833
4.76894
6.07917
7.6
14.6875
3.22348
1.35606
1.52917
1.2803
1.04924
1.4697
1.06061
1.25
1.4697
1.27273
1.30833
1.72917
1.19097
1.29861
1.42917
1.86667
8.92083
2.18182
2.10227
2.4697
1.40972
2.07955
2.10897
2.95417
1.50833
1.40625
1.32812
1.19167
0.925
1.1
1.29583
0.901515
1.74583
0.940972
1.1553
1.58333
1.46591
1.46759
1.5
1.55682
2.3
6.23958
6.8375
13.625
7.29583
6.91288
6.55833
5.54924
5.29583
12.1629
6.18939
4.02431
5.29924
3.75417
5.32083
3.32986
9.17917
3.89015
3.05833
2.85833
2.85764
2.79167
3.2803
3.38782
8.2875
12.2273
7.5303
6.39394
5.725
6.375
4.53846
4.80903
5.88636
5.07955
7.15909
7.73611
13.5375
2.69167
1.37083
1.4875
1.88333
1.09052
1.47581
1.25417
1.57917
1.43182
1.25758
1.34028
1.67045
1.90417
1.4625
2.45833
9.39015
3.85833
4.30208
2.91288
4.82083
3.90909
5.65833
4.45513
11.5583
10.4292
5.55
0.975694
1.25417
1.47917
2.0375
1.3
1.275
1.8375
1.24167
6.64015
1.29167
1.425
1.11806
1.58333
1.25379
4.29924
7.91667
8.22727
14.7458
9.12879
5.16667
9.01667
5.00379
5.91288
16.6958
8.97348
7.64394
2.39583
4.33333
12.0682
7.42708
6.58712
1.15909
1.20417
1.50417
1.25446
1.31707
1.59167
1.29167
1.34848
1.68333
1.53333
1.30556
1.975
1.5625
1.525
1.30833
1.7375
1.60985
1.36458
0.973485
1
1.77083
1.67045
1.92917
1.27083
1.01136
1.81034
1.33468
6.48864
2.225
2.125
1.7375
1.78448
1.43243
1.475
1.75758
1.5125
2.00417
2.17083
1.65705
2.1375
1.61742
1.52273
1.37917
7.64167
1.2803
1.5375
1.40152
1.62083
1.50417
1.30603
1.17905
1.60833
1.19583
1.25
1.20455
2.1875
1.31439
0.993056
1.70833
1.9125
7.9125
1.64015
1.72917
1.7
1.47917
1.06667
1.82083
1.59167
1.01136
1.15833
1.4125
1.30833
1.175
1.0375
1.20417
1.14167
0.984848
1.225
1.06439
1.12946
1.06908
1.52431
1.45076
1.2069
0.977941
0.916667
1.3875
0.756944
0.991667
1.28409
0.944444
1.30417
1.13333
1.02917
1.51667
0.920455
1.05833
1.49167
1
6.64015
0.788793
1.15726
1.18333
1.0375
1.27083
1.55833
1.6875
1.15909
1.1
1.1625
0.794872
1.55303
1.52917
1.3125
1.46212
0.965909
1.40152
1.6
6.30556
2.34583
1.49167
1.50833
1.51667
1.69583
1.50833
1.82576
1.44697
1.7
1.84583
1.18359
1.64338
1.9
1.04167
1.73333
1.55
7.05
1.52917
2.91667
2.41667
2.30417
3.70417
1.64015
2.15417
1.70417
1.31818
1.79583
1.55833
1.34091
1.46667
1.48864
8.00417
1.8375
1.2803
1.89583
1.64394
2.84583
2.48264
2.30833
2.10069
2.01136
2.46667
8.25379
12.9042
5.38194
6.49621
6.02917
6.02917
14.9205
9.53526
10.9708
7.9125
16.525
11.6439
9.84167
7.31667
6.76515
12.7424
10.2375
10.4053
8.42014
10.9423
8.35985
8.8875
9.2375
4.02083
3.9053
3.78205
4.74583
3.11218
4.41667
10.2235
19.9417
7.30833
8.6625
6.81818
6.02083
12.9917
6.84722
2.64015
4.0125
1.78819
3.18182
3.09091
2.62879
4.64167
11.3182
5.29861
6.84848
7.99167
8.85606
16.5341
10.5958
8.40417
6.89167
6.56439
12.553
9.89583
3.57917
2.75
2.64394
3.59167
2.90833
2.72727
8.975
2.94697
5.07083
6.22115
6.50833
7.27917
6.99167
8.05833
2.49167
1.77917
1.56061
1.60985
2.15
1.93056
1.33654
2.025
1.18103
1.33456
1.72083
1.56439
7.95833
12.6894
8.35833
8.65
5.45833
3.59722
2.0609
10.2375
1.99167
3.51042
3.23864
3.20455
13.275
9.21212
7.89394
1.96528
1.76667
2.02917
1.42014
1.37121
1.425
2.14583
1.51136
1.99583
1.42917
1.71591
2.35
8.41667
9.7125
6.35227
7.58333
5.0125
5.90417
19.1292
14.4356
4.69697
2.63333
4.09583
8.48106
3.9625
3.76389
3.70417
2.18333
1.65833
1.60417
1.7375
1.66288
1.67803
1.95833
1.9375
1.65
1.76894
2.18561
2.5
3.5375
6.875
4.17083
4.34167
8.275
4.2875
7.75833
1.88258
2.20076
5.75
5.52083
4.62083
4.16667
3.17917
5.38333
6.12879
6.3125
5.17917
3.73264
9.50758
15.2333
8.45076
4.22083
2.11111
2.60985
1.36806
2.44231
3.275
3.2
8.32576
3.52273
5.50694
5.97436
5.52273
5.98485
13.6875
7.17083
3.64773
2.67708
3.31818
2.97727
4.00417
3.14236
4.34583
2.85417
7.19167
8.7
10.0625
6.81061
11.3833
4.66667
4.46875
6.42083
8
3.61806
2.84583
3.04583
7.9053
1.70833
2.09848
6.19583
5.2803
3.72348
5.22348
6.49621
13.8708
7.02083
7.06667
7.2803
8.90417
12.4621
6.97727
5.89015
6.66667
6.89583
5.80208
12.1542
5.35
4.64167
4.21875
4.85227
5.83333
2.24038
4.10833
9.17424
4.60227
9.72917
8.50833
7.18333
4.72083
1.74167
7.1
1.7
2.275
1.42917
1.37917
1.64773
1.47348
1.38636
1.38333
2.27917
1.44167
1.44583
6.70417
12.9735
5
5.51389
4.80682
6.21667
3.62879
4.40417
8.8447
6.725
7.56439
5.55
5.04167
7.61667
14.2708
7.22348
6.89423
7.55417
5.82197
11.1061
4.4375
6.99242
4.9697
8.25417
2.44583
1.52652
1.875
1.66667
1.50347
6.70833
1.79583
1.83333
1.25
1.45833
1.65833
1.34848
1.40152
7.37083
13.0125
17.7292
5.08712
5.73333
7.75833
7.7125
11.2197
4.31818
2.70076
3.075
2.26389
2.90833
4.64583
4.99167
3.49242
1.20513
7.5375
2.04167
1.43939
2.10417
1.81667
1.40152
1.69583
1.79583
1.74621
2.0375
2.475
4.51667
5.04167
10.0333
4.45076
3.32986
5.48333
6.61742
6.825
6.70076
9.83333
7.82083
7.18939
6.04167
5.80833
4.89931
10.2625
1.82639
2.4375
2.35833
1.95833
2.13333
2.74621
1.75758
1.96667
1.36071
2.05147
1.55449
4.88636
12.5833
5.47348
4.30682
6.04545
6.675
4.5947
10.4125
5.74242
4.15
4.68403
3.71591
7.25417
6.62879
11.0189
8.36742
1.75
1.575
1.46474
1.85
1.725
1.55682
1.48864
1.42083
1.92424
1.54514
2.025
1.09375
1.4
2.0875
1.51667
1.225
2.425
1.55
1.41288
1.97414
1.17905
1.62121
1.55303
2.09167
1.44583
2.5625
9.81818
4.54545
3.87847
5.90152
5.525
3.55682
4.09583
3.6125
9.23333
2.84028
2.96667
2.95076
2.81061
2.18333
3.05
2.82576
4.125
4.79167
4.12917
3.98106
4.63258
6.8125
4.59091
5.21528
4.89394
11.0625
8.20417
8.22727
9.01667
7.21667
3.92045
2.61859
3.29167
5.43182
8.10227
5.27917
4.64583
5.5125
8.98264
4.11364
4.13333
4.64167
4.10417
2.29545
1.975
1.68333
1.94318
1.71667
2.15
6.41667
1.87121
1.59091
1.87121
1.60714
1.82857
6.12917
4.57986
3.47727
4.21212
9.5
6.44167
6.62083
4.42917
5.7625
6.5947
4.26894
13.775
9.79167
7.11742
6.92083
8.42083
9.54167
3.0303
2.11667
1.57576
1.65064
2.2
1.46591
2.6
1.67424
4.5947
6.18182
3.49167
3.29808
4.19097
4.41667
4.65833
2.97569
5.07917
4.83681
10.625
5.27652
6.14394
8.15
5.23333
5.33712
3.92045
9.57576
5.2197
5.7625
5.79167
4.85833
4.09848
4.11667
4.00833
2.61364
4.0875
3.24621
5.04167
4.34091
7.39583
8.75
14.7125
4.00758
5.23106
5.72083
5.06061
5.5947
8.44097
6.70076
5.8
3.7375
5.49583
4.46667
6.26736
3.41667
1.45
2.12917
1.63258
1.22845
1.87132
1.53333
2.11458
1.59052
1.35484
2.05417
2.07083
1.81667
2.53409
4.1875
9.2803
4.11364
4.03788
3.85985
4.49583
2.36111
2
1.67045
2.11364
1.29545
1.63333
7.09848
1.68333
1.90086
1.77206
1.59091
2.11364
2.45
4.52083
4.68333
4.73485
5.3375
11.2462
4.67361
5.49583
3.7625
3.61458
3.125
4.48864
5.42917
4.17424
3.75758
4.8875
4.24167
5.71591
4.68561
3.69697
2.93333
8.45833
3.02273
3.79167
2.74242
3.55833
2.94167
4.10417
4.49242
2.81818
10.3712
4.42917
4.41667
6.10833
3.61364
5.38258
4.52083
11.5606
4.97917
5.79514
5.25758
6.52652
5.66288
3.85227
11.6708
3.70076
4.67803
5.69167
5.30417
4.9697
4.04167
3.84583
11.0189
5.34091
6.45833
2.87083
1.9125
6.2
7.58333
13.4432
8.8625
1.95833
1.9375
2.125
1.85606
2.64583
1.76667
2.18966
1.28676
2.0125
7.59167
2.07955
1.5947
1.75
2.56667
2.13258
1.66288
2.54583
1.68561
1.98864
1.79924
1.95076
2.0125
1.42803
9.70417
4.70833
4.99167
2.4053
4.18182
3.75417
4.01667
2.44444
1.79514
1.50694
2.20833
2.1553
2.11667
1.76894
2.09167
2.14583
1.78409
1.95076
1.1625
3.67917
3.74583
2.99306
3.71181
4.2803
3.675
5.31818
5.17083
5.15
3.68561
3.6375
11.4091
4.6625
6.74167
6.02083
6.9
3.5744
5.39167
11.3625
5.93333
4.87879
4.20455
4.25379
5.375
2.7
2.20076
1.90833
7.8625
2.12083
2.22917
2.26786
1.74219
1.86742
2.15
2.02652
1.73106
3.62879
3.45076
3.67083
3.06667
9.13333
3.425
3.01667
2.52917
2.6625
3.81061
3.95486
4.2375
5.71212
9.60985
4.6375
2.97222
2.75758
3.28788
2.90417
2.85833
2.64015
2.91288
1.79514
3.11667
8.63258
6.52917
3.27273
3.03788
5.49621
5.1875
4.00321
12.075
4.46667
6.2
3.8375
2.95455
3.54545
2.35417
1.57576
1.98106
1.55469
2.02016
1.99167
7.79924
2.08333
2.0125
1.22569
1.66667
2.02273
1.95
1.85606
2.5303
2.54167
3.84583
2.89167
3.02083
2.74621
3.95076
6.36667
4.475
2.75321
2.86364
3.2803
3.74583
10.4417
3.24583
3.91288
4.13333
2.17708
2.62847
2.20455
3.42917
2.79924
2.52273
1.70076
1.87083
6.42424
1.64773
1.69583
2.00833
2.14167
2.0375
1.7803
2.8375
2.39394
3.10069
3.575
2.75
4.125
3.83333
4.23333
3.57576
4.45
4.30833
4.64583
4.4125
5.26667
9.625
4.61742
3.74167
3.02778
1.84375
3.5875
3.96212
4.50833
4.17014
2.42424
1.87083
2.025
1.61364
2.29545
1.39744
4.14236
2.98864
3.9375
2.40152
1.51042
1.90833
7.18561
2.225
2.74583
1.79924
1.27652
1.79924
1.55303
1.43939
1.525
2.17424
2.04924
2.19318
2.39167
1.95076
1.45513
8.14167
2.44444
3.39583
3.46474
2.87879
3.49583
2.87121
3.69318
4.82083
2.89015
11.0265
3.70455
2.05417
1.75379
2.26894
2.2
1.62083
2.42917
1.78125
2.32576
3.07292
3.92917
3.73106
3.25417
3.725
4.89167
4.81667
4.75
4.40833
4.61742
10.6477
3.98264
3.95833
3.99583
2.57986
2.88333
3.25758
3.27652
3.32955
8.625
3.98333
4.09167
2.65
2.72083
5.16667
5.32576
4.77917
4.14394
12.9129
5.00758
6.93056
4.1375
4.25298
5.64167
9.29167
2.00417
1.85985
2.15
2.14394
2.62917
2.0947
1.89583
1.4875
2.19167
2.19167
2.3125
2.22917
9.45
3.79545
4.16667
3.96667
5.42803
5.74583
2.98106
3.55903
3.63333
7.58681
3.5
4.2
2.94318
3
1.59091
1.625
1.30303
1.70417
1.23485
1.28409
1.57083
1.575
1.8375
6.27431
1.82917
1.97917
1.74569
1.59677
3.50379
5.2875
6.65152
7.40417
3.97569
4.11806
4.17083
3.225
3.88333
3.48333
4.175
4.81818
3.36364
2.3
3.44697
3.48485
3.17917
3.37083
3.34375
3.90417
2.2197
2.95417
3.18056
3.42803
3.48485
5.00833
4.07083
3.44583
3.01136
2.5
2.5303
2.23485
2.99583
2.09091
8.225
2.35606
2.56818
2.94583
3.1375
2.59375
4.2625
2.97727
3.09167
3.83333
4.4
9.25
1.76136
1.34091
1.2375
1.2
1.175
1.54167
1.40417
1.50833
1.18182
1.7125
1.39394
1.48485
1.14167
1.49242
1.60833
1.20486
6.70833
1.67803
2.01515
1.96296
1.64236
0.921429
1.675
1.10135
1.5125
1.74583
1.8
1.64583
1.95455
2.0875
3.825
7.75758
4.40417
4.00758
3.26667
3.20833
3.39773
3.225
2.775
2.73333
2.48485
2.39773
7.89015
3.3125
2.61742
1.87879
2.44697
2.37083
4.38258
4.08333
3.07986
3.39583
3.99242
4.34583
4.67083
4.075
3.4375
4.75
5.55
3.16667
4.1875
1.875
1.92424
1.71528
1.9625
2.225
1.91667
1.7
2.3125
1.6875
1.82197
2.5625
2.25833
3.47917
2.91319
9.47083
4.60606
3.04545
5.19167
4.49583
2.42361
3.6
3.03333
3.57917
3.24167
9.9
2.49653
3.08712
2.14015
1.64583
1.575
1.47917
2.2875
2.05417
1.87879
1.93939
1.8875
1.72756
1.2125
1.73864
1.64394
3.30833
2.53409
4.7625
2.5
2.9
4.0625
3.83333
2.9375
9
4.03333
4.25347
3.16667
3.22727
4.68939
3.77917
3.40152
2.825
2.84028
2.63542
3.81439
3.98485
3.90152
5.59167
3.4697
3.79167
3.10227
2.76042
3.13636
3.79167
4.02917
3.15417
1.73864
2.13333
2.05417
2.06818
2.29545
3.31818
2.66667
8.7125
2.78846
2.925
2.67917
3.02917
2.5
3.06061
2.07083
3.07917
3.12917
2.40152
3.48333
2.6859
2.60417
2.75417
3.32917
2.3
2.18939
2.54167
2.51515
2.67917
3.78788
2.91667
8.7125
2.34091
2.3125
2.64015
3.12083
1.7381
2.7875
1.81439
2.63636
2.47727
3.19583
1.60985
2.89167
1.94697
2.7803
2.8125
1.84091
1.93939
2.54167
5.37917
4.63636
4.59583
4.89773
3.8447
4.20455
4.9
3.0625
4.73958
4.32639
4.5
9.31597
3.275
1.67045
1.9375
1.32083
1.35764
2.10417
1.62879
1.66667
1.39773
2.04583
1.94318
1.79167
1.73333
1.79583
2.14583
2.22348
2.26667
2.01667
2.3875
1.8375
1.80833
1.92083
1.80303
2.39394
3.64167
3.94318
3.43403
9.46667
3.12153
3.54167
4.01389
3.15833
3.01515
3
2.90625
2.72348
3.15
8.45455
3.69697
3.15417
2.875
2.45417
2.16667
1.53409
1.79167
1.73106
1.39015
1.8
2.07917
2.35417
1.375
1.60606
1.7803
1.51136
1.98333
2.02917
2.23333
1.94167
1.26667
1.74653
2.08333
1.09375
2.52083
2.16319
9.79924
2.81061
2.125
1.975
3.125
2.73864
2.6625
2.79924
2.98333
4.43182
4.02917
7.65385
2.56061
3.0875
5.1
3.675
3.4053
4.1375
3.46528
2.46212
9.25
2.6859
2.875
2.90152
2.71212
3.20076
3.18561
3.9625
3.17083
2.95833
3.20417
11.1958
3.09722
4.52083
5.175
4.09848
4.38889
3.19318
4.0303
9.3875
3.17083
1.98864
4.57917
3.04583
3.22348
3.07083
2.88636
4.77652
3.32576
10.1375
3.44583
3.47115
2.47436
4.59167
3.19167
3.10227
3.40833
3.70076
2.66288
3.31061
1.99653
4.53333
2.78333
1.61742
1.27652
1.90417
1.8125
1.56667
1.89773
1.92045
1.85
1.66288
7.475
1.75
1.90417
2.90833
5.13636
4.3625
4.75
3.82917
4.81944
4.49583
8.3375
1.86742
1.96667
2.45833
1.725
1.8
1.2375
1.86667
1.81061
1.46875
1.99583
1.80417
3.14167
3.5
9.90833
2.81667
4.0303
2.97569
4.7125
3.10227
2.01667
1.79545
1.3625
1.31061
2.30833
1.35606
7.55
2.46667
1.60417
1.62917
1.75417
2.0375
2.04583
4.4125
3.25
3.18333
3.39583
3.625
8.37879
3.89583
2.64773
2.18333
1.54924
1.625
1.39103
1.48864
1.54583
1.42045
1.73864
1.25
1.70833
1.625
2.03226
1.60227
1.50379
4.57083
3.31818
2.38194
3.6553
3.625
3.34583
2.625
2.19167
1.13636
1.80303
6.8447
2
1.92045
1.35764
1.90909
1.79924
1.43403
1.58333
1.47348
2.32917
2.68534
1.91544
1.89773
1.65152
2.25
1.64015
2.04924
2.59167
1.29545
1.05357
1.72984
1.8125
1.63258
2.40833
2.475
2.31061
1.8875
1.825
2.22083
7.30682
1.99306
1.58712
2.1
1.89167
1.92083
2.44167
1.28125
2.48485
1.73106
1.56667
1.93333
1.48864
1.8625
2.31439
7.99306
2.47083
3.54167
3.26136
4.39015
3.34028
3.8
2.59722
2.69444
2.5625
2.64583
2.4125
3.575
3.8
2.69583
2.55417
2.04167
1.5
2.27083
2.11667
1.85227
2.56667
8.31439
2.51136
1.45833
2.10227
1.88333
1.83333
1.64015
1.9875
1.65833
2
1.39167
1.7125
1.68561
2.4125
1.6875
1.35
2.35417
1.99583
1.60417
1.47984
2
1.47917
1.97727
1.49621
1.50556
2.04167
1.8625
2.2875
1.54583
1.90417
1.39167
8.38333
2.37917
1.73864
1.24359
1.83333
1.61364
2
2.08333
1.94167
2.28788
2.07576
1.56944
1.65833
2.125
1.26562
1.50368
1.68333
1.81667
1.30682
2.16667
1.34091
1.70417
1.88333
1.50694
2.01136
2.23106
1.70833
1.83712
1.98333
2.39773
8.67045
3.33333
3.67917
3.4125
2.45076
3.14167
2.3
2.1125
1.8625
2.93939
2.15417
2.07576
8.325
2.24583
2.55682
3.11667
2.99621
3.225
3.19697
2.99621
1.875
2.6
2.44697
1.84375
2.29583
1.51515
2.33333
2.09583
2.05
1.71591
1.39773
1.475
1.94167
2.39167
1.8625
2.13793
2.51471
2.30208
2.16667
2.12153
2.32197
2.32197
1.78472
2.72917
2.39773
3.2125
2.18182
2.50379
2.91288
2.8
2.1875
8.97083
2.25347
2.7197
2.9125
1.97727
2.87083
2.44444
2.66667
3.6625
3.69583
2.92083
8.06439
3.3
2.22348
3.12083
3.0947
3.05417
2.64167
1.90152
2.39931
3.32576
2.25758
2.68561
8.69318
2.06439
1.8447
3.17083
2.05
3.17803
2.67083
2.39015
2.3875
2.675
2.1875
2.0875
8.70417
3.15
3.11364
2.425
2.57197
2.40833
4.09167
2.97083
1.79167
2.74242
2.97917
2.12879
8.29583
2.85417
1.95076
2.775
2.875
2.03788
2.44697
2.51042
2.4053
2.19097
2.17014
2.27083
2.49242
2.26894
2.25
2.27083
2.2875
2.40833
2.81667
2.99621
3.06061
2.96591
3.38258
2.36458
8.61364
2.75
2.53409
3.65417
4.40417
2.36111
3.225
3.575
2.93333
3.08333
2.12121
8.61364
2.86538
3.90417
3.5125
1.97348
2.75758
4.04583
2.65909
2.41288
2.98106
2.60227
7.61742
2.7375
2.03409
2.43182
2.80417
2.84167
3.5
3.05682
2.41667
2.52652
2.36742
2.94167
7.13889
2.92083
2.46875
2.26515
4.20455
3.0303
2.125
2.15909
2.77652
3
2.6625
8.57083
3.11742
5.42424
3.14167
4.86667
4.19318
4.23864
3.46667
3.56439
9.36667
1.38462
1.43561
2.25417
1.925
1.5947
1.5875
1.9125
1.86458
2.30833
1.69167
1.70417
2.28333
1.55417
1.70833
1.40417
2.93534
1.49632
2.0625
1.53409
1.59091
1.53333
2.18056
1.64015
1.76667
1.77917
1.78333
1.65833
1.60833
1.4625
2.09583
7.225
2.25
2.3125
2.39583
1.87083
2.07083
4.25
3.4
3.63542
3.38636
3.05
8.05208
3.64167
3.67083
2.84295
3.23106
3.08712
3.35
4.07197
2.22727
3.36742
7.50758
2.93182
1.725
1.92083
2.07955
2.28125
2.59091
1.90909
2.56667
2.05682
2.24242
2.26515
2.3375
8.97917
2.16667
2.0303
2.1375
2.02652
2.8
2.29924
2.25758
2.04167
2.09848
3.25758
3.1375
3.07197
8.375
3.72727
4.02917
3.56818
3.78788
2.97727
2.40064
2.0303
2.93561
3.06818
1.67308
2.62069
2.09677
2.5
3.00379
5.125
4.75
4.0625
3.29861
3.18561
10.0792
2.09722
1.47727
2.3125
2.33333
1.9125
1.56897
1.78309
1.91667
1.60417
1.72917
1.9569
1.88971
9.09583
2.39583
3.51389
4.1
3.66667
3.725
3.575
3.40833
3.34848
3.65909
7.81597
4.6375
2.4053
3.29924
3.19318
5.13333
3.20833
2.625
2.57955
3.25
10.2
2.76136
2.66288
3.44167
3.49583
3.18333
2.44167
3.34583
3.26667
3.49583
3.92083
8.79167
2.09722
3.95417
3.61364
3.475
3.25833
3.7875
3.73106
3.21875
9.40152
2.63542
3.46591
2.5
3.38542
3.6125
3.52917
4.14773
3.73333
2.52652
9.35
2.92917
2.0625
2.67045
2.21667
3.425
3.1375
2.45833
2.77431
4.24583
2.35985
3.87917
4
4.75
3.70417
4.75
2.64773
2.30769
3.41667
3.39773
2.51515
8.65909
3.14015
4.04545
3.24621
2.51667
3.69583
4.79167
4.50347
4.35833
11.8458
5.41288
4.61667
2.78333
2.80903
4.15417
2.625
3.48106
2.97083
8.9
3.27917
2.84091
3.53788
4.325
3.1625
3.05682
2.29545
3.06061
2.50417
2.38333
8.57083
3.35227
4.04924
2.84167
3.225
2.44444
3.75833
2.95455
3.72569
3.86667
8.4875
3.17083
3.00833
2.32639
2.57576
3.35985
3.23864
3.125
2.79545
2.44318
2.01389
2.52273
2.65909
2.89167
3.125
2.61742
2.04167
2.20833
2.50379
4.25833
3.07917
3.36667
2.52917
8.29167
2.4375
2.69167
2.41987
3.06667
2.32197
3.17917
2.43182
2.18182
2.64583
3.16667
3.11364
8.51515
2.97727
2.1875
3.3125
2.85417
3.19318
2.15152
2.9125
2.97917
2.10227
3.45833
8.27652
2.625
3.52273
3.23485
2.19792
2.39583
2.84848
2.38194
2.60606
2.51136
3.07917
8.87917
3.20833
2.67424
2.08333
3.29545
2.16667
1.61364
2.56818
2.47917
2.96591
2.74167
2.05303
2.94583
2.95833
3.11667
2.09091
3.07917
2.4697
3.07083
2.09375
3.29583
3.37083
3.5303
2.33333
7.52431
2.22727
2.875
2.21875
1.92361
2.96667
2.80208
16.4375
37.5792
22.6833
51.7917
16.197
16.95
14.875
11.8333
13.2708
19.5795
10.85
8.65
7.74583
7.625
19.7708
10.6215
10.2121
16.0417
11.7292
8.80903
23.9508
14.5758
26.7008
32.9931
10.4053
5.35417
6.7625
5.26515
6.68939
10.1181
12.2803
21.6417
27.6458
20
22.0542
29.3917
40.6542
27.9708
16.2853
21.0583
17.4015
9.40909
10.2311
14.4917
5.0125
3.23611
4.67917
9.32639
16.6542
17.2576
16.025
19.6708
5.32955
4.58712
4.4125
4.79583
3.58333
3.91667
13.3708
7.34848
8.9125
13.0417
20.2992
22.9432
16.3598
11.0208
11.9697
12.1458
47.625
14.8708
16.4735
17.1375
17.1174
16.2417
17.0341
18.1958
16.1705
16.9549
14.5875
23.8333
17.0417
14.4542
22.4125
15.8523
19.1146
18.6792
15.4318
17.7625
16.0265
11.2689
15.8939
13.2955
17.5114
12.6603
17.4205
22
25.75
19.4583
18.5083
16.275
19.7583
16.2333
31.8917
11.4508
19.775
13.2679
9.20455
9.32372
18.5875
14.1458
13.4931
15.0208
16.625
13.9875
23.4333
17.0492
11.5625
21.7125
22.5542
47.5167
12.9833
21.2625
18.8708
17.3712
14.1875
10.2083
14.1098
23.1625
24.6629
26.6591
8.92424
17.2583
14.8788
14.5341
2.17045
2.92361
2.82197
2.425
3.11364
2.37879
3.09167
2.85833
5.39167
17.0958
11.3106
49.6629
14.734
23.178
23.2708
6.3375
12.25
20.3977
26.7167
16.5985
22.65
19.2792
35.2542
19.6856
36.2417
17.2167
25.8958
8
8.82083
22.2197
27.5341
31.6742
29.375
17.8939
13.8409
28.4417
38.1515
22.9848
48.7625
31.5758
21.1625
27.8208
14.3194
22.0875
31.3485
32.95
4.42917
3.55682
3.22083
2.68561
3.45
8.85
3.63258
23.0312
44.525
27.0568
22.45
23.8125
15.1542
9.42308
19.5208
5.91288
3.67083
4.34167
4.9125
6.6375
8.30303
19.4053
9.8125
34.9667
20.3167
28.7917
17.4667
10
28.6167
10.4583
11.9242
19.3167
9.15
12.6792
24.8792
21.5042
32.8939
29.3208
10.5568
16.1875
32.575
12.7311
11.8333
18.3939
52.2689
42.7375
17.1562
7.84583
11.6181
17.7583
17.0167
19.8458
10.0256
16.15
18.3194
29.4
21.7576
6.8875
34.6875
19.1917
24.5076
24.0606
16.9917
12.2311
17.4479
20.0492
14.6
26.9129
10.4583
11.4205
14.8667
14.4242
14.1442
21.4508
14.0114
15.5375
18.4826
19.4697
19.5208
8.5303
10.8292
13.0625
19.8144
27.322
16.4757
35.7333
21.5625
23.6023
26.5125
29.4132
22.303
26.3333
6.17917
4.68182
6.32083
4.25
7.60227
32.9083
31.2875
13.8
33.0792
13.0792
14.4375
37.1
16.3902
6.70455
20.6288
18.1288
21.0265
21.1154
17.5458
25.0708
18.3958
11.75
9.45833
30.1553
27.1591
17.125
15.0375
27.4931
26.7188
24.7386
29.05
24.3792
24.4292
18.5333
13.0458
23.4917
9.90417
25.4621
6.2125
6.23611
8.00833
3.70455
7.85606
17.7417
8.70455
13.9458
16.7992
11.9811
14.7743
18.4958
11.1477
10.072
9.91667
44.4417
20.5227
13
15.6792
16.6932
11.6458
12.1
10.9667
24.3258
24.3417
10.7458
11.8902
33.6136
48.1875
12.1061
11.4417
24.2197
15.9
23.5303
11.2958
10.8864
9.0303
13.6208
14.1375
15.875
20.2625
21.75
12.6
18.6125
11.4667
18.9
28.2833
39.3125
31.2625
18.7417
10.55
6.6375
9.35606
20.1875
10.7188
8.9125
20.3458
34.9508
17.0042
12.0792
13.8792
12.75
8.60417
4.84091
7.79167
10.75
12.0521
6.85764
10.0792
14.4125
23.2273
16.8447
22.75
21.4417
17.9242
18.2992
8.14394
8.76515
11.7179
12.5114
19.9053
21.05
10.2917
8.7197
25.3144
32.6098
10.2583
12.1333
12.4375
21.1515
12.678
12.8667
14.0903
7.88782
10.5583
8.62083
18.9808
13.3167
7.86667
6.62083
14.0792
23.1917
30.6553
11.4125
16.0167
21.2208
17.0208
32.4
13.2708
6.94167
4.90417
11.2244
20.1458
32.7583
7.1875
10.3371
6.60833
7.12879
18.975
13.5208
8.72348
12.9226
10.3258
16.6042
6.9375
16.6708
8.07576
10.0667
12.0152
8.38462
11.2375
13.5708
20.0333
13.8208
8.19318
5.9053
11.7625
5.10764
5.27083
14.8106
22.6076
20.0625
11.55
19.2083
11.441
38.4129
10.7311
12.1333
17.5069
27.3208
19.4886
19.5417
41.4583
10.9583
13.6667
8.60833
19.0958
24.7042
10.8042
8.89167
8.64773
22.5312
17.7882
29.625
1.20417
1.6375
1.29583
1.10833
1.62917
1.08333
1.27083
1.56818
9.3125
22.0644
29.3375
10.6562
9.02083
12.3958
15.8125
30.4083
33.8125
19.2708
20.4205
12.2458
17.6792
33.7042
12.4962
22.2208
9.875
11.2792
16.4333
8.08333
15.2167
13.3144
16.8878
18.3125
18.5868
12.0083
9.06667
12.7875
16.7
7.5
6.58333
11.2833
14.6111
12.4833
13.6833
18.7045
10.7273
9.89583
31.9886
17.9167
11.3667
9.92045
15.0375
12.6477
21.6667
8.91667
11.725
15.1742
9.66667
11.2125
10.5265
17.8792
11.6292
9.20833
13.9875
18.3917
8.14583
14.1875
7.5
9.84375
8.24653
9.24242
17.5492
13.4583
12.6375
17.3523
16.6023
15.175
18.0208
12.3674
10.7083
9.16288
16.7542
13.3977
34.35
24.9917
23.0542
12.1288
14.65
20.6402
6.01923
4.1375
3.62917
2.32197
3.0947
3.02917
16.5667
13.7792
13.7743
21.0208
14.0458
11.2417
16.5795
10.4375
6.61806
7.91667
18.2375
8.32917
9.96528
9.45139
16.7083
26.9417
22.5833
12.2917
8.44583
6.72917
15.4292
7.9053
10.3958
10.225
15.7333
9.89015
13.3333
18.2727
7.45076
11.1742
7.70486
17.0083
5.95076
4.04861
6.54167
10.7167
17.1061
19.9242
28.5
11.1705
14.5292
20.7462
13.0917
7.68182
9.28333
13.6458
25.9625
25.5379
13.8371
11.2121
6.625
9.47727
4.5875
4.61667
3.56061
4.50833
12.2841
12.6364
7.62847
7.8625
5.48106
5.18333
6.05833
9.04545
5.69697
9.31818
5.80556
8.62083
12.3542
7.16288
11.2875
7.6375
16.6932
15.6023
15.4375
14.4062
8.59028
14.6439
10.5208
15.4208
11.15
14.4583
22.3875
27.9015
13.4917
11.7273
9.125
12.2538
12.5139
11.8208
9.59583
8.84167
20.6083
8.2
7.78333
10.275
5.05
8.125
2.27917
7.40833
10.0958
8.26042
7.7625
20.175
12.1917
10.4667
15.5795
11.3814
9.44583
20.0795
7.32083
5.25
10.6875
9.9875
25.25
10.8598
10.6083
20
12.3826
10.9167
12.5758
13.3125
14.6553
16.4083
9.09583
6.40417
6.09375
7.46667
7.80833
14.725
6.89236
9.61667
8.4375
16.0375
13.3333
6.34583
8.99621
6.67803
16.1292
6.71591
6.28788
5.0625
8.37083
8.53869
9.75
8.70833
6.12821
7.43333
13.0568
6.58712
11.559
10.0083
13.3458
5.68333
10.025
11.6625
10.4
14.5379
24.8667
33.5292
26.975
20.6285
29.3333
24.3625
25.4811
27.1125
27.5792
31.8125
69.625
11.6542
10.9083
26.1389
57.6542
20.9053
34.3625
27.4924
24.2792
30.2847
30.65
23.1098
21.5871
29.7311
20.178
25.9917
26.4091
12.5292
28.8125
25.2667
33.8583
14.3977
24.8083
28.8833
29.0583
15.0458
44.3
19.0375
41.3125
42.8333
32.6417
21.2424
18.3523
15.1208
22.7159
29.5542
58.8542
39.3
19.3625
25.6076
21.0871
23.0125
22.678
23.4773
35.2458
17.8902
12.6477
27.0417
18.5667
27.15
23.9394
33.6083
32.0035
14.9356
29.7625
20.3042
8.14423
0.797297
5.21474
0.966667
0.966667
0.920833
0.935484
0.975806
1.00833
1.00833
1.07258
1.03333
1.06667
1.06667
1.06667
1.06667
1.06667
1.1
0.95
1.06818
0.920833
0.776515
0.966667
0.933333
1
6.62917
1
0.966667
0.9
0.935484
1
1
1.075
1.06667
1.06667
1.06667
1.08333
0.9
0.966667
1
0.929167
0.983333
1
0.916667
1
1
0.9375
1.13333
6.57917
0.935484
0.933333
0.9
0.935484
1
1
1.24167
1.27083
2.275
1.81439
2.01667
2.14773
1.64236
2.175
2.1125
1.73571
1.87097
2.20513
1.97569
1.73106
2.39167
2
1.11538
2.27431
1.89394
2.77273
1.76136
1.83712
1.58333
2.2625
2.25
2.09524
2.48864
2.22348
2.41667
2.56667
2.48485
1.73106
1.52083
1.83333
2.12083
2.13889
1.5
2.24167
7.4125
2.19318
1.39931
1.94697
1.66319
2.00758
2.25694
2.63333
1.82917
1.96212
1.47115
3.14167
2.73333
2.62917
8.75417
3.07917
2.18939
3.05682
2.45
2.40152
2.3375
2.50417
1.7803
1.89394
2.14773
2.30303
2.25417
1.99242
1.97083
2.11364
2.69583
2.39773
2.5303
1.88258
2.13333
2.4375
1.62083
2.87121
2.04545
1.775
8.0875
2.4125
2.88333
2.37083
2.0947
2.6625
3.03409
2.56439
3.04924
2.65833
2.99583
2.4697
1.4875
7.7875
2.3
1.92045
1.80769
1.88333
1.81667
2.72083
1.73485
2.42083
1.7875
2.225
2.21875
2.5303
2.08712
8.32083
2.15833
1.78788
2.81439
2.1553
1.85985
2.84583
2.35985
2.1875
2.09848
2.03409
2.675
2.98611
9.69583
2.58333
2.87121
3.2197
2.61364
3.25833
1.8125
2.12121
2.35417
2.54861
2.01515
2
6.9375
2.49242
2.04924
2.17105
1.55417
1.95833
2.49167
1.81818
2.08333
1.53409
2.15417
1.7803
1.6553
1.84091
1.4875
2.24242
2.11742
1.50694
1.74242
2.59167
1.89167
2.67917
1.96528
1.63889
2.56667
2.09848
2.07083
1.97348
7.85985
1.5
1.63636
3.04167
2.23106
2.725
2.0947
2.44167
1.7197
2.4625
2.2803
2.18561
2.49167
2.49242
7.40909
1.44318
2.46591
1.97917
2.26136
2.43182
2.55303
2.29779
2.19097
3.09583
1.82292
2.6375
3.16667
1.68056
2.17361
1.52652
2.29167
2.21667
2.40086
2.40074
1.75
2.31818
2.20076
1.84091
2.4875
2.125
6.96181
2.4625
2.1553
1.70833
2.80682
2.14744
2.20076
3.4
2.44583
2.5375
2.2125
3.05682
2.625
1.66987
1.90417
2.20833
2.23333
1.87083
2.8875
1.92424
1.94097
2.04924
2.77083
2.33333
2.60833
2.01515
6.60764
2.01667
1.625
2.46212
2.15833
2.7375
2.22348
2.98333
2.02652
2.33333
1.76042
2.2875
2.13542
2.22727
2.22569
1.875
2.25379
2.20833
1.67672
2.48162
2.625
2.67045
2.41667
2.72727
1.81439
2.50417
1.57576
7.01136
1.87879
1.51515
2.50417
1.79861
2.18333
3.43333
2.19097
2.17917
1.58712
2.60833
2.42083
1.68561
2.15909
7.43182
2.00758
2.20139
2.18182
2.39015
2.96591
1.97569
2.05303
1.77083
2.0125
2.04167
2.2803
2.31667
7.48106
2.3
1.92803
2.57917
1.97083
1.64931
2.54167
2.58333
1.89236
2.15833
2.04167
1.79924
2.56818
2.58333
6.85417
1.81439
1.94097
2.53788
2.47917
2.81667
2.09848
2.29583
2.12121
1.69444
2.12879
2.06818
2.09848
8.54583
2.12917
1.87153
2.28788
2.50694
2.47222
3.00833
2.11824
1.60606
2.3375
2.25694
2.29583
2.52917
7.05303
2.5625
2.23106
1.61806
2.15417
3.1553
2.38258
1.78788
1.78409
2.14015
1.94097
2.19167
2.77083
1.95833
7.75379
2.32639
2.13333
1.87083
1.825
2.325
1.85833
3.0875
1.5
2.22083
2.05556
2.4053
1.60069
7.88636
23.5208
26.1094
21.1179
35.6136
36.2829
6.56818
4.78333
5.63603
5.3125
14.2542
5.74194
6.05645
6.15
4.01923
6.58681
17.6581
13.1833
4.59559
6.96667
5.01613
12.5492
3.07317
4.18182
9.34936
9.625
8.90789
4.66406
5.22727
2.59063
2.27273
3.07917
2.54924
2.51894
2.5625
2.90152
8.93939
2.82812
3.81061
3.4053
2.29032
2.2197
2.17803
2.24621
2.30303
2.04839
2.40809
2.25
8.18333
2.75758
2.5625
32.1
7.34559
2.6375
1.83333
2.99167
3.38258
2.25
1.95417
2.03788
2.7625
2.36364
4.70703
6.64583
5.78333
3.93243
4.2625
5.5625
4.94318
5.59167
4.31731
9.45417
4.97348
6.06757
4.08333
5.04808
5.92083
10.9485
5.32083
2.19167
2.17424
2.45161
2.11364
2.1875
2.06439
2.27083
2.275
1.65074
2.4625
2.2803
14.3958
8.05903
7.89394
7.77431
6.52652
4.19643
3.46371
3.31944
4.22348
4.26042
4.5375
9.06944
11.1507
6.74242
3.28333
2.61364
2.8375
2.64015
2.10662
2.7375
2.90278
2.475
1.77823
2.20714
3.39167
2.55833
2.15833
1.52652
1.28819
2.42083
2.325
1.97917
2.04167
2.67424
2.10662
2.90417
2.17045
2.2
2.4125
2.14394
2.34583
2.38333
2.35
45.6047
4.20833
4.68182
3.64583
5.225
3.49242
3.94167
3.98333
4.4053
5.25
11.1333
4.21875
4.87917
4.30833
5.60484
10.5114
41.1705
4.75417
3.4053
7.98106
2.52083
3.99662
3.31439
3.125
3.99194
2.66544
4.57917
2.84848
4.39773
8.21691
3.40833
3.325
4.39583
3.97984
6.32917
5.7125
5.64015
11.7958
3.26894
2.84583
2.2875
1.9875
2.625
2.09583
1.94167
2.6625
2.49583
1.88542
1.93561
7.04808
2.90833
2.8375
2.86667
2.875
1.75347
2.35985
1.88889
2.54583
3.10417
3.22426
4.95455
3.88889
2.31908
5.43333
3.57639
3.76689
2.65417
2.07917
1.97917
1.99621
2.08712
8.13333
2.26515
1.82639
1.95455
2.18125
1.80682
2.84167
3.07083
2.69697
3.14583
3.14773
3.3125
7.57955
2.56667
2.67045
3.375
3.26429
4.1125
4.07576
2.98264
3.70455
3.79167
8.02273
1.94444
2.41667
2.90909
2.18182
2.9125
3.18561
3.06667
2.59091
3.91667
13.3309
7.00833
7.81061
5.29545
1.82292
2.22083
2.3875
1.86859
8.4125
2.17803
1.79167
1.97727
1.8
1.78472
2.05556
2.35833
2.325
2.35606
2.63258
2.08333
1.46591
2.14167
1.92424
1.90152
1.7125
2.4875
2.5947
2.63636
1.77917
2.125
2.57917
1.99621
2.42361
2.85227
2.06818
2.01042
1.36667
2.27652
1.67949
2.34274
2.98333
2.00694
2.05
2.30833
2.0947
2.25758
39.6167
3.14103
3.32917
2.59722
2.44643
8.42361
3.19583
3.43056
3.62083
2.34028
3.11667
2.64167
2.9625
2.27083
3.19583
1.92917
7.80682
2.4625
1.93056
37.375
1.99013
2.89167
3.3875
2.92083
2.08333
2.09583
2.6875
2.08712
2.30833
2.13141
2.25758
2.24167
1.75758
1.92803
2.025
2.04545
1.96212
2.0947
2
1.69444
2.79861
3.70833
4.00417
3.47917
7.66346
4.06667
4.73333
3.16667
3.99621
3.54044
4.51515
3.96667
3.28788
10.3083
4.67917
3.72917
3.275
2.62917
2.75
2.625
2.29435
2.98333
3.15417
2.49242
9.76894
34.8458
11.2708
7.60417
6.575
6.85417
4.19583
4.85606
4.0875
4.32422
3.1125
4.61667
3.40152
3.74583
2.87821
3.94318
2.8875
2.58333
3.325
7.70455
2.06667
11.3833
6.42803
1.4399
2.52917
2.43333
1.69286
2.31985
1.92045
6.55556
2.09848
2.74242
2.46591
3.54167
2.93952
3.7125
3.08333
3.43182
3.22083
3.74167
8.94697
4.325
4.5
3.98718
3.17045
3.55
4.92083
3.4125
4.8375
4.39394
2.47917
4.68561
3.48333
2.94097
2.56439
3.20833
2.65972
2.27652
2.58456
2.06439
1.98264
2.39773
1.91288
2.39167
2.40909
1.87917
3.01515
2.9625
2.93333
1.68561
2.3125
7.67045
2.30682
2.35606
1.8875
2.51515
2.03125
3.27917
3.36806
3.04545
3.45833
4.08333
8.61806
3.82955
2.48106
2.35985
3.22083
2.83712
2.39167
1.98333
2.43182
2.8125
2.43571
2.46667
2.65152
3.45455
4.51515
4.72083
3.00694
4.25379
3.8625
3.89394
9.35294
4.75758
3.30417
4.51042
3.40152
4.77574
3.1
2.43269
3.05
10.1833
3.03846
3.07197
2.64583
3.12879
3.70833
1.99621
2.68939
4.07197
1.91667
3.225
3.06439
3.75833
3.525
2.49583
2.46591
2.30303
3.02778
2.39015
3.52083
5.57197
10.7333
5.27652
2.56985
3.31667
3.14931
3.13333
39.7833
1.29657
2.7
1.5875
2.79167
2.275
2.09848
2.4697
2.60227
1.88636
2.58712
2.89167
2.54583
2.26389
2.51136
1.88636
2.21667
3.79924
3.05
2.31061
10.3292
4.20417
4.08712
2.18403
2.75
4.98333
3.78333
3.85227
3.59848
9.14394
2.89773
4.08712
3.31667
3.07917
3.61364
2.9697
3.67917
3.7803
5.85417
2.88194
11.0189
5.8625
4.7125
3.50833
3.35
4.02778
8.48106
2.84848
4.22727
4.35
6.3125
5.44583
19.1333
2.61012
6.1625
4.125
4.6875
4.5
4.52917
3.55449
3.06439
9.3
3.03409
2.74583
2.5
3.27917
3.85606
3.09583
4.65
3.48106
4.03333
8.68561
3.68561
4.51894
4.71591
5.18182
8.80833
6.49632
5.26136
1.96591
5.02778
6.09028
5.375
6.09167
10.9545
381.729
315.606
415.471
287.629
197.412
337.822
106.883
184.299
154.383
191.521
45.3068
159.408
87.5758
180.396
147.662
43.6146
26.0455
56.1375
82.7083
207.455
52.8458
220.059
111.554
15.9542
21.8333
15.9083
21.0583
22.6629
11.875
24.2417
11.85
10.1477
9.48106
25.2333
14.2008
7.74242
19.2424
12.5125
10.8667
6.69583
4.28333
3.67708
3.17014
3.94345
66.1417
134.812
67.9015
71.2311
65.375
94.6389
71.2955
79.3917
44.3485
253.921
1.10417
0.913793
0.903226
0.933333
1.05
6.55417
0.966667
0.8
0.833333
0.772727
0.995833
0.941667
0.95
0.933333
1.03333
0.883333
0.866667
1.1
0.9
0.777778
1.00833
0.933333
0.941667
0.966667
1
0.933333
1
0.841667
6.89167
0.966667
1
0.941667
0.908333
1.03333
0.866667
0.883333
0.966667
0.908333
1.03333
1.00833
0.933333
0.933333
1.00833
0.933333
0.941667
1
0.933333
1.025
0.859848
0.75431
0.879032
6.85
0.833333
0.866667
