1.27103
1.48252
1.66418
0.373214
1.31494
1.48822
1.75397
1.67063
1.35986
1.44667
1.57692
1.43493
1.4417
1.66901
1.43066
1.38
1.61314
1.68254
6.9403
1.3221
1.2924
1.75397
1.63889
1.56314
1.77542
2.14286
1.52941
1.50725
1.48551
1.41404
1.24832
1.42857
2.10092
1.74603
7.15748
1.53381
1.848
1.77308
1.5089
1.6
1.4807
1.64748
1.71186
1.5802
2.07692
1.83333
1.38832
1.5411
1.53571
1.08696
6.5
1.34667
1.19935
1.41945
1.63182
1.25444
1.63433
1.21652
1.68382
1.95763
1.80889
1.39048
1.93361
1.50813
1.35583
1.65769
0.292328
1.75
1.28617
1.54795
1.29371
1.33962
1.74809
1.71486
1.55714
1.58273
1.66923
1.47619
1.25846
1.50725
1.49254
6.10884
1.34653
1.42606
1.17182
1.3921
1.72273
1.39873
1.38931
1.225
1.43046
1.6
1.58209
1.88136
1.4037
1.28221
1.55435
6.78439
1.41549
1.65141
2.02326
1.30233
1.35484
1.23171
1.59507
1.1747
1.45118
1.64794
1.53069
1.79705
1.67925
1.19143
1.56184
0.396259
1.58863
2.16204
1.55932
1.39241
1.75397
1.49618
1.37417
1.07483
1.3141
1.44923
1.17089
1.43636
1.83486
1.38384
6.40141
1.29368
1.3858
1.45522
1.4
1.57034
1.49091
1.48822
2.11818
1.71825
1.83983
1.44654
1.47368
1.46479
1.47122
1.62153
8.26147
1.34138
1.34347
1.46538
1.30599
1.53791
1.52239
1.61232
1.91342
1.51481
1.17101
1.62676
1.98305
1.87705
1.8
1.40157
5.53963
1.16758
1.22876
1.41358
1.71429
1.49158
1.63095
1.3245
1.68836
1.33456
1.23582
1.3617
1.47682
1.47842
1.59507
1.58647
0.281746
1.72881
1.22712
1.44
1.43509
1.40141
1.37
1.3986
1.5102
2.03797
1.38462
1.47333
1.89496
1.77391
1.4863
7.5
1.48805
1.61905
1.36972
1.48525
1.59011
2.32258
2.11215
1.48361
1.36709
1.50725
1.3806
1.31845
1.84127
1.72807
1.34667
6.18089
1.42517
1.38258
1.45659
1.55556
1.38411
1.40714
1.20261
1.27607
1.52518
1.70149
1.85169
1.87826
1.38699
1.47811
1.42955
5.99333
1.23077
1.49451
1.47333
1.74603
1.75794
1.29562
1.26316
1.43046
1.54615
1.69259
1.62731
1.69318
1.80952
1.29934
1.40667
0.275621
1.2359
1.88115
1.95305
1.33333
1.46739
1.3355
1.51027
1.2963
2.32407
1.63492
1.46831
1.57246
1.68254
1.68702
1.68254
0.294312
1.53516
1.29934
1.58301
1.54313
1.57576
1.43841
1.33333
1.37662
1.47015
1.45695
1.61508
1.26174
1.33333
1.56923
6.78986
1.57197
1.52203
1.35202
1.61154
1.57818
1.66923
1.41667
1.29524
1.35211
1.35484
1.69455
1.45
1.35185
1.23385
1.34247
5.78477
1.45115
1.1028
1.13393
1.40575
1.61905
1.65942
1.83983
1.4589
1.50923
1.4507
1.67029
2.09767
2.0724
1.60507
1.65873
0.391071
1.38411
1.27899
1.27711
1.51111
1.52797
2.19725
1.4947
1.13528
1.59574
2.05505
1.36232
1.35691
1.25159
1.46479
6.39855
1.61246
1.71186
1.33667
1.4094
1.44928
1.36986
1.60145
1.42222
1.28435
1.48252
1.6
1.58955
1.68254
1.48364
1.42958
6.22184
1.44014
1.50685
1.56746
1.28205
1.34932
1.66901
2.05505
1.80085
1.48905
1.46739
1.48973
1.56098
1.33439
1.31716
1.2058
6.37681
1.46106
1.82326
1.3481
1.41176
1.4129
2.05607
1.52703
1.73333
1.52336
1.55556
1.46939
1.63077
1.57463
1.43772
1.48043
6.73134
1.29885
1.97788
1.68826
1.29781
1.45695
1.55556
1.38742
1.59567
1.70866
1.66154
1.60076
1.44765
1.38514
1.58621
1.78151
0.284161
1.16959
1.28667
1.38411
1.61786
1.48016
1.34472
1.41528
1.6875
1.60593
1.44025
1.75
1.25301
1.39085
1.4898
1.54955
0.236111
1.2819
1.76923
1.37226
1.35
1.56923
1.47826
1.55245
1.63095
1.61232
1.58571
1.17516
1.22941
1.68284
1.52852
6.21831
1.29066
1.28875
1.50379
1.35333
1.44828
1.5539
1.69203
2.03756
1.34783
1.25786
1.55986
1.53175
1.4966
1.71429
1.62313
5.5836
1.55517
1.53175
1.33442
1.65385
1.85714
1.32515
1.76923
1.63596
1.28485
1.4403
1.41667
1.99576
1.2971
1.44
1.78571
7.12062
1.64576
1.681
1.36879
1.63014
1.44737
1.49057
1.8578
1.30952
1.42581
1.43701
1.21173
1.32486
2.28837
1.54104
1.61455
0.342687
1.58147
1.75458
1.72477
1.2956
1.36949
1.5371
1.63137
1.6413
2.03689
1.77928
1.37838
1.5137
1.56349
1.37
6.37063
1.38235
1.48701
1.92857
1.95305
1.34797
1.39883
1.32955
1.20231
1.60791
1.76349
1.51049
1.57778
1.61538
1.35842
1.43082
8.77934
1.48822
1.4507
1.68657
1.85088
1.6014
1.6822
1.33333
1.58803
1.38408
1.5
1.88034
1.34177
1.18284
1.10554
1.42294
6.22259
1.70238
1.92683
2.00917
1.46996
1.66197
1.64255
1.29747
1.56989
1.42966
1.33962
1.5873
1.21833
1.92373
1.86207
1.40146
0.406463
1.6306
1.06806
1.34667
1.48966
1.63846
1.26766
1.33811
1.37719
2
1.53819
1.55556
1.19006
1.26748
1.61194
6.54615
1.07196
1.50385
1.23642
1.50333
1.27931
1.30769
1.55224
1.32014
1.32484
1.55311
1.48462
1.47333
1.72222
1.36803
1.42
6.93284
1.90234
1.57721
1.35612
1.59355
1.45489
1.42901
1.50183
1.32881
1.49315
1.18072
1.64789
1.72807
1.33766
1.72314
7.19203
1.49655
1.50769
1.27273
1.45395
1.86134
1.42751
1.45695
1.56746
1.32653
1.43974
1.74206
1.30795
2.20796
1.2462
1.45423
6.46182
1.25816
1.54615
1.44257
1.68421
1.34228
1.60616
1.83556
1.26062
1.18237
1.27243
1.26198
1.43046
1.63077
1.52985
1.34783
0.37415
1.32468
1.27465
1.15476
1.24713
1.33762
1.6063
1.44718
2.00847
1.73016
1.32841
1.26946
1.57037
1.58955
1.42803
5.47385
1.63504
1.17162
1.41639
1.50352
1.70632
1.85153
1.32394
1.34591
1.52416
1.27338
1.32716
2.2243
1.76923
1.14545
1.28169
5.19162
1.23364
1.14062
1.33739
1.53175
1.33226
1.49825
1.74297
1.68657
1.70485
1.35604
1.50916
1.56522
1.40299
1.34194
1.54851
6.08997
1.05618
1.29874
1.64727
1.46352
1.13279
1.56154
1.5274
2.13761
1.57692
1.43706
1.50352
1.49254
1.39726
1.52797
2.09013
6.16263
1.13966
1.57746
1.59524
1.53472
1.58462
1.20195
1.30818
1.52518
1.74627
1.58246
1.71429
1.45423
1.35125
1.33962
1.57857
0.289021
1.99061
1.47333
1.74603
1.52381
1.32692
1.4964
1.60145
1.75397
1.26772
1.15385
1.51938
1.5122
1.45804
1.48551
1.48881
0.277778
1.42029
1.34
1.53061
1.6626
1.50871
1.64057
2.23585
1.59524
1.63768
1.4375
1.07377
1.36842
1.44928
1.35811
6.06667
1.15842
1.25294
1.39924
1.31707
1.67755
1.37201
1.45515
1.56923
1.45423
1.61131
1.73305
1.19149
1.47619
1.55556
1.56849
7.92373
1.87925
1.86449
1.56401
1.6
1.52536
1.23894
1.42349
1.4726
1.64925
1.62302
1.25347
1.34416
1.31741
1.40273
1.3838
6.31
1.54762
1.30719
1.41497
1.49275
1.65371
1.94954
1.53731
1.58955
2.21101
1.8806
1.51084
1.99582
1.72689
1.54545
1.72222
0.267857
1.65455
1.41343
1.46667
1.47222
1.33129
1.73077
1.59854
1.35065
1.33333
1.39423
1.75188
1.66154
1.53069
1.81923
7.50633
1.19231
1.64815
1.46127
1.36735
1.58451
1.54583
1.42771
1.69008
1.27083
1.73507
1.08357
1.44333
1.48092
1.53896
1.74312
0.29828
1.80932
1.39695
1.13932
1.27532
1.48772
1.42164
1.40317
1.58779
1.4058
1.44118
1.88703
1.63118
1.68116
1.67442
7.95726
1.45985
1.55986
1.53175
1.31667
1.44482
1.56349
1.29062
1.45487
1.32517
1.19578
1.44482
1.60769
1.6306
2.03896
1.64729
5.76206
1.30678
2.29493
1.69915
1.20702
1.14804
1.84337
1.40816
1.49481
1.48364
1.20282
1.71269
1.55932
1.46296
1.86726
1.38129
6.14384
1.26518
1.40199
1.63158
1.34437
1.19304
1.58609
1.25436
1.2716
1.37545
1.41975
1.6306
1.93421
1.38732
1.22449
1.20178
0.263393
2.08
1.19714
1.52174
1.59582
1.34286
1.82573
1.51449
1.67626
1.77193
1.35374
1.44295
1.57937
1.41751
1.46207
6.96923
1.38929
1.33226
1.5265
1.51538
1.42434
1.55894
1.47183
1.63406
1.80702
1.43519
1.17593
1.5
1.78992
1.5233
1.77612
6.46931
1.36782
1.53306
1.23653
1.52941
1.59016
1.21935
1.35714
1.68254
1.72364
1.81193
1.31475
1.65493
1.16883
1.30699
1.66165
0.28836
1.86614
2.48131
1.04023
1.1849
1.94191
1.46032
1.30061
1.44444
1.42029
1.55333
1.6422
1.16185
1.19322
1.32164
6.46713
1.31034
1.30218
1.5
1.3986
1.85821
1.84404
1.2349
1.26444
1.48551
1.6259
1.86066
1.42254
1.51351
2.03604
1.43284
0.284392
1.59859
1.26032
1.18987
1.30818
1.64029
1.9417
1.65942
1.65546
1.28105
1.40397
1.64179
1.90574
1.40845
1.43506
7.05159
1.40127
1.56349
1.28803
1.57191
1.48161
1.38138
1.85169
1.26899
1.41096
1.21724
1.43671
1.7234
2.04018
1.75397
1.7459
0.43797
1.44948
1.77912
1.67293
1.79848
1.20122
1.27891
1.31447
1.52518
1.631
1.77778
2.02752
1.68702
1.75397
1.48846
6
1.36466
1.30514
1.53846
1.33333
1.35548
1.44928
1.56849
1.96624
2.07895
1.77523
1.3805
1.96774
1.42581
1.96789
1.24068
5.40785
1.46207
1.55986
2.26728
1.77542
1.53623
1.61194
1.61923
1.4127
1.43624
1.39394
1.70175
1.39216
1.6791
1.73361
1.69697
5.0117
1.072
1.30233
1.5089
1.51087
1.23718
1.9469
1.32468
1.51449
1.4878
1.45455
1.51027
2.03493
1.60714
1.32877
1.23453
6.07074
1.17407
1.50888
1.87156
1.34138
1.32468
1.48252
1.50746
1.60071
1.88412
1.60854
1.60741
1.75397
1.88889
1.4947
1.22024
0.238095
1.30723
1.75397
1.86508
1.31273
1.26946
1.73077
1.71849
1.28322
1.30872
1.35838
1.63971
1.6
1.55797
2.13793
6.60714
1.39373
1.21519
1.42177
1.37634
1.28852
1.41
1.14837
1.25581
1.69231
1.75847
1.22063
1.61832
1.64925
1.61905
1.53497
0.340179
0.994624
1.27273
1.23567
1.57746
1.67754
1.78541
1.37838
1.54545
1.5873
1.50676
2.10714
1.73413
1.63855
1.40411
6.83955
1.60662
1.796
1.66923
1.68254
1.69004
2.1982
1.31579
1.35625
1.45283
1.27303
1.4
2.36019
1.47619
1.29524
1.50704
6.72593
1.41781
1.27184
1.51333
1.56458
1.61314
2.06422
1.45745
2.26364
1.60714
1.30667
1.5
1.04638
1.25926
1.51049
1.66923
7.17857
1.17456
1.3913
1.63043
1.74312
1.40385
1.60145
1.603
1.4964
1.44928
1.61224
1.53175
1.2129
1.33333
1.5963
2.00837
0.363636
1.26712
1.32143
2.1729
1.39344
1.4403
1.3121
1.59028
1.72881
1.66791
1.41534
1.44841
1.09742
1.39241
1.58955
6.62593
1.55882
1.61194
1.50936
1.41447
1.51119
1.29936
1.64437
1.66102
1.31
1.39667
1.57971
1.52574
1.5
1.36397
1.30675
6.78519
1.58801
1.62324
1.59567
1.4881
1.20561
1.39032
1.27723
1.68592
1.54
1.46104
1.89407
2.03376
1.6822
1.38516
1.38065
6.5
1.32861
2.08837
1.48727
1.61935
1.01942
1.52448
1.4964
1.61922
1.17377
1.23197
1.40397
1.6
1.33209
1.44272
1.77632
0.409821
1.31359
1.1657
1.37415
1.42857
1.3777
1.34185
1.52158
1.36552
1.40397
1.46642
1.35179
1.26531
1.68085
2.048
8.23944
1.37333
1.41176
1.7007
1.38095
1.37342
1.75
1.5
1.3169
1.2945
1.60616
2.05263
1.75439
1.48026
1.96186
1.64609
6.08117
1.87552
1.76515
1.91525
1.56589
1.26045
1.53061
1.61811
1.33333
1.43841
1.32476
1.59124
1.56504
1.33333
1.57778
1.40741
0.257555
0.98645
1.29091
1.88603
1.39262
1.17555
1.99145
1.43377
1.44615
1.37419
1.1859
1.22611
1.37662
1.80597
1.63672
5.95364
1.6295
1.60317
1.41
2.1784
1.57042
1.43299
1.46996
1.51449
1.46269
1.30363
1.29801
1.36054
1.66234
1.88189
1.6875
7.55508
1.33535
1.48413
1.10914
1.40493
1.23779
1.15723
1.36
1.55597
1.66667
1.3871
1.55674
1.58397
1.46897
1.44928
1.5274
0.398214
1.52113
1.46269
1.37671
1.51864
1.67424
1.75197
1.76378
1.27129
1.36
1.54545
1.42969
1.29003
1.67164
1.80508
6.74359
1.50368
1.28521
1.32698
1.5036
1.33808
1.36709
1.81349
1.2517
1.35583
1.75397
1.74603
8.69048
1.68966
0.279762
1.58303
1.71691
1.78543
1.79556
1.43636
2.02752
1.53175
1.37415
1.51195
1.44444
1.38333
1.95305
1.23494
1.51049
7.03077
1.66165
1.65079
1.48772
1.52692
1.65157
1.72458
1.41343
1.43841
1.34437
1.36986
1.54082
2.09302
1.57692
1.58993
1.68254
6.91045
1.40146
1.46753
1.58657
1.39179
1.78378
1.65185
1.46429
1.30061
1.51111
1.5942
1.65873
1.46552
1.64925
1.79825
1.35484
6.51079
1.34564
1.39583
2.16814
1.75397
1.67323
1.43657
1.39355
1.7
1.54762
1.43791
1.62698
1.51049
1.78846
1.80519
1.33333
5.98013
1.21839
1.4403
1.32258
1.5493
1.52381
1.34839
1.45324
1.44898
1.48148
1.5597
1.42029
1.40397
1.57037
1.43284
1.35484
6.28986
1.13279
1.47388
1.53979
2.10233
1.625
1.54244
1.46014
1.45205
1.6
1.47692
1.34839
1.52518
1.46269
1.39726
1.3986
5.97279
1.22647
1.51087
1.26374
1.20159
2.01835
1.42029
1.39726
1.51049
1.71154
1.76279
1.34139
1.65086
1.325
1.51154
1.44408
6.97692
1.14485
1.43403
1.53737
1.54615
1.5034
1.68254
1.46269
1.21854
1.40491
2.04128
1.48092
1.28803
1.34228
1.46939
1.6
0.303571
1.20879
1.72222
1.56923
1.36972
1.43366
1.65873
1.65672
1.56349
1.26645
1.5917
1.84167
1.47692
1.41722
1.66165
1.52381
0.243386
1.34259
1.40067
1.36232
1.31935
1.28873
1.37705
1.64835
1.53175
1.46452
1.89655
1.44615
1.37419
1.47059
1.71739
7.87719
1.56985
1.20528
1.47222
1.58209
1.55224
1.59353
1.99142
1.72541
1.39405
1.38957
2.2654
1.75397
1.58893
1.37282
1.36709
7.31349
1.22684
1.35065
1.6194
1.62172
1.45714
1.26923
1.20544
1.5
1.55
1.67025
1.09036
1.53165
1.89815
1.48973
1.81526
6.92308
1.12644
1.47183
1.26786
1.34969
1.69841
1.50996
1.36306
1.19304
1.39355
1.6
1.47761
1.55634
1.68254
1.50746
1.35862
6.07407
1.20548
1.73077
1.67925
1.29141
1.41639
1.6
1.3913
1.42177
1.4964
1.39855
1.52903
1.9633
1.51481
1.51408
1.49091
0.362245
1.32484
1.6791
1.5119
1.20317
1.31613
1.55634
1.69048
1.5
1.44108
1.73846
1.68651
1.27536
1.28571
1.48881
1.20478
0.220238
1.2238
1.72308
1.87295
1.68231
1.86607
1.47826
1.3913
1.51449
1.4863
1.43494
1.23871
1.34194
1.53237
1.43333
5.83871
1.27336
1.29552
1.61154
1.42029
1.42606
1.30195
1.59701
1.46269
1.58
2.01282
1.81818
1.4863
1.67424
1.44841
1.46326
6.97222
1.29193
1.28873
1.22368
1.25145
1.5
1.28333
1.43046
1.66923
1.46032
1.35577
1.52878
1.55446
1.43478
1.77239
1.54325
7.12302
1.46479
1.36986
1.61268
1.51449
1.56429
1.96364
1.49658
1.36986
1.29333
1.28105
1.39437
1.50853
1.6
1.53623
1.88889
0.282967
1.22892
1.40845
1.53401
1.81148
1.1517
1.43312
1.76984
1.62302
1.52817
1.62214
1.53455
1.58801
1.43284
1.37742
1.61423
0.276455
1.6063
1.42254
1.36806
1.52475
1.63922
1.30822
1.32484
1.58993
1.59127
1.53082
2.03286
1.4863
1.60385
1.4529
6.125
1.20486
1.19663
1.71901
1.35354
1.5493
1.52239
1.46479
1.52518
1.37687
1.2956
1.34409
1.31269
1.72464
1.21341
1.42
6.40299
1.25217
1.39726
1.49275
1.57143
1.57937
1.30201
1.37294
1.46739
1.62887
1.42515
1.72691
1.40876
1.27848
1.52414
1.75397
0.324534
1.40132
1.61977
1.9913
1.50769
1.61268
1.55903
1.6679
1.79661
1.42754
1.45695
1.61508
1.34228
1.47959
1.72103
1.47
0.267196
1.4
2.07661
1.04778
1.23615
1.54348
2.1422
1.51111
1.42029
1.44371
1.96552
1.77481
1.74348
1.39474
1.65926
7.19841
1.43945
1.53169
1.62977
1.57037
1.43284
1.34194
1.67626
1.77193
1.25939
1.35583
1.43254
1.13913
1.53289
1.80734
1.34194
6.60072
1.57358
1.40753
1.53357
1.66031
1.48846
1.39172
1.37631
1.35161
1.80524
1.51587
1.32484
1.58993
1.52381
1.34194
1.52518
6.55597
1.31742
1.90698
1.28671
1.30864
1.06069
1.20482
1.56884
1.24611
1.55782
1.90678
1.70492
1.52518
1.48881
1.32872
1.32468
0.423469
1.66667
1.49301
1.47692
1.33333
1.65942
1.7619
1.62055
1.54545
1.69048
1.58077
1.60915
1.80377
1.19308
1.41549
5.98639
1.28223
1.16011
1.5265
1.50769
1.46939
1.63077
1.65299
1.38492
1.19885
1.48134
1.50182
1.34266
1.32468
1.51049
1.61154
6.58582
1.39085
1.49186
1.95872
1.45392
1.58148
1.47925
1.18387
1.54514
1.51408
1.64179
1.68254
1.47015
1.40397
1.66667
1.5375
5.38554
1.46494
1.40653
1.88991
1.71739
1.1246
1.38024
2.24186
1.86441
1.63889
1.35789
1.20128
1.14557
1.21429
1.52518
1.42537
6.15035
1.32558
1.60317
1.5189
1.65079
1.32028
1.25153
1.40845
1.39583
1.28475
1.25392
1.53237
1.67063
1.49451
1.46479
1.55396
6.88077
1.24051
1.28383
1.44262
1.42857
1.11573
1.32468
1.54348
1.53261
1.30678
1.48207
1.36364
1.7561
1.44615
1.43871
1.8
6.64925
1.13445
1.25526
1.52113
1.43077
1.35583
1.40157
1.39597
1.40397
1.46269
1.34247
1.47183
1.3986
1.64085
1.85088
1.59398
0.22205
1.09223
1.27616
1.43706
1.48454
1.58846
1.31419
1.39216
1.63704
1.59127
1.57192
1.42349
1.55634
1.77778
1.47222
6.02215
1.45017
1.35172
1.47333
1.74603
1.98413
1.55319
1.16765
2.13023
1.46358
1.52778
1.42902
1.94884
1.45695
1.68254
1.46269
6.62324
1.55805
1.52817
1.63492
1.43463
1.43448
1.52518
1.55597
1.75801
1.23509
1.24561
1.61832
1.43284
1.41935
1.62698
1.55634
7.27165
1.29568
1.43791
1.78571
2.18396
1.95133
1.43173
1.5053
1.43284
1.34194
1.58993
1.53462
1.30519
1.55479
1.71901
1.54348
0.386607
1.30094
1.23779
1.39355
1.53846
1.5137
1.53405
1.38129
1.48288
1.58935
1.52518
1.55224
1.57836
1.66296
1.45745
8.27876
1.65789
1.46032
1.18507
1.45455
1.63846
1.44074
1.48966
1.62319
1.62295
1.7029
1.65251
1.609
0.981771
1.34091
1.57706
7.04365
1.23175
1.48299
2.15421
1.45704
1.47761
1.74643
1.62545
1.80727
1.76271
1.35507
1.39216
1.57407
1.39259
1.46541
1.95175
8.8186
1.74576
1.36395
1.45
1.67442
1.31366
1.54331
1.33226
1.55477
1.53968
1.28758
1.26
1.52113
1.49296
1.58209
1.57971
0.287267
1.42771
1.52256
1.2
1.16467
1.44262
1.47222
1.08232
1.27937
1.34194
1.46269
1.45548
2.4455
1.67669
1.51748
1.47692
0.248677
1.46203
2.04545
1.63235
1.95872
1.45695
1.61905
1.33103
1.42813
1.75
1.38994
1.62698
1.43706
1.50352
1.64179
1.53571
0.261905
1.45051
1.27586
1.32278
1.30662
1.20743
1.80435
1.67727
1.20732
1.43046
1.66923
1.60769
1.75
1.32362
1.60145
7.11508
1.29655
1.28
1.36774
1.49254
1.35616
1.47651
1.75397
1.53175
1.4966
1.63492
1.48252
1.43657
1.41987
1.25581
1.36656
7.04478
1.37063
1.37748
1.53623
1.45
1.2945
1.34247
1.43046
1.56923
1.33333
1.47333
1.35821
1.35802
1.67063
1.25725
1.30864
6.20979
1.20669
1.367
1.34948
1.38111
1.52985
1.45423
1.41901
1.51645
1.49442
1.5411
1.82927
1.83051
1.64925
1.75397
1.49603
5.46082
1.2246
1.68644
1.56777
1.42446
1.56584
1.58955
1.57778
1.64925
1.52381
1.14194
1.18824
1.48973
1.75
1.26087
1.28616
0.283385
1.26801
1.57692
1.37063
1.5493
1.49254
1.41096
1.40283
1.37209
1.18018
1.40667
1.52612
1.32534
1.31613
1.57609
1.61905
0.236111
1.32087
1.56923
1.5493
1.69048
1.65079
1.48551
1.48252
1.87302
1.03406
1.3
1.62698
1.51049
1.66923
1.52381
1.15932
0.232143
1.45338
1.3913
1.4
1.56489
1.40559
1.3543
1.45775
1.78195
2.01835
1.82143
1.67073
1.55396
1.91154
1.07736
5.88
1.35802
1.43077
1.34069
1.64925
1.52381
1.3245
1.44218
1.43284
1.41935
1.63095
1.46479
1.60507
1.61508
1.18333
1.25731
6.53184
1.13019
1.49296
1.57037
1.55224
1.44928
1.40816
1.5265
1.55
1.40702
1.46939
1.43293
1.72764
1.28767
1.34194
1.58993
6.99206
1.00262
1.29114
1.35915
1.37748
1.48551
1.37063
1.46452
1.59363
1.4019
1.65873
1.53237
1.52612
1.43662
1.60839
1.97768
0.232804
1.30723
1.69444
1.55036
1.62782
1.66923
1.47619
1.25846
1.50725
1.43284
1.44218
1.49627
1.40541
1.42029
1.40397
1.45926
0.278159
1.9469
1.2284
1.41275
1.57091
1.67692
1.80827
1.69957
1.28615
1.47482
1.49296
1.77692
1.40113
1.57895
2.12844
5.99296
1.14905
1.41333
1.50769
1.26531
1.34161
1.63462
1.47015
1.40397
1.56667
1.6129
1.5
1.3913
1.46939
1.69231
1.55738
5.35583
1.05333
1.49186
1.90826
1.39726
1.55224
1.375
1.37329
1.46939
1.53817
1.46713
1.43284
1.63696
1.49485
1.4635
1.26174
0.417857
1.38514
1.54074
1.58582
1.29392
1.52113
1.63846
1.30741
1.23392
1.61871
1.77119
1.21053
1.35065
1.52518
1.64179
1.75794
0.232804
1.33133
1.68254
1.38028
1.26667
1.2707
1.53898
1.22222
1.42532
2
1.34982
1.48254
1.87727
1.32192
1.26452
6.4589
1.43662
1.48084
1.35235
1.53472
1.45594
1.48322
1.62302
1.83871
1.60135
1.65079
1.4964
1.4964
1.45652
1.56902
1.61404
5.26994
1.18006
1.44928
1.61268
1.76606
1.50502
1.42748
1.31646
1.51493
1.44161
1.25926
1.40909
1.58763
1.59533
1.31507
1.43046
6.6
1.1586
1.43849
1.54762
1.27564
1.45704
1.40299
1.4106
1.28889
1.49032
1.37687
1.5
1.60687
1.6426
1.84753
1.42958
5.70861
1.06763
1.47619
1.2057
1.34194
1.74621
1.94419
1.56954
1.6374
1.51273
1.71429
1.15789
1.41358
1.80556
1.39919
1.2358
0.292328
1.76695
1.37762
1.38435
1.39597
1.51449
1.46953
1.47857
1.59328
1.49643
1.43284
1.34194
1.58993
1.62302
1.42254
1.34247
0.216931
1.19231
1.37698
1.11944
1.38776
1.64179
1.46269
1.38667
1.52518
1.39179
1.48882
1.94298
1.61111
1.46713
1.63077
6.74632
1.72549
1.68142
1.22543
1.66296
1.625
1.56954
1.76147
1.46795
1.66818
1.34505
1.56044
2.05645
1.0339
1.36657
1.74576
6.37868
1.01377
1.35849
1.71429
2.11211
1.43284
1.42581
1.68254
1.63806
1.53651
1.9633
1.51656
1.86441
1.69048
1.63704
1.71429
7.33077
1.69585
1.21839
1.67857
1.21795
1.18671
1.15502
1.52941
1.94495
1.46269
1.43709
1.6374
1.54478
1.48352
1.43509
1.33758
0.248677
1.25
1.54545
1.5873
1.65734
1.77064
1.43709
1.6
1.6194
2.06422
1.33681
1.43506
1.56349
1.42
1.39568
1.33981
0.253968
1.36
1.5
1.64925
1.68254
1.72761
1.48364
1.48252
1.46269
1.40753
1.28179
1.25649
1.39934
1.40299
1.34194
6.55755
1.24476
1.49521
1.76562
1.42754
1.50658
1.44681
1.46831
1.67176
1.61154
1.56184
1.55556
1.39726
1.51049
1.64615
1.91322
5.86842
1.16566
1.40717
1.53846
1.33696
1.25153
1.48252
1.46269
1.39726
1.51049
1.57692
1.71223
1.74545
1.40397
1.63077
1.5597
6.60526
1.36792
1.50719
1.62547
1.52381
1.37075
1.5189
1.67589
1.60075
2.09302
1.53061
1.55417
1.26667
1.30986
1.40256
1.57037
6.45896
1.14286
1.55755
1.79231
1.5
1.26829
1.58209
1.43284
1.37419
1.59274
1.28011
1.53237
1.52778
1.52903
1.94495
1.6903
8.77209
1.40892
1.42395
1.52381
1.34194
1.55396
1.2
1.47267
1.5
1.19648
1.54545
1.52381
1.40193
1.76147
1.25301
1.60448
0.377551
1.46333
1.76824
1.23171
1.824
1.55224
1.50725
1.52518
1.43657
1.35667
1.45548
1.2327
1.57192
1.27083
1.51613
8.3516
1.44667
1.53846
1.28767
1.39241
1.53571
1.43042
1.49603
1.56849
1.68254
1.46269
1.21523
0.876263
1.58689
1.60769
1.55224
6.69784
1.68702
1.74206
1.24055
1.17836
1.48454
1.50769
1.2947
1.15217
1.44025
1.9
1.27152
1.46939
1.89231
1.37643
1.20354
0.43125
2.13825
1.50725
1.41667
1.65108
1.51812
1.63768
1.55556
1.64789
1.60153
1.61194
1.63077
1.96698
1.36709
1.47826
6.51049
1.40441
1.54362
1.86017
1.71084
1.33446
1.56584
1.52239
1.52113
1.67692
1.63077
1.5
1.41497
1.54965
1.47869
1.80919
7.09127
1.07932
1.41639
1.71538
1.14777
0.906452
0.89769
1.38095
1.60656
1.19868
10.7133
1.29139
1.56818
6.39615
1.88141
2.58779
2.63636
2.64348
2.06623
2.32877
3.17209
1.79769
2.19113
2.12687
2.05063
7.77444
1.78193
1.85207
2.28873
3.77184
1.8265
2.2987
2.62162
1.43359
1.31852
1.1259
1.05986
1.21986
1.41803
1.94915
0.387566
1.70958
1.84132
2.23051
2.38095
2.14085
2.05479
1.78286
2
1.62564
2.25161
2.56299
0.362716
21.0664
1.0117
1.14885
1.15493
1.45763
1.1746
1.17483
1.3373
2.06751
9.22477
2.18095
2.30389
2.51493
2.80508
3.20183
2.33205
3.23246
20.7782
1.33077
1.30894
1.19615
1.26616
1.11765
1.16547
1.56034
1.62302
2.00342
1.93452
2.40079
2.10774
2.47122
2.25651
6.55844
1.55464
2.05422
2.85169
2.48387
2.02134
2.50877
17.6462
1.17518
1.27381
1.47692
2.29851
2.21831
2.10638
2.11635
2.50847
1.80503
2.0988
2.36937
1.82548
2.32222
0.589286
2.14557
2.84322
2.44074
1.98973
1.80723
1.98052
0.863636
1.25
1.2623
1.15789
1.37963
1.17073
1.35714
6.04054
1.11278
1.06494
1.23462
1.25954
1.85317
2.3806
2.31387
2.08633
1.98806
2.70175
2.1003
3.13303
2.69262
7.73846
1.17647
1.16667
1.17939
1.14685
1.40984
1.1746
1.16084
1.07224
1.08532
1.22222
2.42063
2.43254
2.26936
2.69915
2.52381
0.462585
1.41469
2.2623
2.15858
2.50988
2.36268
2.95238
2.71429
2.58898
13.9329
1.20775
1.50472
1.12795
1.28063
1.44094
1.52294
1.92661
2.67829
3.29108
2.35172
2.61864
2.10915
2.13312
2.47222
0.504121
2.96491
2.04362
1.90604
1.95679
2.14388
2.03625
2.216
1.71495
3.18519
4.73541
7.10204
2.43443
1.41827
1.79205
1.86688
1.74576
2.1
2.44891
3.48131
2.82883
2.20775
2.21831
7.20567
1.9848
14.12
0.977124
0.987097
0.884848
1.15862
1.2381
1.16923
1.00694
1.78873
7.48913
1.95862
1.92737
3.24771
2.27517
2.44118
1.92793
2.39552
2.42692
1.86905
2.24653
2.47687
7.23507
9.4486
1.02367
1.08844
1.2197
1.28358
1.4661
1.00329
1.02389
1.04895
1.11888
2.30153
2.80508
8.60656
2.33206
2.11039
2.26866
2.15512
2.00313
2.2993
3.12556
2.20295
2.06646
2
2.18333
3.53183
1.83178
2.14557
2.12829
2.3587
1.85503
2.22887
6.84247
2.28956
1.71246
1.75683
2.24254
2.39
12.4821
1.27465
1.47706
1.18519
1.61538
7.43841
1.89412
2.34909
2.33206
2.25828
2.56356
2.16013
1.8481
2.06579
2.00633
2.51119
2.336
6.15337
1.90343
2.0487
2.36296
2.40283
2.23427
1.37037
1.43969
1.32
0.798343
0.973684
1.17483
1.2381
1.2963
2.00329
6.99647
1.65659
2.2053
2.48387
2.04
2.21201
2.04276
2.01712
2.00623
2.37943
2.33071
2.25786
6.6963
1.01502
1.70755
1.34921
1.41525
1.28519
0.990566
1.20522
2.20238
2.68235
3.13679
2.96296
2.19481
2.56538
2.57937
0.535714
2.06897
2.08219
1.90066
1.52468
1.96203
17.412
5.29938
0.994118
1.29921
1.2381
1.2446
1.4386
1.38889
2.16667
2.15385
2.18301
2.58475
1.92532
1.78947
1.90504
2.10741
0.440476
2.91667
2.06725
2.08621
1.90968
2.09969
17.2161
1.03785
6.57308
1.7482
1.87227
2
2.17532
2.75893
2.27742
2.37302
2.0721
2.02198
2.02874
2.29856
7.18794
14.9688
1.8118
2.42807
2.58475
2.01325
2.10667
2.08451
6.60714
2.15714
1.88141
2.11371
1.72118
2.19011
1.94675
2.45635
2.09032
2.08125
1.69388
2.00943
1.14545
0.283163
1.23755
1.10274
1.27481
1.56897
1.47009
1.15984
1.0596
1.30769
1.91925
2.26056
2.19259
2.00915
1.77152
1.86589
7.08562
2.26712
2.17188
1.73276
2.19333
2.72656
3.01835
2.24815
10.9
6.55344
1.13687
1.25847
1.13919
1.8296
2.13453
2.48188
2.78541
2.02899
1.8743
1.91765
2.25256
2.84322
2.33212
5.1875
1.01961
1.68224
1.07042
1.2518
1.49145
1.17091
1.69231
2.17931
7.31159
1.90294
2.63934
1.96528
2.03268
1.81763
2.0184
2.71429
2.25874
2.29893
3.35321
2.58772
6.00613
7.99534
1.0855
0.759259
0.961538
1.36842
1.17063
1.21649
1.28814
1.98403
2.34106
7.32155
1.98457
2.38007
2.30282
2.2379
1.76309
2.52612
2.12759
2.00676
2.06494
2.24126
21.5841
1.02013
0.918782
1.12593
1.2554
1.40088
1.43233
1.7
1.36864
1.15926
1.20522
1.89967
1.93313
2.28125
6.7931
1.57895
2.11301
1.98377
1.94
1.94667
1.63743
0.95122
1.14179
1.23571
1.70642
1.63426
1.36226
1.61472
1.13534
0.210404
1.20395
1.30147
1.55046
1.79365
3.21834
3.0274
2.76154
2.38571
2.18333
3.16216
2.53043
2.03614
8.62025
1.76923
1.83529
2.26087
2.55822
11.2642
1.24275
1.46512
1.09333
1.80952
2.45
7.42308
2.38433
2.06803
2.45775
2.78541
2.01974
2.0669
1.97546
2.91453
2.99153
2.83945
2.20775
6.85017
2.13291
2.45896
3.09957
2.7
1.18543
1.36519
1.85981
1.41667
1.12593
1.20863
1.2381
1.15556
1.42446
2.19118
6.74333
2.11864
2.00704
1.88535
2.07143
2.73092
2.30796
2.30822
2.61927
1.90616
3.14085
3.75812
8.19249
1.0129
1.08418
1.14615
1.14433
1.39834
1.5523
1.73846
2.83036
2.23288
2.25926
2.11905
2.0355
2.67227
2.16
0.354497
1.69944
1.96061
1.73574
1.65385
17.4383
1.06818
0.262755
0.996815
1.05822
1.25275
1.44206
2.05956
2.33195
1.75281
2.26056
2.16296
1.96626
2.14947
1.8129
5.81375
2.41948
2.38971
2.31525
2.78924
2.09434
16.6992
2.17785
2.32056
9.06957
2.31818
1.86792
2.30421
2.69048
1.62228
1.97705
1.99324
2.18212
2.51527
2.33824
2.54851
22.0083
1.97
1.57951
1.89091
2.22535
2.47101
2.94737
1.60571
5.46703
1.93103
2.19928
2.05195
2
1.98193
2.70492
2.91379
2.34701
2.14583
2.04082
1.13
1.54661
6.51154
1.14662
1.11945
1.20635
1.12545
1.21481
1.37705
1.71825
1.94502
2.1388
2.26119
2.10357
1.69325
1.77011
2.17905
9.35747
2.14013
3.17453
2.20548
2.16968
1.93255
15.1932
1.08451
1.15278
6.97619
1.14983
1.29008
1.63424
2.34629
1.76623
1.81461
2.16667
1.95882
1.63559
0.741379
0.797872
0.77193
0.87218
0.95339
1.12442
0.744526
6.42353
0.673913
0.896296
0.898305
0.865672
1.01639
0.983607
1.02542
0.949153
0.992248
1.13761
1.11009
1.00439
0.89243
0.854962
0.926829
1.03333
0.901639
1.24299
0.991525
0.901639
1.11161
1.05306
6.82203
0.65
0.8
1
0.967742
0.918033
0.857143
0.75
0.791367
0.965517
0.847328
1.15888
0.916031
0.932203
0.992481
1.41954
1.03788
1.80423
2.91453
0.875969
1.53922
1.05118
1.24779
0.11
1.69259
1.23502
0.762712
1.25
1.29661
1.08197
1.83333
2.21171
1.49488
1.41667
2.29213
1.13448
1.61224
1.88889
2.21053
1.79936
0.361395
1.5896
1.60627
1.89051
2.24901
2.45679
2.32946
2.02308
2.5
2.45489
2.26407
2.1822
3.44076
6.92308
2.95556
3.2332
3.04386
4.82018
3.26937
2.80952
4.08943
2.36392
7.99648
3
2.60616
4.08092
2.08273
2.29231
1.45886
1.40882
2.85572
2.84015
4.22944
3.98421
11.5304
4.6556
3.68651
8.3
6.01515
4.43981
2.90426
2.62676
7.56061
1.01842
2.35193
1.82456
1.88333
2.20435
2.71491
1.73305
7.10593
4.09286
2.41129
2.53604
8.33621
1.88213
2.18939
1.60518
3.83401
8.33227
7.41176
23.093
10.0785
6.82222
4.04428
3.75177
2.90873
4.9201
2.18651
13.5844
9.74721
3.72727
1.41935
10.0852
1.46154
0.7411
0.978495
1.09322
1.0614
1.17586
2.54032
1.25781
1.34434
1.54211
2.83193
1.02069
1.22034
1.16525
4.44828
5.15789
11.0568
9.32515
17.6148
6.55312
10.7264
10.0584
3.03586
1.53361
2.90873
2.85959
1.70513
3.33451
2.21429
2.66667
1.64145
1.77869
1.84411
1.67717
6.46863
0.780488
1.27111
2
1.36607
1.08475
1.18644
1.00877
1.21101
1.04098
1.08411
1.028
1.18868
1.07663
1.47
0.914634
1.04511
1.38938
1.1422
1.65789
1.4686
1.16972
6.78151
0.849315
0.960317
1.17431
0.932331
1.17257
1.1125
1.20642
0.760456
0.788732
0.925197
1.47945
1.3242
1.41121
1.24312
1.02778
0.929448
0.951493
0.820513
1.1374
1.21681
0.983607
0.175824
0.865625
1.07907
0.892593
0.751852
0.827586
0.772727
0.772575
0.92126
0.810484
0.962963
0.82197
0.831541
0.865979
0.865942
1.0795
0.980159
1.08861
1.31746
1.04292
1.2439
1.01695
0.125
0.848684
1.10092
1.03175
1.19907
1.01852
1.97619
1.02459
0.741007
1.02459
1.05085
1.09664
1.08333
1.13274
0.995763
1.01515
0.855895
0.855172
1.04906
1.77019
0.85461
6.88983
0.762178
0.885246
0.884328
0.720497
1
1.15789
1.12712
0.974684
0.902256
1.11864
1.09649
1.11009
0.815789
0.635036
0.726115
0.752443
0.857651
1.05508
1.02542
1.61111
1.70886
5.59322
0.95082
1.13761
1
1.02542
1.12821
1.06422
2.83333
13.1875
9.21101
22.6105
8.62835
5.56723
5.91756
6.85455
6.56439
1.59987
15.8898
7.37037
4.11905
8.69872
10.9184
7.18333
2.97753
1.84444
2.02336
3.65537
4.20339
5.33775
13.7696
8.52128
4.99176
3.18026
3.03309
4.05426
4.09565
19.4906
15.2398
9.71239
7.55224
13.6774
10.9822
6.19732
11.2045
10.4665
6.21384
7.25926
7.38346
3.81545
4.92195
4.14397
5.32558
8.18728
4.93893
6.55431
7.82329
4.69006
7.89147
14.8675
11.0504
6.96594
5.25134
7.68984
11.2103
9.89767
4.63429
2.03268
0.629032
0.615776
1.0131
1.05691
1.14953
1.16087
2.57364
1.13913
1.30841
1.16102
0.107955
0.759162
0.763514
1.03214
1.01493
1.24603
0.963303
0.618375
1.00383
0.860927
1.02564
1.13158
1.2
1.08257
0.644599
0.927632
1.17597
1.09502
1.32645
1.05932
1.00424
1.17155
0.37619
0.9375
0.929134
0.489209
1.18359
0.838462
0.869403
1.05556
0.885246
1.25121
1.1645
0.85614
0.712838
0.870504
1.47131
1.08837
0.800613
0.870293
1.73711
0.7625
1.66341
2.27027
0.190934
0.834437
1.1789
1.05932
0.792453
0.690476
1.0625
1.18254
1.05263
0.885496
1.12593
1.28814
1.18852
1.13492
1.13514
0.883929
1.1037
0.970339
0.755102
0.98513
0.894068
0.117143
0.666667
1.11404
1.34579
0.984615
1.04237
1.17073
1.23554
1.07216
1.46288
0.996678
1.91593
1.40936
1.97887
1.43284
1.15455
0.932203
1.02857
1.34538
9.45161
1.31387
2.04639
1.32143
1.12355
1.31746
1.37931
0.774411
0.652015
0.615599
1.10256
0.996212
1.15596
1.68947
1.1982
1.37799
1.36771
1.23041
1.92899
1.54737
1.13462
0.122164
1.21304
1.78804
2
1.60795
1.88701
1.45699
0.913194
0.953586
0.659919
0.761905
1.26168
1.06897
0.888889
0.868217
0.921875
1.10345
1
1.03448
1.04918
1.17431
1.21101
0.990826
0.0952381
0.646707
1.01587
0.93254
1.11885
1.04682
1.16129
1.20902
0.86
0.794393
1.38095
1.34351
1.29289
1.37255
9.58333
14.4048
6.5
12.4808
16.7854
21.5813
23.1212
37.0042
24.4271
15.4358
23.7993
28.534
13.9769
8.91791
12.1186
21.6165
14.0355
7.34122
9.22026
8.50836
1.81404
11.3651
11.9464
16.9777
11.6845
11.7024
10.9872
28.9101
7.78571
9.25466
8.57422
14.4107
16.1813
10.6151
9.61883
18.4087
8.60191
8.60328
13.0919
13.4316
10.4541
7.82162
18.8317
9.74915
9.38889
15.3856
17.453
16.3821
7.95973
5.42105
13.461
13.8976
9.63913
9.68078
8.14286
7.10277
34.6483
18.5639
30.4517
19.9153
41.4421
16.0222
21.3991
24.6504
26.9341
18.1034
21.2162
16.474
28.2627
12.7308
21.4506
21.2403
14.7037
50.9032
8.62796
21.8095
26.5622
14.2227
18.9321
12.3033
22.9013
17.5865
19.262
23.0712
29.6244
28.164
12.7729
25.1542
14.7775
8.92908
29.5758
12.7213
27.0942
27.7563
9.69091
15.3138
22.7985
33.0815
21.1154
15.5945
18.7047
18.862
18.8908
14.7288
9.87945
21.3651
17.1735
24.6226
23.5279
19.9713
22.4114
19.3608
21.9151
8.17692
14.4247
23.1
21.2098
39.4383
28.637
27.0357
34.1062
26.1161
18.9465
40.9792
9.67601
15.5613
2.00574
20.4324
23.9713
13.9907
14.4931
38.7729
9.91667
15.3182
8.37349
55.1567
21.6361
11.6688
9.87137
29.2986
22.8684
13.9043
19.4731
36.6403
13.5378
21.3878
34.7235
19.6459
22.5779
37.057
12.6844
21.6734
35.1117
24.7389
31.4194
29.0573
15.7994
30.9911
43.7667
27.1659
21.5093
22.609
6.71835
9.816
18.9173
3.09391
17.3376
29.9241
29.0098
24.8532
20.0631
56.0055
22.7923
27.3455
10.911
24.5794
76.2695
24.7304
18.1973
47.3103
43.4118
14.7711
13.4581
11.8209
15.1225
26.8988
33.0064
29.3798
20.3349
23.7143
16.1568
36.197
12.6298
20.5648
37.4478
25.9637
37.4932
22.1569
27.5907
7.5473
24.3902
22.4231
14.1799
28.4619
21.0169
32.1982
17.8483
15.8197
31.9202
11.589
28.1774
31.745
17.6041
36.9825
26.4508
12.7793
27.1365
13.7447
24.0136
19.358
17.1535
47.9719
14.563
30.1324
18.2284
8.99296
17.836
17.1057
19.9563
12.8578
12.814
17.7085
19.1979
13.2172
37.6364
25.0137
3.34061
43.5187
23.6255
21.2907
10.2678
17.9962
37.6782
19.9139
24.1176
25.5492
20.572
5.37578
23.6327
33.2762
9.45736
35.8061
37.0894
21.1767
9.61446
30.8779
20.5875
14.6168
17.7757
26.3756
48.4527
44.5411
12.8347
15.3093
22.1895
7.38372
6.17073
6.54113
17.4837
14.1283
16.6091
48.6336
21.0094
40.0559
8.47302
7.31447
11.6137
33.2809
22.3348
29.1468
38.8955
30.2031
22.9884
10.9685
17.8033
33.7027
15.6587
23.1488
16.4312
40.5844
35.4453
32.875
21.4896
13.9349
31.4189
14
32.6263
45.7318
29.1412
34.9183
40.378
17.2887
40.4532
17.088
12.6151
34.9826
22.6438
23.1111
26.8442
29.2845
35.0955
17.9798
14.3863
48.7931
15.0691
43.5
47.6287
25.4493
34.7154
13.6667
13.9871
24.5233
26.5872
22.8419
31.9817
31.3571
35.7323
13.9091
20.806
9.23548
15.378
46.7456
34.631
14.5472
36.5059
21.1373
14.1078
16.3171
26.6733
35.5746
42.5818
14.9905
19.0049
37.4878
16.1754
17.0882
40.5825
47.8815
20.0896
31.119
28.1839
20.8129
35.0842
21.5671
33.8032
18.4831
49.9239
13.5767
24.4216
20.5614
29.5224
23.6535
30.0188
17.2134
23.8144
10.0833
22.6829
22.4843
14.4634
15.717
37.6087
25.3239
31.7354
12.2098
15.7344
24.125
15.8151
15.5541
18.1058
43.3333
40.5797
22.5308
27.4188
11.727
28.358
26.4646
45.7798
30.6691
22.6325
28.5034
15.3406
22.2675
10.1457
28.3141
40.3951
40.401
32.8678
38.5364
16.1898
32.5885
13.5388
35.7874
24.9704
32.1478
22.9691
35.9337
23.3733
24.1136
27.8625
33.9615
48.8221
14.2751
15.9051
7.38435
33.4564
16.8326
24.8191
22.1727
38.9836
33.3927
28.4405
38.8238
38.5039
25.7622
28.9013
42.3571
24.5093
20.2649
44.612
16.0672
38.3009
11.981
36.8768
24.6883
29.7216
23.8056
37.04
25.9826
26.3362
32.3594
15.6347
31.2246
39.4877
18.9777
9.72761
30.3814
38.7333
11.2597
30.4841
25.4556
26.2371
36.9817
35.4177
30.4038
12.8588
21.6122
53.6977
50.1944
30.6535
38.5727
65.4398
11.9913
34.0804
18.2624
30.3784
42.1168
29.7829
28.6609
21.9148
29.2662
47.3144
38.9333
32.3661
32.6986
48.0571
36.5303
9.11111
44.51
72.8953
33.9708
11.8524
31.521
38.9043
34.3629
31.7846
44.2273
18.6022
23.6971
29.082
42.965
19.1366
42.9024
14.303
30.6507
22.1394
30.8647
14.6321
1.96667
24.7742
20.8705
18.7975
19.288
6.40422
37.3732
39.5413
25.3952
27.2152
23.8168
32.4651
26.0101
34.4286
28.359
25.5923
26.7509
40.1553
20.3889
25.0364
27.5161
31.2846
47.1925
28.7783
19.3838
32.2327
18.0072
24.9531
47.5991
50.2299
35.0714
32.2041
17.0462
47.1038
21.2993
35.7232
47.6828
34.9837
18.1615
27.9289
17.715
47.6774
31.2353
43.4245
44.8254
54.8874
31.6605
21.4081
54.776
24.2219
30.9636
26.4622
18.2625
65.9716
40.0288
21.9545
44.4577
32.7277
24.0792
36.2311
19.9118
27.3237
19.6818
45.2723
27.9605
29.3369
30.5177
24.8346
31.4588
14.3495
35.1842
17.8989
31.6964
33.2683
40.0881
17.0386
1.64749
18.6892
30.7577
14.716
26.8317
27.5
24.2956
19.5433
21.3433
25.3581
17.2562
33.8256
16.0038
32.4767
9.78704
19.2906
10.19
24.4192
22.8419
10.8478
0.940767
0.714286
0.639241
0.910569
0.828244
0.885496
0.982456
0.814815
0.761905
0.777778
0.783688
1.04889
0.902256
0.932203
1.06542
0.895522
0.919492
4.75115
51.1625
22.4568
58.6432
15.7042
21.531
17.5165
6.03084
17.5811
11.8923
7.16165
10.3158
23.0718
10.7767
5.34906
4.74926
8.9588
21.3436
12.6532
21.1156
15.6786
16.5892
19.3471
16.6205
6.89562
10.3383
15.9363
9.05159
13.4856
41.7059
9.12955
12
26.8323
5.3042
4.87234
6.73059
8.44656
21.3539
6.83039
7.53604
7.52107
5.28082
6.37281
10.4236
9.60392
6.07667
8.12019
3.55957
12.637
7.74089
8.45181
6.54508
8.16532
12.6667
14.3377
12.0903
7.26582
5.09274
10.2358
11.9207
4.98889
15.2617
7.0123
9.27935
11.0542
4.98491
8.06742
10.0222
6.78878
12.1884
11.7236
7.43119
4.46853
4.08807
6.88048
7.14179
2.5625
7.97321
13.6923
13.5321
11.5069
7.64453
5.92607
5.6171
4.28169
5.81169
16.5095
6.53879
11.7523
9.14352
3.76978
17.9319
6.35473
6.61039
6.81034
6.26636
10.125
4.82847
4.81017
11.1916
6.41667
8.07203
9.66118
9.15319
8.34158
6.36641
6.07055
15.6204
8.09664
6.43478
6.18627
4.96667
7.30047
19.7167
6.49275
7.43922
6.84982
6.51765
6.58333
1.39809
12.4815
7.47692
6.12054
12.5017
11.5256
14.1366
9.17672
6.52381
4.74174
1.41929
5.54181
6.08397
9.90254
10.125
1.00412
4.76898
6.68349
8.39004
6.33333
4.44737
10.4577
5.44841
3.78758
7.35385
10.9885
6.18584
15.5076
5.25769
5.65744
9.09251
4.08592
12.9402
24.8727
7.26991
4.80299
7.43299
15.2095
3.8806
9.95402
5.38983
9.03717
11.6272
24.3175
10.0574
6.38926
8.08974
14.8219
7.61004
6.88417
8.69264
10.8947
6.70504
14.0333
9.24797
6.62595
7.89668
14.7287
28.187
11.4074
7.18182
6.05019
5.43333
11.084
7.09339
6.35331
10.9467
6.51739
4.7554
11.6105
7.47521
7.18008
12.8166
8.08915
13.0171
6.41877
4.05155
12.7829
8.8835
4.84314
11.6316
8.42857
3.45872
5.69482
19.8273
21.1435
11.0798
5.95833
3.78529
11.6618
6.5092
7.37319
10.6715
12.2365
16.3455
8.19472
6.64192
9.02381
15.8693
12.064
7.9697
10.7673
9.27451
7.24409
9.07121
5.7125
4.21613
6.27615
6.05556
4.67893
13.56
7.59245
11.2593
6.09565
5.6391
5.95745
12.7381
10.784
7.5784
10.1236
14.3884
9.42366
23.3134
7.01639
29.1818
9.61207
15.6438
11.3704
6.624
13.1484
12.0468
6.12784
5.61644
9.82397
12.6739
6.06207
11.9013
7.68093
6.36525
7.89912
1.42118
12.5591
6.36923
6.94257
5.70833
9.67568
6.301
9.5438
10.8816
11.3934
12.7638
9.15942
15.1867
12.8889
14
10.3915
14.3636
7.39394
16.0819
9.01471
8.90244
8.59667
7.27632
11.3946
18.4355
10.0085
4.26829
10.6101
10.0924
6.52769
12.0682
7.75915
14.2015
6.04365
12.1595
8.93657
11.4112
9.34951
6.64474
5.97087
7.14191
15.1518
8.42606
6.48425
8.09886
7.03462
13.1933
10.3307
9.18571
8.76952
15.4184
9.82657
7.84071
14.1951
7.26814
14.9644
7.72047
9.05118
10.4592
7.72519
11.9465
7.53918
13.4213
6.13861
13.8217
8.15847
9.13462
5.50886
8.47634
14.5935
10.3556
6.50781
8.25899
13.4571
11.5
17.782
11.6139
16.064
21.0956
20.672
8.40957
6
8.58633
18.8578
8.92991
8.21176
12.3713
6.17518
12.3462
7.40187
7.61847
7.28774
7.03214
4.52492
11.7767
7.29187
10.4183
8.60417
12.0353
14.8714
15.7519
7.13889
8.62766
16.1394
17.1691
6.00712
9.732
9.20792
12.7156
12.307
11.6078
16.1743
11.5236
9.27778
9.3266
5.61957
12.6028
10.301
8.46442
6.33333
11.2301
8.61929
9.85944
8.56148
9.43496
12.365
8.54878
8.42574
6.82807
7.47975
12.9713
11.25
9.28507
6.15152
19.5176
11.3252
18.2
16.6869
11.0559
21.4333
8.92735
8.1342
6.23588
12.9084
7.62191
11.1679
7.01748
12.0575
7.55303
7.22105
9.432
23.4315
15.4663
7.81481
7.78201
4.3694
12.4656
10.9552
9.13858
9.19251
16.5812
7.26293
12.9035
7.85714
10.0909
13.0109
8.04255
13.8736
8.41778
6.33208
10.8561
10.625
10.9939
9.44015
14.0445
9.73333
7.58065
9.44493
9.05696
6.76068
8.01351
4.62963
6.14551
11.55
8.51613
20.4
10.4481
9.93913
18.5412
20.6074
18.675
7.6776
6.25746
7.46296
16.765
3.49695
8.4955
9.84163
11.4512
7.71429
14.5874
10.9823
10.3951
9.34454
14.3707
8.47917
7.08779
6.04472
7.46792
19.1957
11.8458
9.22374
9.49123
11.3922
9.79116
13.538
8.54045
20.0876
10.6087
7.56146
18.7174
16.2281
12.8426
6.22186
8.77049
10.4083
15.4378
6.81466
18.2056
6.25311
5.93885
27.7926
7.43836
10.4853
9.46667
4.88312
8.59231
5.74481
18.6167
8.424
7.70213
13.0354
5.80237
9.93156
13.3359
5.7377
17.5119
8.64677
6.09966
5.65385
9.20362
11.9389
11.7892
8.59916
4.91815
13.0085
5.72308
15.0597
6.37634
5.50156
6.58065
7.75581
10.8846
7.63913
7.68085
6.61017
13.8552
15.015
7.25521
8.72038
7.37209
8.54086
4.05919
12.4043
6.52797
5.57303
9.2243
8.16129
11.4083
3.42857
6.73896
6.02734
6.97727
12.5784
11.8663
4.82443
4.11184
4.39662
6.45022
5.36683
0.948207
0.132653
0.610795
0.755639
0.847584
1
0.854962
0.920635
1.05085
1.08475
1.17431
1.17431
1.17431
1.17431
1.13761
0.990826
0.916031
62.1441
156.309
100.958
53.0405
54.5714
75.2
11.4318
8.69485
24.3395
7.30544
6.80723
5.36803
9.00787
8.72277
1.71354
10.9309
6.80435
9.26639
15.8962
11.0946
11.4646
14.2035
1.32204
12.8008
8.3625
8.94271
14.4147
12.2551
18.2112
12.607
17.7162
13.0096
12.9303
17.4145
19.7374
4.92905
9.13226
4.13441
30.2385
17.9902
11.2538
14.5429
2.2632
9.55128
6.96641
18.5777
19.2
18.8219
11.5498
22.0376
14.0945
17.2059
17.2385
10.3563
8.60526
12.1146
9.51029
2.36268
13.2123
9.29889
10.5906
5.63701
5.3062
12.6742
11.4454
10.0699
9.51042
9.075
10.7162
15.7404
11.7391
13.25
18.5
8.9823
11.085
13.2577
12.5929
1.84505
12.2599
10.0785
11.9476
1.61714
6.64683
7.23308
12.1406
15.875
17.7324
10.8649
7.82206
12.22
24.5193
13.9632
7.17551
5.70833
14.6943
18.8374
16.5667
16.5547
15.7931
13.395
7.16529
18.7299
9.28455
14.9615
9.71053
9.26754
8.608
28.6235
12.4812
10.8409
5.67442
6.6246
20.0556
6.86667
10.1713
5.09938
13.7519
9.3038
8.70385
8.36296
13.5385
15.9435
10.0203
7.56884
17.1812
21.9392
7.68778
6.63306
8.38158
13.9402
15.2621
10.0871
13.8247
10.7778
11.6036
7.74569
10.5085
9.47083
11.2233
13.5082
7.92089
5.31818
7.46014
15.8912
4.78659
12.0647
7.05455
9.10985
11.9856
7.42701
9.82326
12.3941
8.1673
1.39492
8.40873
8.81496
6.92344
12.6882
10.1063
8.38393
4.82332
6.56585
6.94161
11.3373
8.57667
14.9091
15.4437
15.1845
8.75618
12.6495
9.16814
5.96296
16.2
5.32593
12.1688
6.21786
8.83582
15.5964
11.3586
11.3956
8.6309
13.4792
16.598
14.7833
13.7076
1.90394
20.6299
11.0277
23.3476
12.6614
7.46522
21.6883
9.31629
14.6852
9.41549
10.7352
23.881
8.90777
9.05285
11.5871
21.4815
13.1286
9.68657
6.54491
16.2407
19.1949
15.9626
26.7379
0.334347
1.03571
0.792593
0.840149
0.858268
0.944882
0.983051
1.04878
1.18349
3.52294
1.17431
1.17431
1.17431
1.17431
20.3349
25.027
30.7586
35.8276
17.3742
28.6156
36.6397
35.7164
20.1165
21.9225
32.7018
33.1174
46.6667
56.5879
72.1964
60.0926
40.7588
63.2805
82.2531
126.408
81.3715
57.4184
38.1831
168.366
67.9642
43.9075
26.8922
53.6494
173.796
29.2151
10.3929
11.7912
7.31651
1.90449
7.81847
3.79661
3.04918
5.69725
5.19266
4.49618
5.87712
5.72727
10.9633
3.50847
7.23077
7.22667
21.3
13.5135
1.38608
0.631579
0.8223
1.06538
0.996226
1.17557
0.827586
1.07755
1.29661
1.3578
1.50459
1.46789
1.3945
1.40367
1.3945
1.16055
1.16599
1.15556
1.14068
0.252435
0.893082
1.10067
1.09921
1.17409
1.39669
1.51376
1.3945
1.43119
1.46789
1.46789
1.3945
1.32569
1.12687
1.48387
0.941718
1.0897
1.19841
1.488
5.8
1.27027
1.13806
1.37544
1.84127
1.86441
1.77064
1.65596
1.08844
1.27381
1.28968
1.3745
1.18462
1.05769
1.31835
1.20588
1.50459
1.77064
1.76147
0.515625
1.17164
1.15185
1.40611
1.16031
1.41353
1.27937
1.12324
1.6962
1.59322
1.71429
1.4322
2.17431
1.85043
1.50515
1.33209
1.74144
0.3875
0.980892
0.969697
0.898551
0.972222
1.19481
0.984615
1.18644
1.24771
1.36697
1.3945
1.24771
1.18349
1.07407
0.976378
1.08475
1.13303
0.797342
0.849206
0.776316
0.891791
6.23574
0.82069
0.794613
0.843066
1.11392
0.918033
0.984127
1.11864
1.17431
1.17431
1.3211
1.2844
1.43119
1.51376
0.866906
1.27039
0.936975
0.8125
0.853147
0.938462
1.05603
1.11297
7.51835
0.82392
1.01587
0.853175
0.920152
1.01594
1.1179
1.04762
1.0367
0.735099
0.803846
0.791391
1.22785
0.952381
0.92623
0.793103
1.01739
0.869231
0.846715
1.01695
1.11864
1.2844
1.10092
0.151455
1.04453
0.898551
0.966102
0.965517
1.66949
1.68881
1.28261
1.61194
1.68116
1.65873
1.77064
2.20183
1.65138
2.02752
2.17431
1.55046
1.02542
0.18254
1.18182
1.46032
1.3209
1.33597
1.55159
0.99661
1.61468
1.76147
1.62385
1.58716
1.84404
1.69725
1.08257
0.785211
0.987552
0.829431
1.15678
1
7.39394
0.792517
0.819113
1.20763
1.2723
1.22078
1.01695
1.18033
1.14679
1.24771
1.3945
1.33945
0.918216
0.821705
0.80756
0.734899
1.03644
0.991525
0.930233
0.856061
1
1.02326
6.55328
0.680352
0.949153
0.944444
0.924242
0.970803
1.07407
0.920635
0.907407
0.822642
0.862319
0.773163
0.969298
0.908425
1.00424
0.927711
0.88172
1.024
1.05738
1.24771
1.21101
1.17431
1.24771
0.142857
0.789116
1.08475
0.877049
0.902685
0.911197
0.860681
0.919118
1.01587
1.09924
1.72222
1.56349
1.21101
1.24771
1.17431
1.21101
1.2844
1.2844
1.10092
1.00813
0.987288
0.244643
0.830769
0.77037
0.860215
0.983051
0.920635
0.889764
0.882812
1.09402
1.04918
1.17431
1.21101
1.17431
1.17431
1.17431
1.19725
1.20814
0.931159
0.819788
0.907692
0.856061
0.840304
6.44015
0.795918
0.828671
1.00433
0.884921
0.889734
0.839161
1.11864
1.17431
1.21101
1.22018
1.13761
1
0.95082
1.07759
0.923077
0.923729
0.906716
1.06224
0.979508
0.912351
0.926641
1.11864
0.231293
0.861538
0.830769
0.818182
1.05983
1.04918
0.983051
1.19008
0.952381
1.06148
1.0137
0.777778
0.7
0.76431
1.02075
0.95122
0.85
1.00415
1.09091
1.15789
1.21101
1.17431
7.42661
0.816327
0.949153
0.920635
1.00407
0.71028
0.873563
1.05603
0.924686
0.791809
0.852459
0.952381
1.08475
1.24771
1.07339
0.92735
0.980843
1.19298
1.17431
1.21101
1.20642
1.51659
1.03358
0.165584
0.623116
1.01434
1.22015
0.888889
0.988095
0.87108
1.12821
1.16667
1.22018
1.25688
1.18349
1.24771
1.3211
1.13761
1.9095
1.1588
0.931159
1.11441
1.03879
0.725552
5.68662
0.751592
0.916667
1.01575
1.01399
1.12712
1.11404
1.42991
1.46789
1.3578
1.74312
2.03901
0.901515
0.936047
1.21951
1.31579
0.933824
1.15152
1.77778
1.3945
0.385045
0.988764
1.30769
1.10345
1.65596
3.27575
1.14444
1.80153
1.47826
2.06154
2.50746
2.56881
2.76147
3.26606
