1.46377
1.46939
1.63077
0.287698
1.56154
1.55822
1.95775
1.36093
1.54064
1.56175
1.27097
1.37864
2.38813
1.84649
1.70896
1.95872
1.40206
1.4878
6.8037
1.47794
1.375
1.4744
1.48846
1.53226
1.83333
1.39286
1.29836
1.43046
1.62302
1.46479
1.53047
1.54074
1.58696
2.13953
6.70036
1.53401
1.6087
1.51515
1.61885
1.46918
1.71956
1.66667
1.45098
2.15207
1.74809
1.73729
1.57343
1.95872
1.56856
1.36986
6.06849
1.17169
1.34314
1.60727
1.55556
1.41391
1.60595
1.58462
1.44948
1.43284
1.31126
1.25667
1.37695
1.69841
1.70632
2.15284
0.272487
1.15964
1.35161
1.6
1.69048
1.56827
1.60727
1.24828
1.25419
2.06573
1.61268
1.72881
1.53287
1.81746
1.70042
1.4471
0.259259
1.29333
1.30945
1.19366
1.32335
1.72222
1.43893
1.61775
2.05505
1.52381
1.32581
1.52817
1.46768
1.34194
1.48746
6.53169
1.62403
2.29302
1.52381
1.57971
2.06481
1.64664
1.87615
1.45695
1.78571
1.60656
1.39934
1.79231
1.49275
1.66288
1.58555
6.47101
1.41214
1.78968
1.80488
1.41892
1.54545
1.99541
1.39437
1.24161
1.21779
1.24127
1.4472
2.1055
1.67213
1.6014
1.86404
6.63043
1.33951
2.09174
1.44928
1.41781
1.4306
1.36271
1.79615
2.00893
1.44928
1.46622
2.26147
1.79386
1.39726
1.56794
1.80081
7.11905
1.05413
1.3123
1.59109
1.30937
1.60364
1.66531
1.57931
2.1055
1.50397
1.3119
1.58955
1.65649
1.60606
1.03021
1.0169
0.257764
1.07398
1.52
1.47826
1.45993
1.53069
1.48134
1.44482
1.69444
1.46296
1.3543
1.42215
1.49655
1.58148
1.48148
1.46259
0.270503
1.41667
1.54348
1.57721
1.70037
1.69957
1.39867
1.34211
1.3808
2.0093
1.41333
1.42164
1.35032
1.61111
1.5019
5.98007
1.62738
1.41367
1.47101
1.30345
1.3
1.29333
1.33333
1.64336
1.92523
1.52113
1.60385
1.35612
1.31761
1.53069
1.51923
6.01656
1.43223
1.29653
1.44928
1.47279
1.63077
1.50746
1.53901
1.65299
1.55556
1.38944
1.57664
1.64615
1.43494
1.41083
1.59677
5.93667
1.70677
1.64074
1.51779
1.43046
1.61832
1.47692
1.44407
1.45556
1.52349
1.56466
1.3913
1.51154
1.50331
2.14486
1.46565
6.06333
1.69202
1.751
1.39259
1.40924
1.68773
1.27907
1.39474
1.60145
1.53968
1.49673
2.09174
1.62698
1.54647
1.53357
1.61905
6.44599
1.37134
1.63347
1.53061
1.82937
1.90826
1.4589
1.61217
1.46642
1.47
2.08531
1.34266
1.32476
1.53357
1.6616
1.84615
5.72152
1.27389
1.35616
1.47651
1.72619
1.59542
1.63571
1.99083
1.41516
1.36304
1.42553
1.3322
1.32333
1.71886
1.05391
1.42466
6.50896
1.3465
1.55556
1.42517
1.54909
1.5873
1.39073
1.319
1.43636
1.99541
1.68217
1.78838
1.5274
1.59567
1.59127
1.39932
0.495301
1.66949
1.46154
1.58993
1.54724
1.39333
1.68
1.68657
1.58077
1.61151
1.86441
1.52381
1.34194
1.55396
1.57692
6.52113
1.55056
1.48252
1.62313
1.49231
1.56584
1.43657
1.46939
1.63077
1.46269
1.37294
1.54074
1.58955
1.47037
1.07602
1.2884
6.06122
1.45455
1.56923
1.46014
1.38851
1.55636
1.55172
1.57388
1.84862
1.46259
1.43357
1.48951
1.81102
1.83486
1.34247
1.61268
8.52294
1.42966
1.26899
1.49664
1.95327
1.43537
2.25116
1.48519
1.38014
1.6
1.65079
1.49638
2.03256
1.45455
1.48881
1.44483
6.81111
1.36466
1.42809
1.2911
1.2926
1.51786
1.55224
1.61194
1.73077
1.95872
1.47619
1.51779
1.38907
1.51984
1.4964
1.21656
5.43713
1.45734
1.69444
1.72388
1.72768
1.47751
1.62637
1.56175
1.32581
1.57394
1.6971
1.2649
1.26708
1.38028
1.42014
1.48252
6.88077
1.57931
1.73413
1.71212
1.65948
1.41509
2.10092
1.56923
1.28041
1.49527
1.84404
1.49104
1.51087
1.40288
1.37377
1.52518
7.06538
1.20807
1.40391
1.63306
1.55749
1.89767
1.23457
1.44815
1.39344
1.64231
1.48519
1.58503
1.95413
1.3913
1.41391
1.64906
6.11785
1.42517
1.37681
1.31373
1.53623
1.58955
1.63704
1.65873
1.54839
1.70385
1.71429
1.82129
1.26174
1.32595
1.58333
2.0186
5.75828
1.13369
1.60075
1.50373
1.48454
1.64286
1.47018
1.36014
1.10455
1.21019
1.23718
1.38284
1.52518
1.66667
1.83898
1.60317
0.250661
1.35556
1.58955
1.46269
1.64552
1.78661
1.41497
1.64855
2.11354
2.08182
1.60385
1.46831
1.46269
1.44407
1.631
7.1627
1.36398
1.05277
1.44667
1.60385
1.43284
1.51656
1.66245
1.5
1.92661
1.47945
1.51331
1.5189
1.65873
1.57857
1.68254
6.10101
1.42053
1.60595
1.52239
1.49296
1.66052
1.89831
1.63492
1.53191
1.47692
1.4
1.32847
1.16667
1.4404
1.5687
1.50362
6.12587
1.22701
2.1106
1.2993
1.2673
1.62329
1.72018
1.23529
1.47917
1.35463
1.66923
1.75397
1.61194
1.54615
1.55755
1.73077
7.827
1.30063
1.5159
1.8
1.54365
1.53667
2.13023
1.57143
1.49673
1.72807
1.49007
1.76829
1.69048
1.56569
1.66792
1.70339
6.12829
1.31544
1.47855
1.94068
1.72881
1.5669
1.82927
1.57353
1.49823
1.5
1.46939
1.45385
1.32278
1.04118
1.2076
1.5
0.263889
1.45545
1.55918
1.21562
1.43974
1.62302
1.40845
1.59783
1.62687
1.68702
1.28
1.4
1.90351
1.64437
1.83898
6.81154
1.65385
1.67033
1.62302
1.52817
2.17431
1.51724
1.58
1.75229
1.35463
1.7
1.71374
2.25352
1.93868
1.39683
1.78571
7.29918
1.2381
1.2145
1.52817
1.7
1.52381
1.5129
2.20465
1.85593
1.66923
1.56154
1.48454
1.67308
1.5754
1.32226
1.26333
5.8871
1.46575
1.38662
1.33333
1.48239
1.47333
1.86697
1.40764
1.99558
1.48148
1.36986
1.57877
1.94419
1.38028
1.33667
1.43771
7.09055
1.47735
1.36986
1.45205
1.70149
1.83898
1.56538
1.34286
1.38384
1.55944
1.70833
1.55479
1.9375
1.7619
1.51625
1.51812
6.25267
1.27011
1.53968
1.20915
1.36196
1.98174
1.46479
1.46014
1.49141
1.91667
1.61131
1.71186
1.41297
1.58741
1.89732
1.40351
6.32534
1.43706
1.49296
1.52612
1.43662
1.5
1.52901
1.81148
1.52778
1.47742
2.1422
1.5935
1.50871
1.30345
1.35849
1.60385
6.66791
1.25575
2.50711
2.28837
1.89912
1.65217
1.52083
1.91968
1.83645
1.30769
1.56184
2.1055
1.66667
1.67797
1.35172
1.54545
0.420918
1.68061
1.79098
2.00897
1.52239
1.53169
1.13565
1.28955
1.67308
1.55556
1.35099
1.6
1.69697
1.85656
1.92308
1.70992
0.263889
1.64085
1.09632
1.32595
1.46996
1.52239
1.56794
1.89431
1.69492
1.42254
1.42466
1.53405
1.54074
1.4529
1.28041
5.9934
1.33861
1.61943
1.44014
1.51049
1.51866
1.52113
1.54231
1.42568
1.66545
1.83945
1.46
1.4697
1.45161
1.76829
1.45802
6.03289
1.41544
1.26074
1.55477
1.7381
2.5367
1.99576
1.26531
1.59016
1.40066
2.09417
1.57037
1.55597
1.55
1.5597
1.60741
7.09524
1.10632
1.38387
2.09767
1.48951
1.44404
1.33562
1.48701
1.99083
1.42254
1.47826
1.52381
1.39355
1.61154
1.52239
1.25175
0.366497
1.38006
1.59127
1.47619
1.63258
1.55805
1.76087
2.06422
1.70492
1.59431
1.81148
1.60079
1.43945
1.5516
1.31544
1.3838
0.259259
1.42
1.64925
1.7
1.52381
1.40264
1.53506
1.47015
1.48667
1.70259
1.3123
1.6791
1.60656
1.43046
1.68077
7.8107
1.59559
1.50769
1.38305
1.49141
1.59921
1.44178
1.5947
1.54182
1.54478
1.72963
1.99061
1.44565
1.79422
1.94191
1.52448
6.81298
1.29321
1.47143
1.50373
1.39355
1.60769
1.58955
1.55273
1.74721
2.06075
1.62687
1.69048
1.70504
1.83486
1.38514
1.54577
6.78244
1.25758
2.51643
1.31776
1.58427
1.92019
1.23429
1.53846
1.46233
1.65299
1.59375
1.59155
1.21519
1.5
1.90678
1.52381
0.298701
1.13941
1.51538
1.46179
1.60656
1.49007
1.90351
1.49275
1.5
1.44444
1.46503
1.72593
1.7844
1.38111
1.48077
1.37748
0.262931
1.50794
1.34641
1.55088
1.55952
1.31613
1.33803
1.42857
1.65476
1.43284
1.53898
1.893
1.97297
1.72857
1.55385
1.19048
0.270503
1.50355
1.50373
1.47766
1.57721
1.54074
1.44203
1.49495
1.24194
1.6129
1.78661
1.62963
1.59766
1.47917
1.41045
5.6195
1.32484
1.47826
1.40845
1.53986
1.6306
1.75397
1.63077
1.53623
1.70073
1.80275
1.41333
1.45149
1.46713
1.60145
1.55556
5.94371
1.60227
1.43322
1.65873
1.49275
1.38516
1.38776
1.49655
1.57692
1.46479
1.55396
1.57308
1.45714
1.45455
1.52308
1.41497
6.62681
1.38202
1.27941
1.83333
1.42581
1.85593
1.51254
1.54182
1.52612
1.52817
1.91743
1.43046
1.51154
1.36986
1.29831
1.43631
5.77778
1.27492
1.39437
1.40604
1.58801
1.54104
2.05581
1.5493
1.70079
1.61905
1.40418
1.42517
1.30476
1.67391
1.87383
1.33333
6.82836
1.43836
1.42222
1.47619
1.71721
1.52518
1.42537
1.47119
1.16109
1.35238
1.58779
1.46014
1.51748
1.61832
1.42164
1.40067
6.53957
1.55914
1.64014
1.86239
1.34256
1.30464
1.36333
1.47826
1.55197
1.53383
1.47826
1.6014
2.10092
1.79457
1.67692
1.37
0.318182
1.23765
1.55282
1.80408
1.51154
1.5493
1.57308
1.52817
2.10092
1.50542
1.72932
1.38406
1.38141
1.86547
1.57049
1.99083
0.259259
1.31667
1.50502
1.92202
1.39249
1.79478
1.86425
1.64336
1.76695
1.46959
1.53462
1.44482
1.64231
1.48519
1.58503
1.94495
0.259259
1.44667
1.58955
1.91538
1.82041
1.62593
1.5
1.36364
1.53791
1.70896
1.61441
1.35127
1.79231
1.75877
1.42574
6.88846
1.39815
1.94884
1.23333
1.2381
1.20938
1.47157
1.62302
1.40845
1.59783
1.6194
1.73077
1.69758
1.72727
1.34965
1.38312
6.31022
1.3271
1.45788
1.47157
1.62302
1.58451
2.11009
1.76096
1.58209
1.52239
1.53597
1.71538
1.35312
1.52381
1.44746
1.631
6.9246
1.27507
2.13023
1.55725
1.47535
1.53358
1.75089
1.67063
1.56522
1.57692
1.47826
1.51049
1.64231
1.53053
1.58503
1.94495
6.44565
1.22063
1.46269
1.30033
1.31081
1.35599
1.54074
1.3913
1.59524
2.02326
1.40909
1.46233
1.57037
1.64925
1.46183
1.3873
0.289435
1.17262
1.36774
1.47761
1.4863
2.24771
1.68033
1.43554
1.56738
1.64567
1.39209
1.24667
1.41967
1.6
1.4964
1.63043
0.442857
1.65164
1.30795
1.52669
1.4863
1.92017
1.59398
1.53623
1.51866
1.59353
1.58403
1.3211
1.76154
1.68644
1.51007
1.99083
0.259259
1.32
1.68683
1.7582
1.57037
1.53358
1.27698
1.3012
1.59701
1.57778
1.48699
1.51049
1.64231
1.59542
1.66429
1.73932
0.240741
1.10574
1.41214
1.39209
1.38922
2.16509
1.61905
1.47535
1.59353
1.90079
2.00459
1.58955
1.52518
1.52985
1.68148
6.97692
1.25
1.56584
1.52239
1.6162
2.14545
1.99153
1.5331
1.54762
1.58974
1.48913
1.47985
1.31741
1.47333
2.02752
1.46479
6.72464
1.61397
1.45704
1.55
1.59507
1.89333
1.53462
1.64539
1.57198
1.22293
1.36039
1.54182
1.44403
1.38667
1.55556
1.76154
7.57806
1.16809
1.51111
1.32246
1.31118
1.24762
1.40397
1.51111
1.56115
1.50769
1.38284
1.54182
1.5597
1.54348
1.54815
1.60305
0.377551
1.4106
1.65385
1.75107
1.42581
1.58268
1.37063
1.38284
1.71119
1.81193
1.3245
1.70896
2.10092
1.68033
1.52778
1.52778
0.258598
1.375
1.46763
1.3662
1.42718
1.52778
1.35065
1.38351
1.46853
1.47464
1.46667
1.46479
1.43116
1.51333
2.01339
1.5754
0.232143
1.44
1.51493
1.3299
1.38112
1.43289
1.61364
1.60769
1.52239
1.65854
1.94954
1.44776
1.49333
1.7377
1.52985
1.32215
0.273148
1.17037
1.06417
1.72954
1.94393
1.50352
1.5316
1.33696
1.28395
1.52518
1.6791
1.86441
1.82273
1.56849
1.94737
5.94198
1.69811
1.55556
1.28053
1.43522
1.69231
1.67063
1.6
1.56967
1.35463
1.69004
1.34672
1.34375
1.51079
1.38722
1.26061
6.41219
1.74906
1.7619
1.6627
1.50181
1.43478
1.22408
1.33333
1.50903
1.55197
1.63077
1.58955
1.40672
1.23077
1.22581
1.35669
6.88806
1.37931
1.19182
1.35736
1.79817
1.16118
1.31737
1.76587
1.72961
1.42857
1.69841
1.43333
1.5
1.90351
1.43704
1.23256
6.21502
1.36207
1.57823
1.88936
1.69349
1.83028
1.36957
1.69048
1.84211
1.38558
1.60163
1.38776
1.26481
1.36792
1.58077
1.5493
7.39754
1.3913
1.50719
1.41367
1.45395
1.67717
1.38806
1.36482
1.54839
1.8549
1.88596
1.5
1.24074
1.26481
1.28793
1.55224
6.5
1.37179
1.35616
1.41549
1.52113
1.73462
1.70339
1.28793
1.53237
1.43333
1.34839
1.55396
1.57308
1.63066
2.09132
1.80081
7.37698
1.52759
1.60687
1.39068
1.45364
2.13453
1.77049
1.8373
2.13023
1.72619
1.49618
1.41639
1.42308
1.29375
1.54348
1.86275
7.53815
1.72308
1.85153
1.46763
1.56794
1.9322
1.09036
1.19883
1.53846
1.61905
1.37324
1.26154
1.47826
1.54483
2.0087
1.71605
0.259259
1.46667
1.62698
1.50357
1.49451
1.45455
1.34173
1.29316
1.41806
1.58955
1.54478
1.59011
1.77632
1.31987
1.48432
6.76015
1.63603
1.52756
1.4658
1.99576
1.66667
1.77727
1.34405
1.57196
1.49254
1.43878
2.12556
1.66418
1.90179
1.65125
1.62295
5.95033
1.57986
1.64609
1.2953
1.39806
1.75397
1.5873
1.33898
1.48161
1.75397
1.7619
1.75794
1.47183
1.53237
1.72881
1.4698
4.73901
1.11579
1.72308
1.84836
1.46897
1.55224
1.36957
1.38365
1.50794
1.32209
2.03493
1.88115
1.88163
1.67944
1.76271
1.44403
0.372565
2.12558
1.38745
1.36478
1.95397
1.56746
1.51957
1.62698
1.38732
1.49
2.13453
1.7377
1.71923
1.88235
1.45333
1.51923
0.441729
1.47222
1.44074
1.60854
1.63235
1.70652
1.54448
1.70229
1.44758
1.09827
1.37662
1.43284
1.42581
1.69841
1.675
8.44186
1.5493
1.95082
1.68696
1.37582
1.61905
1.73016
1.9276
1.263
1.41214
1.68504
1.63019
1.57795
1.90476
1.54545
1.77381
8.13453
1.58188
1.89655
1.56584
1.76587
1.73593
1.50685
1.62698
1.44014
1.50352
1.62593
1.4403
1.60563
2.02691
1.64925
1.94068
7.7906
1.44136
1.81579
1.69314
1.84651
1.12573
1.30345
1.31613
1.44776
1.6069
2.02752
1.41367
1.4106
1.62692
1.56318
1.97209
5.58176
1.14857
1.27891
1.24765
1.33887
1.55782
1.99153
1.74672
1.40753
1.62362
1.85317
1.91667
1.69847
1.89778
1.4863
1.55385
6.24648
1.13218
1.30795
1.59507
1.93333
1.47735
1.78571
1.7459
1.6791
1.54661
1.61074
1.39928
1.42675
1.61832
1.97458
1.83486
6.0462
1.41554
1.4964
1.50179
1.47122
1.51748
1.44318
1.26415
1.20724
1.25982
1.74627
1.54386
1.55987
1.9386
1.75397
1.6627
0.428571
1.35294
1.37671
1.52113
1.51111
1.38732
1.40273
1.5089
1.54676
1.98598
1.45875
1.73016
1.66929
1.56343
1.40217
1.20968
0.266534
1.36735
1.63043
1.72692
1.68033
1.53287
1.61111
1.36519
1.46441
1.6
1.64179
1.84127
2.02294
1.78102
1.81579
8.68837
1.391
1.30592
1.52174
1.78027
1.29936
1.5122
1.62214
1.49627
1.33673
1.44702
1.54118
1.35103
2
1.95413
1.52239
6.4375
1.46269
1.47333
1.74603
1.45635
1.23867
1.64085
1.73729
1.27188
1.30719
1.60563
1.64407
1.41176
1.63077
1.41791
1.2254
6.19536
1.6014
1.63462
1.76866
1.91284
1.63043
2
1.72881
1.50352
1.92369
1.97368
1.52846
1.5068
1.70412
1.9913
1.94397
0.385093
1.61905
1.45775
1.65942
1.92982
1.10574
1.39458
2.04651
1.58955
1.61364
1.55185
1.58273
1.73462
1.91102
1.61429
6.42606
1.65734
1.83486
1.25676
1.25538
1.46479
1.42754
1.42333
1.73234
1.408
1.40823
1.49407
1.44025
1.75397
1.18929
1.22899
6.56884
1.41923
1.1875
1.39427
1.82642
1.68443
1.58955
1.45149
1.2707
1.36333
1.55357
1.79231
1.79825
1.52817
2.19725
1.72894
8.49533
1.59643
1.56612
1.36842
1.43254
1.2994
1.67308
1.51538
1.55634
1.58955
1.66045
1.36304
1.38163
1.34641
1.36364
1.59375
7.80085
1.69231
1.55282
1.46735
1.49254
1.46127
1.5689
1.68651
1.22977
1.46562
2.0186
1.58209
2.07009
1.27241
1.21791
1.3951
0.381494
1.50943
1.43243
1.4963
1.41497
1.65942
2.02336
1.33788
1.48951
1.4
1.17296
1.5
1.91549
1.42857
1.5754
1.61246
0.238095
1.37025
1.67658
1.92377
1.47826
1.90909
1.31879
1.48973
1.27302
1.47945
1.56923
1.56643
1.7418
1.5
1.6
7
1.50376
1.36709
1.58333
1.36012
2
1.90826
1.60145
1.82143
1.70711
1.57246
1.4542
1.35032
1.64074
1.72619
2
6.64685
1.27168
1.69048
1.54851
1.46886
1.56849
1.92661
1.42466
1.54348
1.45627
1.3355
1.61224
1.91743
1.63043
1.77119
1.49104
7.08955
1.50746
1.54422
1.83645
1.33436
1.4771
1.50333
1.82203
1.35556
1.74297
1.40942
1.40717
1.51923
1.18421
1.26946
1.5
0.317995
1.43158
1.57246
1.66154
1.58929
1.42902
1.76423
1.66154
1.61832
1.77612
1.25
1.60993
2.25701
1.77966
1.42599
6.35172
1.4981
1.26
1.43046
1.66923
1.56274
1.61268
1.66949
1.39735
1.36
1.47205
1.93182
1.36194
1.28228
1.44928
1.48814
8.3991
1.36466
1.24169
1.54355
1.47619
1.40764
1.57143
1.44702
1.80723
1.74603
1.97619
1.20904
1.91304
1.52817
1.52381
1.48432
5.95695
1.62452
1.46284
1.81985
1.90984
2.10092
2.00935
1.46104
1.87838
1.5034
1.72222
2.05116
1.4863
1.52381
1.33333
1.38667
6.3741
1.22438
1.68254
1.49254
1.33223
1.46441
1.63846
1.69231
1.62692
1.5219
1.60145
1.71032
1.90909
1.48966
1.74206
2.3907
0.418019
1.21935
1.33333
1.68462
1.61217
1.58955
1.53731
1.46831
1.36691
1.39414
1.63569
1.57377
1.48333
1.75799
1.22222
1.49281
0.238095
1.18072
1.5034
1.79365
1.35556
1.50769
1.46939
1.56538
1.42617
1.60145
1.72222
2.00917
1.51852
1.67089
1.43709
6.87405
1.52414
1.63462
1.70896
1.76695
1.62909
1.97131
1.68261
1.52667
1.97368
1.65079
1.57246
2.01835
1.32877
1.39863
1.34228
5.80921
1.51178
1.4291
1.47003
2.01316
1.93644
1.97403
1.65079
1.50725
1.54104
1.67153
1.77381
2.22535
1.9386
1.60145
2.04587
6.91603
1.31142
1.32063
1.46269
1.52113
1.33569
1.32911
1.44932
1.0169
1.32934
1.87069
1.64844
1.07035
1.76226
1.85185
1.72222
7.12302
1.24286
1.71486
1.55556
1.43846
1.35714
2.05581
1.36519
1.47761
1.39322
1.51361
1.89333
1.55088
1.94068
1.68376
1.39073
0.377435
1.41045
1.35806
2.03256
1.58394
1.52857
1.5597
1.64074
1.6746
1.57609
1.16265
1.30195
1.47619
1.73077
1.73171
1.62963
0.295635
2.25352
1.50164
1.60662
1.79283
1.75397
1.63095
1.32042
1.43434
1.50169
1.61905
1.40206
1.52098
2.23853
1.79821
6.02333
1.38676
1.53177
1.91743
1.48973
1.60769
1.59058
1.81221
1.3253
1.50794
1.37778
1.98165
1.61871
1.81148
2.09649
1.81974
6.63806
1.34843
1.75746
1.68284
1.81223
1.43434
1.52273
1.5034
1.67063
2.04
1.56294
1.73029
1.39796
1.40942
1.38961
1.58801
6.58955
1.58478
1.67063
1.46429
1.28425
1.23567
1.46358
1.5873
1.22368
1.27329
1.39085
1.47157
1.68254
1.56343
1.46071
1.4964
6.67647
1.59328
1.43657
1.49669
1.96429
1.40741
1.32278
1.58333
1.80159
1.86047
1.39241
1.71825
1.64794
2.15493
1.46575
1.60075
6.88476
1.43662
1.52985
1.50368
1.43493
1.67986
1.85965
1.1478
1.08434
1.10819
1.33962
1.52985
1.53873
1.68889
1.67797
1.47603
6.58955
1.79699
1.40717
1.57692
1.2931
1.01511
1.1747
1.38019
1.56343
1.6413
1.98684
2.06512
1.59044
1.67105
1.51852
1.6616
8.54884
1.15574
1.61172
1.92116
2.01778
1.66953
1.25444
1.56746
1.3355
1.34266
1.45946
1.63077
1.6194
1.60687
1.64664
1.79386
0.353741
1.33951
1.61885
1.45329
1.48611
1.54851
1.41404
1.50178
1.60289
1.68651
1.66667
1.57143
1.50502
1.71311
1.59857
1.80172
0.234788
1.39823
2.00459
1.82143
1.10029
1.47333
1.78571
1.77381
2.277
1.23193
1.58451
1.70492
1.38129
1.38387
1.55805
6.51799
1.11494
1.35786
1.53691
1.87712
1.94907
1.66308
1.66667
1.86864
1.69231
1.69048
1.55597
1.60498
1.70339
1.4
1.62692
0.298077
1.21003
1.36601
1.68841
1.89912
1.53543
1.54007
1.87615
1.39873
1.50741
1.37075
1.46939
1.63077
1.6306
1.70111
1.84016
0.199074
1.19783
1.65079
1.31159
1.24551
1.46763
1.45804
1.2691
1.45423
1.42182
1.45455
1.65942
1.78059
1.58993
1.57377
1.50658
0.304233
2.02183
1.61446
1.09091
1.45033
1.61446
1.50725
1.44203
1.38776
1.47535
1.41481
1.26032
1.41695
1.55472
1.55435
8.74419
1.4053
1.33535
2.18349
1.80508
1.4084
1.3
1.74254
1.84211
1.631
1.50787
1.4586
1.98624
1.43662
1.48881
1.25649
6.27397
1.27586
1.41234
1.54717
1.41892
1.56475
1.17162
1.52597
1.61905
1.55634
1.69048
1.65299
1.8961
1.66418
1.63137
1.49821
6.62313
1.26074
1.61538
1.84753
1.45205
1.48846
1.58
1.76147
1.33121
1.59524
1.37676
1.3194
1.65476
1.48339
1.5471
1.64029
8.57277
1.24528
1.91441
1.50725
1.55556
1.51145
1.59011
1.71311
1.43571
1.32372
1.62313
1.54104
1.25256
1.26061
1.60145
1.56349
6.07237
1.22867
1.42188
1.68
1.28302
1.52985
1.34354
1.39667
1.43416
1.37413
1.42904
1.62595
1.58209
1.86638
1.40753
1.50554
0.299107
1.21914
1.4183
1.55769
1.0989
2.30317
1.79675
1.79389
1.86842
1.61567
2.00469
1.39057
1.38762
1.61832
1.58209
1.54909
0.269231
1.32166
1.77593
1.65836
1.91284
1.53873
1.7751
1.2283
1.52113
1.6
1.50896
1.52612
1.48252
1.46269
1.39726
6.38462
1.45862
1.40559
1.40753
1.5265
1.58955
1.78148
2.01724
1.69298
1.35065
1.50725
1.3913
1.32903
1.44755
1.72161
1.91589
6.09831
1.60294
1.97541
1.85769
1.99531
1.37762
1.62718
2.00441
1.83621
1.57931
1.77542
1.41007
1.51667
2.07512
1.5493
1.80328
6.93462
1.13166
1.1369
1.20231
1.6791
1.94262
1.77982
1.34628
1.53623
1.72388
1.80172
1.48136
1.58845
1.65625
1.49254
1.34247
6.07343
1.05974
1.40217
1.45161
1.70492
1.55634
1.6627
1.41608
1.45775
1.70251
1.69266
1.17325
1.47619
1.72619
1.68148
1.66531
0.298571
1.33544
1.62816
1.90612
1.94737
1.69261
1.54615
1.39085
1.38079
1.57971
1.58175
1.60145
1.63095
1.57746
1.78279
1.66923
0.537815
1.9386
1.59155
1.71318
1.69615
1.81275
2.13023
1.63704
1.75794
1.75097
1.35526
1.40357
1.5
1.40484
1.57877
6.4484
1.23077
1.3481
1.8125
1.17431
1.30667
1.34
1.46599
1.77328
1.65217
1.80738
1.72656
1.57143
1.39597
1.71538
1.79399
6.06102
1.24138
1.66946
1.30793
1.78968
1.61905
1.44056
1.31944
1.40317
1.72131
1.51439
1.65942
1.69068
1.45455
1.58077
1.44964
0.278846
1.40237
2.02752
1.48092
1.50831
2.16822
1.64167
1.4
1.64286
1.3986
1.45205
1.49254
1.5137
1.80556
1.65854
1.69928
0.529412
1.41176
1.46667
1.43307
1.11178
1.40506
2.08036
1.65873
1.62963
1.82278
1.32394
1.13548
1.04183
3.09025
3.26786
0.497024
2.49817
3.07018
2.93478
2.9661
3.25688
3.02165
2.74569
2.18831
2.4878
2.27703
2.63136
0.526786
1.64247
1.89423
2.01911
2.69672
2.15217
2.82464
1.91265
2.30797
2.20678
2.44444
2.28374
0.590136
2.60236
2.71429
1.825
2.15584
3.29018
2.17921
2.09934
2.41791
2.27612
2.22302
2.08503
0.770089
2.32042
2.22619
1.80172
2.38406
2.64286
2.00949
2.3169
2.79825
2.21818
2.2911
2.07797
0.366402
1.8022
2.29677
2.47328
2.40385
2.5
1.49091
0.984277
1.33086
1.45794
1.10432
1.2491
1.38983
1.20635
1.28315
0.321429
1.65683
2.51837
2.3169
1.45455
1.16549
1.35968
1.55652
1.34211
0.949206
1.0365
1.06431
1.70755
1.22593
1.51899
1.38525
1.55645
0.466346
1.32042
0.974359
1.14179
1.17483
1.45763
1.1746
1.06643
1.14685
1.22222
1.1162
1.28839
1.27869
1.16923
1.79514
1.28704
1.28676
8.34234
1.11654
1.07746
1.03147
1.19377
1.41102
1.62673
1.18657
1.05802
1.10993
1.3037
2.67606
1.88281
1.13293
1.63793
1.48673
1.18254
1.13194
6.76518
0.870588
1.12676
1.2037
1.53036
1.47248
1.24907
1.75794
2.64977
0.803077
1.02215
1.08754
1.37692
1.01399
1.09353
1.11888
1.28626
1.34524
6.95528
0.933544
1.30545
1.52055
2.88158
0.923944
1.39565
1.11379
1.17939
1.22909
1.38136
0.837535
1.0596
1.30556
1.1
1.06081
1.27273
1.37705
7.40476
1.18862
1.3829
1.26378
1.12281
1.17857
1.26882
1.59624
1.39286
0.809117
1.07143
1.22137
1.28462
0.96875
1.45055
2.71296
1.76786
6.21386
2.72458
2.08772
1.94937
2.22183
2.35125
1.80654
5.03797
2.19472
3.28774
3.00435
7.95528
2.03595
2.25606
2.63866
3.72281
1.59429
1.61299
2.57265
1.82635
2.16667
2.44776
2.15738
7.82143
2.91092
1.89024
2.16722
2.27481
2.05696
2.44656
2.19257
2.54478
3.01818
3.4507
7.51111
2.21667
2.50988
2.13357
1.81902
2.24667
2.60169
2.12787
3.37778
2.98636
1.79394
2.0443
7.10764
1.92096
1.83191
2.2974
2.01274
2.83333
1.81143
2.15217
2.0463
2.00366
1.83046
2.35531
0.501623
1.97898
3.13889
2.21384
2.12338
2.37313
2.18705
2.19079
2.85088
2.28058
2.52985
8.18699
2.15686
1.55801
1.78371
2.1755
2.43056
3.27727
2.13353
2.94737
3.11927
2.35926
2.45669
7.01056
1.96429
2.02804
2.63115
2.43284
2.37778
2.43346
2.31481
2.43077
2.44718
3.1934
1.88088
6.96233
2.10462
2.16938
2.74206
1.78116
2.96053
2.28028
2.05498
1.91195
2.02
2.00649
2.16892
7.68657
2.09317
2.84322
2.63362
2.02821
2.06
2.45548
2.75519
2.54412
2.9115
2.54412
2.25172
10.3832
2.0396
1.98428
2.23077
1.82424
2.14839
2.71311
2.50388
1.8963
1.29365
1.44144
0.915888
1.16955
1.38843
0.292517
1.12329
1.38492
2.21759
3.0787
2.18089
2.55926
1.76606
1.21269
1.19403
1.77333
1.28814
1.08772
1.13514
1.24206
1.2
6.24101
1.15038
2.08029
1.78378
3.00633
0.885621
1.13916
1.57589
1.02509
1.15926
1.24907
1.17857
1.06093
1.29749
1.58716
1.35246
2.34921
1.0119
1.00645
1.2381
1.37008
1.51316
1.16901
1.03303
0.919162
1.03147
1.20408
1.58716
1.57895
1.39837
1.65044
3.87547
5.84797
1.43426
1.2479
1.10544
1.33198
1.2
1.408
1.31148
1.14615
1.18841
1.26984
1.14444
3.78832
1.01258
1.26336
1.13846
1.11888
1.21852
0.293019
1.13359
1.22939
1.64
1.42661
1.00633
1.4569
4.03731
0.935393
1.6
1.19573
1.5
1.25847
1.13684
1.22846
1.19048
1.1162
6.20974
0.881159
1.25725
1.39831
2.12698
1.88
1.92901
2.1
2.05921
2.16084
10.6268
6.46732
2.78626
2.66102
2.29577
2.42623
1.95092
2.46263
9.51376
2.0132
2.31271
1.71077
0.419974
2.45956
2.34364
2.75
2.3169
4.65678
2.83333
2.66016
2.88983
2.61404
1.71965
6.90333
2.21094
1.82991
1.90504
2.30224
2.29137
2.21583
2.24324
1.94788
1.96835
2.0378
2.00952
7.51429
2.27798
2.19792
3.18468
2.46186
1.75
2.02556
2.12715
2.00658
2.25352
2.30224
2.05034
7.44086
2.45882
2.29655
2.75424
2.05397
2
2.59231
2.87391
2.49593
2.46642
2.86818
1.91083
6.3961
1.76879
2.3
2.84862
1.75072
2.01038
1.82471
2.54762
2.44275
2.22015
2.02484
3.02315
6.699
1.7328
1.87156
2.28873
3.17937
2.25581
2.98624
2.05882
2.13448
2.39858
2.85593
2.75424
10.2911
2.67886
2.33071
1.92138
2.04
2.12667
2.33818
2.42164
2.10909
1.94479
1.87349
1.53521
5.90588
1.95779
1.91329
2.70472
2.47909
2.44231
2.19788
2.01351
2.15862
2.34859
2.43443
2.17857
8.66946
2.14384
2.08451
1.9878
2.09699
2.03873
2.08411
2.15306
2.26667
2.12667
2.28025
2.93074
8.69915
2.44275
2.35587
2.59426
2.05369
2.03642
2.17172
2.35955
2.18855
1.96825
1.07774
1.41065
1.03654
0.975352
0.160714
1.04217
1.30932
2.09385
2.00629
2.50549
3.1
2.02966
1.14391
1.15789
1.32283
1.20635
1.07746
1.03943
1.04
1.15556
0.186508
1.80347
2.06338
2.04923
1.38828
0.939873
1.20769
1.1259
1.24907
1.27381
1.14231
1.15088
1.29231
1.34836
1.27308
2.30556
9.52336
4.04317
1.04138
1.21379
1.44915
1.38865
1.02333
1.08741
0.907937
1.07692
1.23684
1.20635
1.20979
2.42202
13.4385
1.10922
1.85586
1.44715
1.08088
1.64286
1.21739
1.24206
1.19703
1.24444
1.51639
1.55505
11.0732
0.938053
6.60674
1.03169
1.23469
1.20339
1.11148
1.22951
1.14187
1.66055
1.35385
11.5339
1.45652
1.32759
1.35398
1.03797
1.26984
0.125661
0.756039
1.24723
1.33333
2.02158
2.83607
2.77064
1.9557
2.44275
13.7133
0.628571
2.23792
2.11333
3.18349
2.42336
2.27682
11.815
2.67089
1.69588
8.38889
2.26102
2.50787
2.3197
2.08125
8.08898
1.7236
1.96979
1.96786
1.90549
2.17606
0.350529
1.62634
2.13269
3.86905
2.40143
3.21918
3.20089
2.63596
2.01282
2.14533
2.37857
8.45492
2.59649
2.03762
2.33681
1.86728
2.55682
3.39189
2.10473
2.13291
2.68644
2.23132
2.30686
6.87413
1.89381
2.2089
2.65649
2.66016
2.7027
1.7956
2.00301
2.86975
2.71429
2.05763
2.05844
8.56967
2.48739
2.01266
2.25714
2.2971
2.5754
3.08658
2.78512
2.33858
1.97945
1.95266
2.40574
6.57099
2.20132
2.49823
2.61811
2.30769
2.13548
2.60714
2.98696
2.25
2.20364
2.13871
2.51643
0.852234
0.149725
0.730519
1.18182
1.00855
1
0.802721
1.06667
1.12281
1.17431
1.17431
1.10092
0.932203
1.21429
1.08475
1.17431
1.17431
1.17431
0.990826
0.809524
0.867925
0.791367
0.679739
0.863636
0.231293
1.01587
1.05738
1.19266
1.06422
1.01695
0.983607
0.957265
1.01587
0.952381
1.08475
1.17431
1.59174
2.0709
1.7156
1.62449
2.58904
1.91039
1.6263
0.386127
1.75874
1.17647
1.64103
1.80192
2.85263
3.68889
7.23387
3.1753
3.868
3.93548
8.73469
2.69597
3.08442
3.76824
2.32459
4.12442
3.55363
4.11111
2.36735
2.29179
15.1506
4.18587
4.73462
4.70588
3.53846
3.08171
2.58423
3.75875
3.05519
8.40083
4.34821
4.72269
3.73016
5.42723
7.73913
2.94805
3.14676
7.16571
16.4472
3.96516
8.57143
5.20705
2.29412
5.06103
5.44335
2.54459
2.45038
9.416
4.5307
3.57769
3.84274
6.26943
3.8062
3.88136
5.22581
3.51935
9.83206
2.50974
5.59912
4.24422
3.95896
2.59779
2.80075
2.65033
3.24823
0.777094
4.424
3.84586
5.57522
3.66946
2.01101
3.69039
2.15128
7.39934
2.82838
3.67412
4.73881
3.639
4.41935
3.48611
4.22549
13.197
4.98611
3.39273
3.26587
4.24229
3.11628
5.95745
2.74754
4.01786
8.39362
6.52601
4.44298
4.05534
5.125
3.85609
3.13333
3.92664
5.1686
10.1797
3.99163
3.18533
3.05316
4.09123
3.68792
4.30667
3.33865
4.25461
8.25085
2.74403
2.87164
3.01667
4.55066
8.02299
2.68595
4.80567
8.19588
6.93452
2.99153
5.94762
5.70673
3.26966
3.32566
6.78378
4.56322
7.85874
3.26961
2.38996
3.08042
3.9011
6.3
6.34756
4.10728
3.82576
4.8587
11.8202
3.48763
3.21705
3.76577
4.99485
4.50935
5.51562
3.74194
2.40053
1.3834
4.52137
3.10265
3.89313
8.25466
4.8945
3.31203
3.98347
10.2863
5.30612
4.92056
3.84979
3.728
1.52336
4.25652
5.48214
3.12879
10.0847
3.5119
3
4.52703
3.31599
3.10791
4.34914
3.65951
10.461
5.61739
3.47059
3.26316
3.37931
3.53585
3.87833
4.5
4.48327
8.85944
2.76961
3.5
4.93511
3.63964
4.09609
3.7668
2.70857
11.8386
4.64591
3.59447
2.91463
3.29707
2.7561
5.0628
3.19157
2.32704
4.83333
8.13475
3.45455
4.4876
4.41176
3.59565
6.16883
3.1626
2.9761
2.97993
8.90975
4.18651
2.52273
3.78327
2.91159
2.98936
3.94758
4.08072
3.75709
7.20567
5.2907
4.66667
2.60544
3.73797
3.46923
4.64762
3.71374
2.63774
3.77186
11.3073
4.39614
3.35294
3.36735
4.67686
4.34008
3.84718
3.91213
5.56154
12.3712
3.72822
3.3949
2.10986
3.73579
2.22222
3.86486
3.80476
3.46988
6.86464
7.43939
4.36719
2.05685
3.98456
3.875
3.45652
3.65368
3.58929
9.48117
3.35455
3.81728
3.52727
3.82168
2.9115
3.03691
7.98519
9.70833
1.66353
3.52193
3.36149
3.07186
5.04206
3.88353
3.10156
3.95154
4.08333
11.5113
2.92821
3.03659
4.57087
3.09091
3.13253
4.90367
3.35055
9.3587
5.96257
4.95219
4.2619
2.87
3.81928
3.95985
3.48288
3.40467
9.1
4.69685
4.38889
11.5476
6.67089
2.19811
3.89085
3.86957
9.49593
8.12
3.6171
3.17327
3.44444
4.03557
7.87857
5.06883
4.06641
8.01661
4.56085
6.21951
2.84098
2.84848
4.47755
3.27055
5.45977
4.06604
3.64388
1.03912
4.07937
7.4322
3.81933
2.64789
2.84064
3.52245
4.94144
3.26957
8.68826
4.20745
4.52227
4.69863
5.70293
4.33824
4.11067
3.55303
4.31496
13.25
3.60853
3.99593
3.40059
5.03243
4.25207
3.24382
4.37109
4.11321
0.506264
2
4.14732
4.56356
4.0042
4.25292
2.95623
2.65183
4.16923
0.469643
4.40146
4.35345
4.25994
3.07986
2.53421
2.51748
3.12202
8.4507
4.1102
3.91259
5.07222
3.60526
4.60547
4.00758
3.18992
3.60633
11.2857
3.62846
3.07812
3.93103
3.17895
3.24746
2.55017
3.86219
4.87619
7.56291
3.36434
5.6555
3.32692
3.72318
3.79762
2.52915
4.05903
4.01689
10.3142
2.43564
3.47561
4.16268
2.53433
4.62891
6.37079
7.13793
2.81408
12.6045
5.33032
4.94714
5.00772
3.17045
3.56
3.60396
3.68459
3.325
9.55702
3.96667
4.99634
2.75273
3.30827
3.88693
3.86017
5.40741
5.29032
15.1361
3.86131
3.10701
3.14567
4.27426
3.60889
3.99355
5.48947
3.31835
0.493899
3.15541
4.0458
2.36631
4.72996
4.43382
3.83193
7.15228
12.1451
3.81935
3.6587
3.96124
4.18412
2.13514
4.26404
3.29918
2.87619
9
3.36014
4.69136
3.28676
2.37309
3.09489
5.69869
5.36449
4.63855
8.21875
3.5367
3.27076
9.52349
6.87755
3.79915
3.23779
6.18817
3.544
9.375
6.05882
3.50883
2.83556
5.08738
3.57848
4.10702
4.37838
3.39568
11.8241
2.85502
2.53162
5.82917
3.99588
4.94118
3.42177
4.0709
7.82909
4.61137
4.28448
4.95417
4.13127
3.17844
3.36735
3.90945
1.58247
8.77907
2.23929
2.66975
2.19492
4
2.5618
3.13651
3.6692
4.60227
3.8883
8.37024
4.07834
4.34982
3.12414
5.47805
4.01282
5.564
3.62162
9.97541
3.0722
3.57239
5.70787
2.2774
3.81116
3.36975
4.95726
2.73152
5.56818
0.552956
4.19231
2.0625
2.61859
3.01634
5.10734
2.84155
2.87451
3.70764
6.85976
2.15733
3.35606
3.11885
2.62691
1.91582
2.69804
7.2
4.03614
5.32314
9.23431
2.04805
4.89668
7.30252
3.77869
3.18219
2.49342
3.62782
2.73034
0.963294
5.14907
3.3125
3.42802
2.59922
3.52653
6.11894
5.52679
2.8484
17.0786
3.57895
3.68504
5.41304
1.92739
3.01739
2.31579
3.22909
3.02048
4.96861
0.794951
2.82432
3.87903
3.93561
4.55319
3.30588
4.79459
4.73518
9.22267
6.82317
5.30539
4.05618
5.08
2.27946
3.75269
4.22556
6.77165
2.79389
8.56299
3.85185
3.24671
2.48991
4.26106
2.85532
4.09025
3.86344
3.49407
3.57083
7.79779
4.53017
3.15016
3.25914
2.47267
2.95938
6.4093
4.03187
3.89427
0.421927
3.88462
3.00794
3.30741
3.15217
3.19355
3.60357
2.58232
4.43145
7.00305
4.27826
4.60084
4.07877
4.56398
4.88843
2.69288
3.45736
4.05415
0.401786
2.20147
2.94138
5.05381
3.53704
3.53061
3.12177
5.90688
2.8963
6.99104
3.12406
4.13736
4.10039
8.83916
5.35071
3.85659
5.0082
4.98438
0.80042
3.67281
2.63107
3.19489
2.48869
2.47682
3.34241
4.80252
3.20866
10.0909
4.11071
3.02899
2.05592
2.6549
2.93836
5.23936
3.98
4.79688
3.66993
6.57276
3.86296
4.34914
4.35926
2.72761
3.83793
3.52917
4.57874
2.91011
7.44345
3.81423
4.24138
4.31022
4.29586
2.68013
4.43191
4.11245
3.77165
7.27055
4.16064
3.75
3.26087
3.92
4.70652
2.47604
4.66825
3.70902
7.03413
2.89062
2.82329
3.38047
8.83206
5.33906
8.50355
5.5
3.92377
9.02756
3.76838
3.85944
3.4484
6.3038
3.23101
2.77119
3.33566
3.19298
5.70642
3.69507
3.2892
2.92361
3.8617
3.85324
2.55147
3.71318
4
6.19101
2.62717
3.16725
2.86486
3.26442
3.15063
7.91195
3.56391
4.29317
13.3224
3.25954
3.76056
3.9604
3.06552
3.51163
4.25333
4.30476
2.07914
3.39568
9.28777
3.54828
2.79918
1.73952
2.73156
5.445
3.31799
3.2242
3.08304
4.11947
0.455357
3.2618
4.16479
3.59155
2.88612
4.77528
4.54348
3.33708
3.15018
1.15067
3.80889
3.98932
3.66667
6.31336
6.07254
3.60959
3.0298
9.42672
3.53873
5.07874
4.23019
1.81571
2.28532
2.81685
3.72
5.32645
12.1919
2.89869
2.92337
3.79675
3.09055
4.35983
3
3.4918
3.2517
3.04422
0.530943
2.28526
5.76796
4.29487
3.0722
2.55469
3.41924
8.75
3.31481
8.51389
4.08984
3
3.26616
11.0246
5.28421
3.42006
3.95076
4.26141
11.7581
2.33056
3.29703
2.53361
3.30696
3.38462
2.35417
3.40304
4.44737
8.16897
3.30769
2.90141
4.41525
3.60727
5.98571
2.72093
5.0398
4.90045
9.95556
3.80952
4.89952
3.44245
4.38679
3.25962
3.72941
3.0963
2.33613
3.72441
0.547024
5.49756
3.03537
3.36655
3.30634
3.0087
2.51373
3.31741
4.04598
11.0336
4.43293
5.54128
3.97333
3.17057
3.46099
3.06452
3.84585
3.18712
18.7357
3.91189
2.30892
4.26778
4.04676
2.69466
2.83521
4.20084
3.33846
6.71831
3.42029
4.15353
4.55924
2.08054
4.58996
2.22917
3.94619
3.18328
3.892
8.51379
2.80124
3
3.76371
3.844
3.97479
3.03207
4.48897
3.58203
10.314
8.77698
3.63214
3.32283
3.9
4.32673
4.88382
3.05738
3.02952
10.9953
2.44484
2.65079
3.43581
4.9061
3.09831
3.01141
2.27181
3.95175
2.79352
9.30268
4.12253
3.93077
3.38956
2.83333
3.00697
4.74757
4.78075
3.08664
12.7526
5.46667
4.75581
3.62642
4.31
3.19608
2.32026
4.61382
2.72189
3.676
0.5117
2.69751
4.01961
5.11688
4.75132
2.32872
4.72477
2.34127
2.34156
3.83333
8.64567
4.85915
3.93145
3.54545
4.60219
4.83815
4.76151
3.94422
3.66
9.2716
2.50719
3.02041
3.88148
2.444
2.5
3.33784
5.8392
4.55019
10.9009
2.51212
4.35874
4.19718
4.84516
3.10631
5.84834
4.08072
4.16268
9.06504
2.99735
4.82051
5.58824
3.57986
4.71905
4.92827
4.93981
3.32222
15.2579
3.49153
3.03167
3.73359
3.66909
3.25
6.38839
4.18834
4.65737
0.78125
2.90323
3.48462
4.09705
3.07004
2.90683
4.74308
2.6412
3.58442
9.50442
3.37402
3.54093
2.47222
3.77778
5.81304
5.55705
4.34661
3.79253
9.87054
5.65698
3.97177
7.20994
3.48837
4.47273
2.97417
4.875
3.55
8.15101
4.89744
4.41
4.5933
5.03846
3.55294
3.87004
3.22263
1.9893
7.59076
4.30855
1.71875
3.25
3.2037
2.71523
3.716
3.62724
6.39429
6.33233
4.21256
5.08527
3.70404
3.66899
4.19318
3.01481
4.13278
4.42439
3.66514
0.514168
4.30328
2.70722
3.53357
2.84642
4.89855
2.70877
3.20849
3.07385
8.96863
3.27228
4.93939
4.47347
4.51351
2.48889
4.09205
5.15476
3.06272
9.8853
3.952
4.96954
2.97163
2.00319
4.4185
3.36626
2.56184
3.92083
10.6473
3.36604
3.07229
3.31959
3.88106
4.72986
3.63929
4.12111
3.68235
7.37329
3.29255
2.75321
3.33571
5.06667
3.3125
2.72903
2.75738
3.49606
3.208
8.89804
3.72109
3.87854
2.92977
2.77982
3.77509
4.77186
5.21622
3.63115
0.896429
4.50235
5.77987
1.82594
2.72524
3.00949
6.09357
2.61633
3.1992
7.98976
3.35211
3.40637
4.11842
2.45174
4.16372
3.79184
3.41912
3.52381
4.2314
8.98305
4.57979
3.53903
5.18107
3.15766
3.54455
3.47308
4.30698
4.69565
2.61246
12.375
4.54225
3.36154
4.01931
3.81746
5.17227
3.52344
3.68924
2.61631
9.91667
4.65341
2.80658
2.38567
2.98689
4.03483
2.56226
2.81071
3.06084
2.71269
9.44939
5.07273
3.21097
3.5514
9.55238
2.78767
3.20803
3.89764
3.55656
2.76177
10.491
3.67089
4.06373
2.89455
4.23906
3.34199
3.08727
4.99301
3.4375
7.91786
3.18474
4.33871
2.8587
4.3622
2.34769
2.53704
2.42763
4.02362
10.4292
6.62921
3.38697
3.98024
5.50794
3.13448
3.16406
2.78671
3.10757
2.87361
8.94139
3.83729
4.98788
2.85185
3.71377
3.76316
4.28452
3.68401
3.83607
8.34737
3.05137
3.39077
3.50575
4.16895
3.93846
2.7276
3.3663
2.27829
13.2963
3.61644
2.93443
3.10484
4.20253
2.86728
4.40604
2.92615
2.86891
7.55682
3.55263
3.59926
3.63927
4.03767
3.18323
2.53086
4.03404
2.87308
4.20225
0.609203
3.65639
3.18284
5.80365
3.70763
3.17483
5.44724
2.81757
2.78491
7.69424
2
3.02439
4.5
5.52326
2.74074
4.13426
4.63158
3.53979
9.71014
4.1547
3.11742
3.88017
6.11585
3.79608
3.11379
4.21147
2.37079
3.81481
7.38796
3.92683
3.75564
3.80443
6.94186
2.66667
12.5893
2.86716
3.97087
8.55823
5.82039
3.71192
2.19714
2.66423
2.84437
4.26908
3.73759
4.29371
9.34815
2.72459
3.39716
1.76491
2.58929
2.02557
6.46104
3.70229
3.4
3.00862
8.76744
2.06135
3.85959
2.86614
2.13905
2.60777
2.98485
5.66316
3.46414
3.70144
12.655
3.992
2.32013
2.77903
4.20536
2.744
3.26482
2.76174
3.50694
8.95785
3.89706
2.83004
2.86195
5.85965
2.87633
4.23643
4.228
5.00541
3.50725
0.601004
2.77888
4.21127
2.86667
5.29596
2.49621
3.36364
2.78947
2.47703
6.608
0.411367
2.88192
3.72021
3.375
5.54615
4.2988
3.79859
2.03618
5.29744
9.72
3.94074
2.74688
4.19212
3.12832
5.12919
3.65714
3.66784
3.79447
3.18605
0.454439
2.95608
2.02752
2.19472
2.50735
4.60849
3.33935
2.78966
3.2891
2.77032
9.08088
3.08714
3.66529
2.78755
1.75251
2.93993
4.0081
5.1284
3.54717
2.71161
0.576726
3.05039
3.45136
4.4977
4.19328
3.39194
3.30522
3.63485
3.60331
9.172
4.4
2.39502
3.06452
2.43
3.34109
2.64629
2.5669
2.10033
2.80178
2.47755
6.75949
2.31884
2.81507
5.7381
2.95751
4.32821
4.616
2.51475
4.05344
3.12459
0.971841
6.12177
3.69672
3.95167
2.80669
3.41463
3.35688
3.51351
10.0578
3.68462
3.10658
2.49167
2.35606
3.76103
2.43071
3.03145
5.59729
9.07246
5.17033
4.06324
3.31119
2.84615
4.21269
3.3642
3.06985
4.665
2.9845
0.572026
3.26829
2.70345
3.37455
3.61278
4.15152
3.94836
3.8287
3.64783
7.59554
3.83333
2.3961
3.23171
3.46084
3.62034
2.9313
4.41905
7.70139
2.8037
0.425115
5.42718
6.14224
7.25
3.62857
4.67511
5.78744
3.0037
9.85892
4.97487
3.11588
4.44503
3.93092
2.7318
3.64822
5.93989
2.95833
3.06273
11.0411
2.78676
3.73577
2.80702
3.35714
3.45495
3.68
5.5431
3.22951
10.2236
5.43137
2.88168
2.91362
2.98046
4.84332
5.0098
2.60622
4.05936
9.31818
6.47977
6.64052
3.21765
2.79688
3.24088
2.77441
3.37054
3.01587
3.025
2.21756
0.422171
2.80247
2.85776
3.01961
3.82609
4.08654
4.65517
4.47179
2.74694
4.09665
11.687
3.81132
2.4529
3.93916
3.85606
3.98496
3.27574
3.25194
4.40856
0.587161
4.55882
3.26423
3.0386
2.55224
3.27049
2.95798
2.9596
3.2379
3.51203
9.232
3.01852
2.70968
3.44492
3.74483
4.39655
3.24727
4.27083
2.06569
8.08897
9.23881
4.40221
3.93213
3.09763
2.79767
3.03667
3.64754
2.26596
9.22088
5.5
3.63504
3.98947
4.27273
2.49186
3.16955
3.2543
3.47791
2.91822
10.0356
5.65556
3.82833
3.43359
4.60563
3.43145
2.27468
3.27511
2.36395
3.47348
7.59122
2.32573
4.20979
3.22
2.45136
4.02632
4.2228
2.67843
3.12185
3.2437
8.375
5.03279
3.272
3.78378
5.46753
3.58
4.23944
4.59912
11.097
5.93299
4.33333
3.16357
4.06897
5.55789
3.17153
5.12712
2.35738
8.52574
3.13376
4.88265
5.94595
2.96691
3.42379
3.59732
3.88274
2.23596
8.51389
2.78667
2.52412
3.2974
5.18584
8.60504
3.70954
3.24255
4.01523
3.29749
8.60606
2.86813
3.60232
2.08242
3.28058
2.85047
3.18595
2.64527
3.14286
3.31849
0.866429
6.71856
3.07721
4.2437
4.58192
4.27481
3.85957
3.45185
9.51429
5.86331
3.9031
4.0696
6.68382
3.73518
2.85818
2.94297
3.75758
14.2733
4.19495
3.73733
3.53012
3.93385
3.6652
3.46801
2.92063
3.93897
10.0415
4.58252
2.92565
3.20961
4.19324
2.74675
3.60797
4.91379
2.73091
5.54717
0.590298
3.12625
3.40614
2.94444
4.83406
3.79487
3.90698
4.17133
4.11168
0.474729
3
4.99611
3.11636
3.4669
2.81405
3.91749
6.46597
8.69202
4.60377
2.95333
3.12963
3.13333
3.28689
3.21754
3.78397
4.15328
11.6478
4.53465
4.64286
5.21256
3.98258
3.61479
3.66187
2.69091
12.7772
5.57944
2.2
3.24265
4.06333
4.80417
2.69345
4.87562
4.40217
3.37743
0.607804
4.05556
3.10067
2.02532
3.13675
3.50787
3.95982
4.6913
3.73188
11.2782
4.61538
4.1196
5.79381
3.21224
2.56615
2.91186
4.04714
9.40081
2.6246
2.92808
3.34892
2.85759
3.52419
4.51625
4.33333
7.46061
9.09449
3.9617
4.98524
2.97087
3.85185
2.87543
3.17939
2.87786
3.34694
2.98828
0.67289
3.01718
7.67188
3.38824
1.17418
2.84649
3.39844
1.94798
3.26577
10.1545
4.71981
4.0722
2.68321
5.24155
6.93868
4.5534
3.40453
2.85768
8.68561
4.39608
4.83832
3.61278
2.83607
4.84404
3.44898
4.48289
3.44355
4.02326
0.550223
3.65789
4.6766
5.28384
5.11628
2.71802
4.48673
3.03873
9.48498
4.31884
2.71711
5.35169
4.24409
2.59857
3.19159
2.84
3.34906
4.18391
19.312
4.05164
2.75652
2.58632
3.23906
3.52466
2.96382
4.53947
3.53361
4.17273
6.80201
3.90336
5.03788
3.39592
3.21687
4.61935
4.17925
6.2337
3.60515
10.1302
4.59259
4.884
6.42553
3.48276
4.78926
7.09444
3.20408
9.88926
5.23834
2.61348
2.71008
5.02765
4.25306
2.99482
2.74436
3.78378
3.2872
8.83026
3.55762
4.47843
3.89259
8.64122
4.64173
3.21138
3.53636
7.23333
19.1062
3.88889
3.26275
3.34304
2.02206
3.15415
3.44404
3.60965
5.17573
7.5
7.50599
2.61243
3.02564
4.14964
3.58214
3.45669
3.56536
3.55052
2.91085
7.67014
4.56838
2.90244
3.27039
3.94014
2.99231
3.125
7.59146
3.54694
4.09871
0.55754
3.12996
4.84239
4.76147
2.71704
5.43836
3.89535
4.596
3.175
0.511161
3.06642
4.86555
11.1271
3.54789
2.73234
3.22909
3.24104
3.33824
8.96825
2.09494
2.36778
2.60625
3.22124
2.5625
3.45082
3.56596
3.17813
2.8
8.64925
3.06425
3.97674
2.19333
2.98921
3.44656
2.76857
3.37324
3.29741
7.16987
2.59894
3.736
4.45946
5.02885
3.52
4.64964
4.32422
4.26068
9.6381
2.91065
4.96789
7.76596
3.29448
3.81132
3.11071
3.20478
2.82943
0.706981
2.60828
4.57083
2.19444
5.26136
3.58974
2.67816
4.2
3.5234
7.65552
2.05615
3.67054
3.33942
2.74812
3.14052
4.36869
3.336
2.69345
3.24164
9.18519
2.6789
4.35808
4.39313
4.52016
4.5
3.54167
2.65278
8.72297
3.18727
5.14884
5.94521
2.68285
2.58824
2.98881
2.37402
3.25
5.13568
7.6633
2.75649
4.14644
3.3694
4.05818
2.81159
4.27358
3.15232
2.77474
6.98061
5.71889
4.04661
4.1234
6.25466
2.88372
3.98008
3.14231
2.84644
9.96311
2.59547
2.22857
2.79323
2.51125
4.58228
3.46441
3.83972
5.16588
2.62376
9.98039
1.68246
3.74915
3.19748
3.94882
2.86755
3.76797
5.00562
3.63121
12.6667
3.86076
2.78947
6.04369
3.17252
3.91525
3.66148
3.22878
2.77143
7.80657
6.25
3.59109
2.79775
2.4
4.79654
3.15328
2.78644
4.14747
2.91703
10.0122
4.78075
3.78261
3.40824
3.64062
6.16129
4.31655
2.29703
2.88186
3.64015
0.591133
5.2179
4.76016
3.94077
5.03529
3.24679
3.10902
3.41877
8.56207
3.07273
5.21778
6.09028
2.50877
3.06143
2.82836
5.36181
3.4329
2.97917
10.2776
6.5415
3.04898
5.73762
3.36087
3.30909
2.76792
3.36441
3.33333
0.464928
2.66556
3.18561
2.86131
3.21695
3.36929
3.6558
3.6386
2.65
12.0625
4.17578
3.21012
3.68519
3.56884
1.84438
3.22481
2.3661
2.83682
3.34902
12.735
2.81494
3.50365
4.02834
3.59172
2.93382
3.24324
4.33333
4.3815
10.0622
2.68367
3.86066
3.89831
2.78526
3.98141
3.26263
3.79842
3.79443
9.95536
4.35377
2.65591
4.68224
4.18651
4.81588
3.67355
7.12782
4.63934
6.50407
3.75194
3.9171
3.98936
2.28374
5.15833
3.09871
3.69915
2.90598
4.81884
0.434687
5.78035
4.22
3.436
3.03534
2.21365
4.46774
2.53474
4.48
7.77099
3.49833
3.51575
2.6041
3.4359
3.81439
1.90683
3.12134
3.32581
2.44275
10.5678
3.12891
3.78968
4.16425
3.19917
3.24415
4.43033
2.79944
4.85321
8.61092
3.07639
3.68067
2.31833
3.07353
2.70476
3.66929
5.15676
3.63602
3.15385
13.2431
2.68881
4.51556
5.15385
2.01701
3.57919
4.23944
3.75664
8.28571
3.4879
9.34855
3.86694
5.2549
3.66239
3.34307
3.89216
2.68478
2.5669
4.03448
3.46097
0.512153
2.64437
3.48636
2.53401
3.53876
3.21491
5.91005
4.28897
3.20822
9.34127
2.81471
3.40698
3.01606
2.2963
2.9604
3.56429
4.54167
5.44954
8.76493
3.63707
3.72185
4.185
3.96413
4.11111
2.73952
3.41176
4.75093
0.722321
4.62869
3.4329
4.22467
2.76838
2.48473
3.11654
3.13889
4.20548
16.1169
7.37589
2.50307
3.81176
4.82677
3.96139
2.6875
2.29904
3.35256
8.41577
6.63918
5.04545
4.45455
4.08257
3.91571
1.96207
3.99194
3.73725
2.55629
0.619792
2.49153
3.36214
4.49804
4.06883
5.85714
3.93023
3.98745
3.25114
14.0563
5.62687
2.42122
2.57971
2.98479
2.92469
2.5669
3.55336
2.79348
4.18182
13.9282
4.46632
2.39474
3.57812
4.84091
4.37712
4.46154
4.44749
2.90494
2.625
9.59144
4.28302
3.30909
4.11416
4.53668
7.87603
4.32701
5.46835
4.18981
2.82731
0.49537
3.32374
4.12755
4.11679
3.11635
3.21514
2.63091
2.92593
2.50943
9.7218
4.63574
4.25694
3.15035
3.17391
3.14062
3.19435
2.95455
3.4313
8.13768
4.0669
3.39841
2.88704
5.23188
3.39777
2.89394
3.29384
3.796
10.3363
2.77291
3.66023
2.94372
3.68396
4.16518
4.21933
4.32171
2.82041
3.07308
10.1883
3.97248
4.68182
2.8383
3.9551
4.01717
1.95221
4.87013
4.39474
2.9084
7.71429
2.47368
3.49568
4.29798
9.37313
3.92857
3.22814
3.66917
7.72811
0.613916
3.01967
4.8287
3.65693
3.17917
4.63813
2.67658
2.96194
6.36257
8.43866
3.06803
4.52404
4.17181
4.35945
3.41445
3.40702
2.34364
4.09091
8.19847
2.97455
4.34874
5.06
3.87291
5.7069
3.61905
4.17121
4.5101
8.46182
3.09697
4.3626
2.64835
2.5963
3.34568
4.49587
3.61472
3.46215
10.3735
5.81915
5.94
7.62987
5.40693
5.01667
3.76471
4.42035
3.48673
12.6954
2.66369
2.47279
4.87879
3.22105
3.78261
4.04082
2.95
3.3838
11.2723
7.70161
3.42333
3.57031
3.76136
3.66887
4.12453
3.23052
3.91156
0.975714
2.12338
2.13565
3.64552
4.15948
2.91765
4.42387
3.87413
2.77178
9.38372
3.3834
3.01569
4.96667
2.68729
2.74126
3.23171
4.75652
3.01215
2.90805
20.0342
3.69159
2.44718
2.97048
3.23827
4.18776
4.61842
4.84375
2.35693
4.17838
10.5844
3.25
3.68376
2.2902
2.34831
2.47619
3.72249
4.61404
2.27206
2.92929
7.37537
2.63385
4.41954
2.54804
4.85
4.21429
4.66827
2.11538
2.96599
3.23504
6.84967
4.34529
4.92213
3.20243
2.54217
4.59274
3.208
3.49498
2.85714
9.07422
3.836
3.13333
4.44891
3.28873
2.93403
3.40708
3.11521
2.86707
3.79851
0.658835
3.35874
2.93436
4.87946
3.80333
3.44
4.68905
5.58621
3.36404
10.6667
3.63806
2.89958
3.30292
3.15721
3.47458
2.95638
2.75794
4.14062
3.03021
8.63492
3.09712
2.90837
2.37667
2.65931
3.26587
2.9966
4.49356
4.29469
3.68826
15.8882
5.81068
3.81893
4.22868
3.22314
3.8254
3.67816
2.80339
2.7037
10.0769
3.12261
3.54035
3.37407
5.39583
3.13127
2.98905
2.84756
7.03846
7.43658
6.39286
3.8963
3.51748
5.32821
6.53589
2.81173
2.90196
2.2397
8.46947
4.65021
4.25758
10.1852
3.65873
6.58378
3.75735
3.28286
5.56279
0.480921
3.69856
3.70357
4.31641
3.92105
3.82186
3.19141
4.27941
4.48227
0.913393
4.88672
3.25911
3.11765
3.24286
4.04
2.96899
2.69741
3.69261
0.689626
3.44681
2.93919
3.97917
6.13198
3.91729
3.51984
4.2765
8.47751
6.00625
2.46154
2.47028
5.35776
2.54435
3.90625
3.3319
4.00389
3.3937
10.78
3.728
3.65636
6.30539
4.42481
3.24104
4.36481
4.45283
8.93976
4.66827
3.30702
2.33681
3.0931
7.34463
3.97881
2.70297
4.75758
4.22176
0.622817
3.3741
3.23264
2.51667
2.74021
3.30657
3.27969
2.79801
3.56735
8.6722
2.92163
2.42241
3.46875
5.2069
2.27848
3.88973
3.63084
5.30622
23.2018
3.43333
3.60284
3.28148
3.748
4.67593
3.30894
4.6413
3.77966
9.73984
8.42537
3.17472
3.33333
2.32143
3.78541
3.78673
4.25561
3.33984
3.47083
8.91188
8.75806
3.41438
8.54839
4.1991
3.78889
3.75299
3.91154
5.51402
9.07692
4.29339
7.01156
2.97213
5.49083
1.6733
3.03158
7.52941
2.94515
3.25728
10.679
4.02767
4.04029
5.6758
1.90515
3.60252
3.07473
3.6861
10.5896
2.89831
2.6
1.84106
3.56684
2.89123
5.23837
4.87449
3.25954
2.71756
9.55469
3.45
2.72274
3.23423
3.65543
3.33005
2.61859
2.69203
4.75697
5.37109
0.533179
4.39286
3.42642
3.50355
4.11071
7.59829
3.33333
1.53543
3.63448
8.35206
4.92641
4.66187
4.26441
3.15589
3.05159
2.73427
2.83113
4.54444
0.591895
4.86192
3.52985
4.14516
3.18493
3.18571
4.61538
4.7125
7.77855
4.98519
2.78769
3.24157
4.42339
3.64783
4.74074
4.78926
9.8961
6.50273
4.20346
5.29771
2.78
4.2449
4.80208
3.4629
2.61433
9.29861
4.0837
3.50602
4.63281
6.39908
4.86099
4.03586
2.33449
13.5097
6.2199
4.04054
3.6988
7.39157
3.22527
3.77729
5.29268
3.90909
11.8453
5.26697
3.60166
3.64683
4.31092
4.82759
5.47449
3.5303
3.71374
9.58303
2.53333
4.23106
3.20588
7.32624
4.93363
3.22344
5.59091
5.07018
0.677249
3.23105
3.98462
3.025
3.44771
2.66045
5.23288
4.31481
2.8315
9.33047
4.3937
5.86957
3.556
4.74194
1.88889
3.65299
4.33333
5.18304
8.27915
4.26538
4.26961
3.6108
4.10067
2.37709
2.83618
3.52113
3.42164
0.788265
4.04702
3.91129
3.45734
3.54688
3.37217
3.84
3.48188
9.65799
3.67972
3.92952
5.56938
3.18881
4.29915
5.63248
3.69767
3.20956
9.33333
5.18149
2.87043
2.64746
3.0947
2.50784
5.28481
4.13907
3.03584
8.19713
3.75238
4.40574
4.08678
3.33808
3.61875
3.83628
2.22968
2.94158
7.53901
1.94633
3.07692
4.10769
2.67537
3.1046
2.3985
3.76087
3.12069
2.98962
2.82329
0.857781
1.95833
2.60618
3.25692
5.08095
3.69455
2.56446
2.32472
3.06587
13.2191
3.53741
5.3018
4.30169
5.61069
4.02899
5.64607
3.80247
11.4537
5.41985
2.64372
3.02834
4.6281
5.45251
2.33559
3.96016
3.24481
3.17176
11.7385
2.77778
4.30493
4.50988
3.94922
2.55042
3.88182
4.17131
3.38261
8.83607
4.50538
3.22968
3.06928
6.97516
5.69399
5.62121
7.13043
3.15326
9.34
4.46063
6.52525
3.45259
3.17377
4.39474
3.67742
3.96875
9.21154
6.24365
4.03833
3.35593
5.125
3.236
3.95302
3.29231
3.21122
10.5381
4.16738
4.24719
3.12393
3.60714
3.8556
3.95139
3.41079
3.0274
8.29856
3.59336
4.09811
5.40351
4.84937
2.71906
3.34836
2.77612
5.18952
11.4409
4.11064
3.71
3.59707
4.07627
3.89377
2.85774
8.16216
3.41608
9.0636
3.22569
3.51938
4.125
3.24303
4.46332
5.97183
3.13898
4.77686
7.81757
3.81673
4.05106
3.70588
4.42683
4.21032
3.8066
3.91065
3.76654
10.2251
5.02597
3.96629
3.15719
4.28679
4.49107
5.03922
3.60536
11.3116
2.95029
3.13534
3.95819
3.2415
5.53927
3.89844
3.70683
3.90688
8.05674
2.91803
3.35802
3.87261
3.56314
6.75595
4.30292
3.92857
2.625
0.677934
3.4502
3.70683
2.79605
6.00621
2.40672
3.38929
3.18587
4.70076
10.6059
2.05913
3.99034
4.53138
2.74576
3.40221
3.01079
6.57927
4.58252
7.98471
5.85714
2.77778
2.94502
5.14474
3.32117
2.59044
4.69196
3.38017
10.7143
4.40686
4.40851
5.99563
3.09408
6.14912
3.89344
2.23103
5.40796
7.36478
4.25322
2.89032
4.94323
3.74615
3.21014
3.96296
3.10247
3.3083
8.32997
5.41597
2.47426
3.35906
3.68634
2.76277
2.54365
3.83088
3.45673
8.70847
3.01818
2.56383
3.38723
2.92147
4.19725
2.94776
3.38889
2.83505
10.9431
4.65164
3.92989
4.27895
2.35943
3.83099
4.51969
2.68657
3.72438
10.761
4.81092
3.45981
5.12105
4.98942
3.45992
8.4812
2.42146
3.61382
2.2226
8.85417
2.69636
5.00784
3.89513
3.50198
4.59289
3.03822
4.77186
3.04115
0.793367
3.3004
2.36667
2.3037
3.19522
3.35714
3.76736
4.14833
3.852
3.16729
0.540714
3.82178
4.04661
5.14932
2.86288
3.07942
4.38393
4.78605
4.23828
6.66168
3.66667
3.24138
4.268
3.64659
2.46371
4.24275
2.64542
4.53182
12.7851
4.95122
3.90079
3.78136
2.73128
3.54054
2.69231
2.21866
2.98969
3.6295
9.88845
5.05479
3.48193
3.84706
3.5331
4.26087
4.01111
3.90574
3.38247
0.973958
3.62539
3.98322
4.51079
4.24481
4.41627
3.12687
4.69388
0.708075
3.35577
2.8245
3.28148
4.85081
7.87857
2.73737
3.34615
2.52862
8.25773
3.1413
4.91775
3.20783
3.06406
3.68293
3.48864
3.22472
3.19574
8.71849
3.108
2.89377
3.10067
2.63985
8.17105
3.88258
3.76829
4.07724
4.10573
0.816429
3.27037
3.3213
11.4
3.80147
4.16968
6.98601
2.78058
12.9045
5.30097
3.60072
2.98361
2.39789
1.9908
3.00997
2.84647
4.39015
2.71014
10.7542
4.29646
3.05263
4.32075
3.94097
2.63345
2.95203
2.9529
6.94805
3.82449
0.590328
3.68136
3.95982
3.57877
3.61089
2.78947
3.82895
3.35714
2.80351
8.9881
2.86984
2.61329
3.69504
4.03077
4.96863
5.08416
4.18027
6.7381
4.45455
3.86219
3.48945
2.59643
2.79359
2.49655
4.01205
2.70205
2.9177
8.7621
2.83206
2.7377
1.76206
2.62593
4.11211
4.54709
7.57143
4.21818
3.47744
3.27174
0.689441
3.74342
3.7069
3.95928
4.03271
3.8247
4.41667
3.53788
3.41772
0.77753
3.78346
3.88938
4.71967
2.73592
3.44444
3.24895
4.91579
5.76303
8.37052
3.36782
2.53226
3.85
3.37447
4.01158
2.79125
4.24771
3.33766
3.82609
0.660099
3.11987
3.48585
3.63137
4.792
5.14683
4.35577
2.64912
3.59438
0.585119
2.70769
3.07463
3.04854
3.33735
2.6773
3.13103
4.69397
2.63158
2.94406
0.545
2.97761
3.42537
3.4023
3.13725
2.86455
3.64179
5.55556
3.1541
11.2009
9.10606
3.08779
3.18305
4.02373
3.79399
2.80938
3.12236
3.71691
0.702857
4.14748
4.22656
4.29952
3.47187
4.23013
2.62139
2.90877
9.88034
3.03226
2.09091
5.23618
3.812
3.97391
4.77727
2.66429
2.52304
3.54044
8.35185
3.97701
4.11765
2.88439
2.96923
2.54366
4.1391
2.76774
2.63763
9.59211
2.8589
3.50667
5.28631
3.55894
3.39927
4.42466
2.27425
3.60309
8.92336
3.59786
3.71617
8.48611
2.95802
3.13571
3.088
4.35088
2.83268
2.39521
0.751701
2.83399
3.84892
4.06178
4.09877
3.02456
3.86486
3.74897
10.5421
3.49796
4.18033
3.10101
4.57143
4.52569
4.01946
9.69355
3.34286
8.86071
3.38934
2.28889
2.70982
4.9645
3.88942
5.66667
4.15596
2.77007
3.89695
9.42623
3.93309
2.84848
2.93525
3.20678
5.33469
3.24068
2.79585
3.33071
9.79911
5.98319
6.06593
2.54406
4.84038
3.54717
4.06198
3.40278
3.58983
16.8252
3.80935
7.69643
4.65789
3.76558
3.07599
5.70109
4.29084
3.86364
8.96838
4.39524
3.15102
2.49412
2.75309
2.69463
4.275
8.22059
3.672
6.63536
7
3.41987
4.75806
3.18027
2.98246
3.83203
3.98198
2.66885
10.922
4.12953
3.78417
4.14599
3.54023
3.79554
3.6127
3.77255
2.34717
5.40758
5.23684
3.02459
4.43243
3.86047
2.16393
2.46011
2.67586
2.95745
3.03861
10.2792
4.67416
5.55901
2.5
3.188
3.23789
3.40157
3.04792
3.58521
9.93333
4.8
4.36475
2.77374
4.2284
4.59655
7.26144
4.24074
8.92245
2.73186
5.68441
7.64198
2.99669
2.97115
3.41281
3.20238
3.35371
9.47638
3.37864
3.15414
3.97417
4.79545
2.89051
3.4596
2.48675
2.78909
2.42675
8.91045
4.28631
3.22605
3.86923
4.89121
4.6625
3.08594
4.37768
4.64758
21.8411
2.52362
2.21687
2.64444
4.55
3.70064
3.91011
2.45364
3.32685
9.65873
5.70946
3.22261
4.16733
4.38559
4.52439
3.87654
3.76923
3.41948
4.01556
8.59921
5.33175
3.34661
4.2
3.20213
3.27248
4.85985
3.42105
10.0392
3.58636
2.51935
4.30804
3.9272
5.49145
3.02811
3.73756
4.08
3.54976
8.86755
4.41791
4.236
2.86282
5.6802
4.79104
3.27188
3.45238
10.2358
3.0443
3.84279
4.13765
4.02491
3.4084
5.47525
4.48372
4.7027
8.03537
2.22373
4.16129
3.2874
3.39815
2.52187
3.03302
2.83088
3.71864
10.3806
3.60938
3.94178
4.40146
4.90783
3.58427
3.77056
2.89073
4.84291
12.9486
1.77684
2.7993
2.13636
4.4375
4.01581
3.29057
3.05431
3.948
14.385
4.48485
2.6338
3.05534
4.47521
3.11224
2.71779
3.32482
1.63272
2.56478
8.81579
3.91781
3.80769
3.05634
3.87446
2.96169
3.26667
3.78175
3.38629
8.47902
6.73714
3.56579
3.65823
3.08614
2.81017
3.53333
3.57544
3.96992
8.46468
2.50799
2.07186
4.10359
3.84404
3.0274
2.59593
3.33813
3.98148
5.1907
10.5897
4.78222
1.78364
3.083
3.20922
2.84229
3.54393
3.6166
3.32129
9.62264
3.97222
3.35231
2.73776
4.44444
4.20833
2.12252
3.9726
3.73276
2.85019
0.482887
3.42537
3.78125
2.34574
3.21978
3.77978
2.55932
4.69874
13.6981
3.69314
3.46388
4.81013
4.66534
4.16592
4.3829
2.44201
4.38839
8.43836
2.4875
8.36667
3.62069
3.64528
2.38608
3.82397
2.6692
4.09353
8.76786
7.33103
3.189
4.8898
3.12698
3.2069
5.63158
3.13818
4.56554
13.1566
2.91078
3.16038
2.96167
3.23762
5.01408
2.67958
5.00913
2.61765
8.15672
2.8474
4.09091
3.46825
3.19708
4.80488
3.28777
3.48366
5.76549
8.97647
3.78776
3.38057
4.65233
4.37549
3.34843
3.84677
3.16794
4.28467
0.541896
3.64126
4.18868
2.69057
3.31673
3.6461
3.07527
5.36864
4.29839
11.125
3.57197
5.09274
3.58528
4.3018
3.43774
5.05727
3.2093
12.1376
2.77154
2.9402
3.54148
2.12912
2.76307
2.67944
5.17544
2.93382
3.78571
8.46642
2.40075
4.48498
3.27386
4.3321
3.3283
3.99353
7.23913
4.69625
9.03273
3.69262
3.93851
12.7025
5.51894
4.39437
5.69683
8.44094
2.68025
7.52143
4.33621
4.70815
4.00671
4.43386
3.36392
4.41985
15.8483
6.03676
3.98031
3.16786
4.79752
6.38372
4.78968
8.43299
6.48701
3.59834
4.25969
4.21898
4.10359
4.65438
4.38934
5.72222
6.99679
4.01471
5.24537
3.28175
3.70196
4.42697
3.1391
3.69534
10.5736
4.65753
4.25726
4.08966
3.88562
4.69615
3.12577
3.54231
2.71341
0.664546
3.63019
4.26923
2.71203
3.67871
4.42765
3.90037
7.22872
10.6531
5.875
3.13121
5.2287
3.35612
3.61957
3.39313
3.00667
10.3879
3.27972
3.54839
6.6729
5.49583
4.90141
3.90688
3.88849
9.66142
2.79783
3.34354
4.83784
5.37121
3.44545
5.26768
5.64159
4.07299
0.541896
6.15179
4.26774
3.54362
4.25191
4.61538
5.23045
2.47619
9.31061
6
5.52
4.81026
5.06061
4.68293
5.68478
3.39932
10.9286
5.51802
6.05405
4.48649
4.68421
3.66551
7.44393
3.71034
11.3923
4.94954
3.99115
4.31674
1.58416
3.16667
3.16028
5.11765
4.37131
4.59914
0.65253
2.71287
4.21698
3.3913
4.22628
4.17279
3.57455
5.0885
8.43911
4.38367
5.4693
3.22594
2.47782
3.57586
4.07456
5.56219
4.29134
7.97966
4.29268
3.81624
3.82886
5.30131
1.96882
3.92278
3.16609
3.07692
9.68898
4.10687
3.375
2.97122
5.2757
3.89804
4.21311
2.94755
3.43434
11.1111
4.55195
3.94258
3.85217
5.01224
4.41606
4.64444
5.5336
10.0697
4.32174
4.28794
4.31429
4.16923
3.66154
3.28467
3.87762
6.11932
8.30515
5.62445
5.27925
5.07042
3.3283
2.82353
5.03791
6.59375
3.40647
1.01116
5.20553
2.93286
4.6
4.48201
3.80695
4.12705
15.12
6.09091
3.46207
2.93115
3.82353
3.44295
3.59636
4.27344
5.7772
9.48355
4.38776
2.81034
5.13433
5.33333
3.12602
2.99691
4.83492
10.3158
5.33716
6.37368
5.55556
3.04783
6.70558
4.8951
10.4365
7.39362
3.90578
5.23485
3.52381
2.61027
7.90385
4.4213
8.59677
4.77005
3.72566
2.82738
4.90688
3.97297
5.20565
6.02151
11.2346
6.98667
3.00858
3.64453
5.10714
6.15873
7.31818
3.48134
3.79044
8.64122
4.02135
5.48899
2.71296
4.159
2.63051
4.81887
4.93657
3.3447
0.966964
4.06439
5.06667
4.12217
3.14433
3.90234
7.2732
4.03089
7.53074
7.69935
3.66667
3.89568
4.69758
4.61905
3.97338
3.06426
16.2825
3.58042
3.76015
3.11228
3.48106
2.30464
3.33119
5.60622
5.80488
0.9375
3.74917
3.5619
3.5122
3.6553
4.46097
5.55349
2.78884
0.834821
3.06294
5.54598
5.48594
3.50943
3.56475
3.03049
3.29876
9.34296
5.43369
5.47159
4.00791
3.77826
5.10881
5.35593
3.17391
5.95882
8.6139
2.94985
3.42809
4.86975
5.5
4.0906
4.31795
4.68966
9.84298
3.55128
4.63347
4.06273
3.204
5.7767
4.61417
3.14815
3.05415
9.03937
4
4.00673
3.88889
2.68864
5.0709
8.46995
4.86081
8.63725
4.45161
4.09756
3.72093
3.75
5.2383
4.1841
5.26407
10.5929
3.61856
3.52381
2.20846
5.07373
4.14596
2.93252
6.61146
3.37452
0.656085
4.02778
4.29487
3.96186
2.38406
4.32119
3.6962
3.90943
2.89568
0.904503
2.69811
3.69027
2.78113
4.51154
3.0597
5.14423
4.616
4.15768
0.514163
3.67881
3.1236
3.20956
3.05212
4.49505
2.91935
3.3377
5.18349
8.16733
3.02583
2.53595
3.67257
5.45669
3.35374
3.21491
3.78968
2.917
2.83521
0.558929
4.07333
3.81967
4.30769
4.56281
4.28804
4.6616
3.83794
9.1374
3.59426
3.08057
4.48462
2.25166
2.62414
3.44606
3.77431
2.45752
3.83111
0.679945
3.9633
2.96653
5.47345
3.35505
3.53333
4.1448
2.85714
2.34496
10.0157
6.8882
3.12424
3.96538
3.71845
3.80894
3.86885
2.00366
2.2993
4.01266
7.52837
2.79392
3.625
3.27935
3.22709
2.67905
4.16667
3.92692
3.73799
4.33624
7.26409
3.06107
3.42537
2.09825
3.04054
3.5
2.61921
3.17647
3.44526
8.84791
3.41486
4.39764
3.848
3.59908
4.03043
5.04375
3.05761
3.86147
3.91241
10.5721
1.86544
2.76812
3.6223
2.9542
2.85317
3.07168
3.35185
3.25943
4.2093
8.83794
3.42403
3.5368
3.37109
2.55989
2.09091
3.59004
4.38136
2.58242
9.43262
6.96894
3.10105
4.58915
4.52756
4.20601
3.87209
3.66397
2.48485
2.45098
7.77273
2.58394
3.2
2.61566
3.41473
3.95431
2.93952
3.98099
2.74351
4.08293
8.19549
7.89516
3.38621
7.47692
3.55814
4.1681
2.4461
3.29545
2.52318
3.93281
9.4346
4.18533
2.92905
2.4186
3.15289
2.84733
5.19681
3.30909
4.60643
2.92029
0.811126
3.54825
3.57643
3.19814
4.69608
3.38754
3.99545
2.65918
10.1067
6.56287
3.89247
5.7437
2.99655
3.77093
2.89388
3.61029
4.50735
10.7571
1.73842
2.6782
4.69048
3.26923
6.60119
4.45652
2.96552
3.00391
1.63636
2.60968
0.49256
2.3913
3.14483
2.71486
2.38435
4.29293
1.93917
3.43443
3.80586
7.34386
2.66418
2.55516
2.75811
3.15488
3.53527
2.47319
4.40343
3.29237
5.10219
2.83404
0.51954
3.57203
3.32472
3.60741
2.61446
2.91852
4.49587
4.26693
3.66667
9.54065
2.53472
2.33818
2.74857
3.71626
3.50368
4.34118
4.37229
4.37438
4.55556
0.648148
4.72727
4.72973
2.88014
2.59
2.35211
3.25
4.53604
3.94531
11.0088
3.68364
3.94492
2.12583
2.85714
2.96013
4.06122
4.03058
2.59664
8.22901
4.84242
3.21875
3.00806
4.15646
3.87698
5.23558
4.55294
3.01141
3.31538
10.2339
3.43439
2.60076
3.15035
4.59483
3.07812
3.58608
3.85345
5.26522
2.79538
0.546556
4.26688
4.22761
5.39535
7.14523
2.83333
5.67073
3.05023
11.3456
4.68581
3.41016
3.60377
7.475
4.09247
4.60606
4.8439
9.24125
4.04698
3.28958
3.0411
4.16016
1.52956
5.37727
4.2161
5.66176
3.12749
0.927249
5.10502
4.72698
4.87838
6.63111
3.55667
2.97552
10.9655
3.14801
4.40167
4.8777
3.02712
3.13109
3.25461
3.25556
2.44089
8.1732
3.74841
2.75926
2.50694
3.47101
3.65891
3.14488
7.63776
4.46352
8.52281
7.13043
4.55319
5.48708
3.46538
3.72491
3.66794
2.98431
8.86029
5.16456
4.136
2.78994
3.14516
3.72015
4.55814
5.13107
6.03158
10.141
5.29114
4.89547
5.18653
3.51822
2.68025
6.4955
4.83511
3.06908
8.32188
4.01852
3.83566
4.05344
3.56303
5.35172
4.74319
3.59031
8.9144
3.72052
3.28214
4.24583
3.59696
4.94757
5.29439
2.98997
2.93333
7.66773
3.8839
4.03042
2.55882
4.27308
2.25
3.84192
4.59636
3.26115
1.02726
3.62411
3.425
2.5744
2.59389
3.05882
3.37591
2.91395
3.27885
6.44695
2.21429
2.41214
3.38832
3.27734
3.73592
2.73649
3.24759
2.78598
4.07143
1.31786
4.03478
3.56204
6.16346
4.53304
5.3178
3.87008
3.69338
0.702857
4.40278
2.94333
3.27985
3.30566
3.11986
3.14828
3.025
3.94828
7.74434
4.4689
3.94779
3.58333
4.13439
2.62362
3.68977
3.88889
2.76127
11.1071
8.29323
6.22892
3.64643
6.29143
2.55016
5.36885
4.0188
8.84109
9.4031
3.76842
4.06303
3.57508
3.41296
4.49167
4.05495
4.59052
0.479475
4.1453
2.33016
5.33816
2.37318
3.72619
2.78623
4.24113
4.49115
5.35714
4.51271
3.52
4.61607
3.09607
3.40391
1.87749
6.98206
2.61765
0.832512
4.10593
2.69565
3.73778
4.76293
3.05338
3.73554
3.14444
8.73171
3.99138
3.81818
4.42578
4.1746
3.18868
3.37407
3.56506
4.54737
10.9121
5.61261
5.51628
2.94585
2.50709
3.99583
3.73585
4.84815
3.97193
0.584286
5.63953
3.18182
4.40074
1.73667
3.80427
3.83784
4.53165
4.07724
0.634615
3.41667
3.12838
3.45312
3.4841
4.61135
3.09689
3.73333
12.4236
4.8408
3.23492
3.00676
3.00645
4.05447
4.66383
4.10309
4.03182
10.0955
4.83415
5.67181
5.50877
2.75563
3.31047
4.88835
3.19472
3.71429
7.22767
2.84892
5.13898
3.59004
5.36691
9.73485
4.83691
4.73228
0.750601
6.181
5.41199
3.36123
3.33213
5.97512
4.92079
3.79771
10.1591
2.74277
5.575
4.23301
4.26792
5.05921
3.56452
4.05018
14.7797
4.17406
3.90391
3.55957
3.11458
5.21429
5.29897
4.36691
9.80464
3.85281
3.60822
5.17172
5.16279
6.99432
3.87762
3.61111
8.85199
2.85305
4.91053
8.35862
3.33861
4.61472
2.68942
4.72764
5.76471
0.602833
3.79245
4.17872
2.77211
3.39483
3.25392
3.69756
3.84672
5.13613
9.16529
3.68163
3.75304
2.17876
3.88053
5.51
2.51029
2.69295
3.25556
3.97665
0.404457
3.22857
5.5157
2.52443
2.44528
1.5
4.20312
2.89912
1.56
2.64667
3.36842
0.528061
3.2871
0.974545
0.944444
0.956693
0.77709
0.851852
1.00784
0.794702
1.04237
1.11304
1.16972
1.25118
1.14679
1.17431
1.17431
1.17431
1.21101
1.13761
594.527
9.45645
1.17431
1.1
1.08475
1.17431
1.17431
1.17431
1.17431
7.72018
0.841328
0.74375
0.869403
526.164
0.764706
0.941606
1.03937
0.769231
1.05217
1.06881
0.811448
0.916335
7.04202
0.702206
0.814621
0.840278
1.02553
1.08475
1.13761
1.12322
1880.05
0.278302
1
0.936508
0.116402
0.722581
0.901639
1.06696
0.724528
0.860294
0.88189
0.888889
1
1.03226
1.12281
1.18349
734.716
0.880165
0.538226
0.797203
0.944
1.00833
0.893443
0.901515
1.0431
1.02542
0.957692
0.807018
0.8157
1.04878
6.79339
0.871324
0.979167
0.811644
