0.529769
2.8551
1.2809
1.27515
0.642055
0.542936
0.602899
0.975248
1.14402
1.26269
0.377327
0.638677
1.29668
1.97015
8.68807
1.77857
2.3
2.14545
2.35965
2.3578
2.3578
2.53211
2.43119
50.711
6.83071
2.78974
3.62676
0.851036
0.967611
1.12727
1.09649
0.858156
0.616967
0.687845
0.779104
0.773134
0.967033
0.837662
0.48996
0.709677
1.21302
0.67509
0.279101
0.62
0.831522
1.21961
1.35211
1.09302
1.43379
1.3211
1.51754
1.74312
1.65789
0.735135
1.088
1.06589
0.865204
1.00763
0.537815
0.716049
1.28307
16.4397
22.2249
2
2.01136
2.38991
2.14407
2.48624
2.49541
0.364011
1.94928
2.26606
2.27523
4.94037
6.78175
7.24786
5.90942
43.9374
1.72483
2.6055
1.90367
1.81145
2.49541
2.38532
2.09174
0.338624
2
2.11765
2.24561
6.00439
41.8934
0.632219
1.60667
1.64539
1.29936
1.24737
1.07042
1.05164
1.65068
1.984
33.2305
0.90411
0.896
0.669312
0.613941
0.945848
0.636816
0.189153
0.424679
0.551069
0.934783
0.904255
0.803859
0.655367
0.54703
0.833948
0.947368
0.845638
0.625641
1.50794
2.55046
2.98165
2.15351
7.02985
2.17472
2.59242
2.23853
2.36364
2.24576
5.80738
102.752
6.30709
6.60284
2.06641
2.1086
2.45872
2.51818
2.01364
0.458929
2.30508
2.42202
2.36697
2.60185
18.3578
5.89925
13.693
47.3667
1.79845
1.76866
1.64539
1.07512
1.07512
0.93662
1.27602
1.22749
1.16279
0.832215
0.616915
0.597015
0.166667
0.905797
1.068
0.672269
0.961538
0.89726
0.739766
0.723288
0.962406
0.72549
0.571066
0.704
0.92
1.79333
2.42202
2.6422
2.49541
8.64679
2.12687
2.47273
2.38596
2.49541
2.42202
21.5046
1.64706
1.53846
0.826291
0.239418
0.793427
1.16456
36.3312
62.24
1.97037
2.47368
2.36522
2.39474
2.43119
2.3945
2.1055
1.84
7.1635
1.6
2.20183
6.99561
7.72936
3.44938
0.758824
1.17431
1.13761
1.15596
1.17431
1.15596
76.211
1.864
1.64539
1.31959
10.7729
9.80156
0.849123
0.685484
1.036
0.861423
1.02459
0.93617
0.702703
0.651282
0.708108
0.976923
0.844156
0.847134
0.796178
0.72807
0.163265
0.690608
0.536
0.610329
1.33702
2.25439
2.53211
2.46789
2.42202
2.3211
2.53211
2.2156
2.50233
2.35965
42.4541
34.125
1.832
1.76
7.10169
36.4838
0.855172
0.468354
0.169312
0.858974
2.01835
2.49541
2.38532
2.50459
2.50459
2.3578
2.17797
2.45872
2.18421
2.21186
30.3947
44.8963
1.71053
5.12915
6.69231
39.1543
5.32353
2.07317
2.63793
2.88182
2.61468
2.68644
8.45614
2.05333
2.75229
2.89908
2.58716
6.20769
6.88136
4.21393
6.44828
1.76457
7.36864
11.3644
26.528
25.6716
12.6598
0.695906
1.08197
1.05983
1.06148
0.768977
0.739645
0.929577
0.581395
0.569652
0.487124
0.739496
0.662983
0.605405
0.757576
0.668508
4.54167
0.659341
0.982353
1.51538
1.01639
0.720588
1.14286
1.15789
1.14679
1.26147
1.25581
1.20561
1.40367
1.3945
1.44037
1.47248
1.37674
1.29825
1.54386
42.7339
96.6241
17.2036
17.4209
1.23826
1.34899
0.738281
1.66923
1.33893
1.04507
0.246693
1.30872
1.08065
1.33728
0.624573
0.605178
0.648464
1.65359
2.34862
1.86364
1.23684
1.29098
1.45622
1.41395
1.41284
7.67757
1.10791
1.45794
1.3578
1.43119
1.40367
1.29915
47.4103
42.3171
1.85827
1.88618
1.29508
1.68085
1.25397
1.07042
0.957746
1.2973
14.9155
48.4883
1.20635
0.962656
1.03333
0.75817
0.677966
0.884615
0.886621
1.94495
2.04545
1.79817
1.94495
1.94495
1.94495
1.87156
1.44275
8.45417
2.65254
2.83486
2.1055
0.928839
1.11475
1.23009
1.15888
1.27064
1.16279
1.31193
1.27064
1.31455
1.17431
27.9083
30.3937
11.2283
3.15759
8.81122
2.16522
1.62319
1.36994
1.07042
1.07042
4.33099
2.09071
6.41007
46.7438
6.10638
3.52432
0.598837
0.966667
0.943396
1.02564
0.760116
0.947735
0.650794
0.638756
0.278439
1.32065
2.07143
2.2906
2.21488
2.24793
1.2562
0.789116
1.12705
1.21973
1.15678
1.12775
1.24771
1.24771
1.18349
1.61927
1.52453
1.58411
0.201058
1.34211
1.29825
1.3178
4.84507
95.416
1.81818
1.82308
1.05164
1.07042
1.58904
60.0044
53.9713
1.4759
2.50459
2.23853
2.50459
9.00459
1.9403
2.14679
1.64873
2.24561
2.32456
2.87156
6.40769
7.14783
3.13198
4.54416
0.977612
1.08411
1.17333
1.17857
1.14286
65.6053
1.52113
1.32571
1.02752
15.9486
13.5435
9.07087
43.9474
5.41121
5.2697
1.55556
0.773852
1.10329
1.07604
0.939502
8.75688
2.03731
2.38532
2.3945
2.31193
2.6789
2.65138
2.16972
2.00746
40.8545
30.3052
0.321429
15.7482
84.7111
23.3415
5.56808
0.216931
0.872414
0.697143
0.579812
0.625323
0.622549
0.775974
0.740061
0.805195
0.886525
0.606061
0.934783
1.048
0.685083
0.708108
0.623711
0.77439
1.33333
6.7449
1.75191
2.14545
2.06557
2.42202
1.9661
2.17797
2.3578
2.50459
2.3578
2.45872
13.8028
1.1455
4.9711
5.30221
22.4436
72.5061
14.1908
0.886076
0.788591
0.952191
0.843003
1.05306
1.02564
0.706215
1.06612
0.597156
0.833333
0.723724
0.519451
0.513761
0.510251
0.542141
0.620879
0.778107
0.756757
6.25817
1.06343
0.91
1.15789
1.21101
1.17431
1.33028
1.21101
1.14679
1.20183
1.06422
1.22477
1.29954
1.22018
1.26606
1.50467
29.4817
42.276
6.888
7.71729
5.21914
2.81788
10.5673
52.1684
0.295635
1.79333
2.2844
1.94495
1.87324
2.35965
2.49541
2.38532
2.38532
2.42202
2.30275
5.15802
6.33546
8.64738
4.01878
3.98333
131.161
44.5993
1
0.947154
1.15351
0.685637
0.650386
4.11443
0.977401
0.806452
0.538462
1.09091
1.07965
1.19008
1.28025
1.35948
0.632997
0.66835
1.53936
1.75362
2.31579
2.16949
2.20492
0.187831
0.769231
1.13095
1.31455
1.24771
1.3945
1.52752
1.58685
1.69231
15.5982
49.1404
12.3062
32.8297
20.6811
50.1232
0.839344
0.957447
0.729282
0.663317
0.957447
0.845638
0.201429
0.557214
0.666667
0.84507
0.830065
0.609137
1.13761
1.22072
0.852234
0.591549
0.476395
0.577465
1.41304
1.76119
2.20183
1.95413
1.95802
8.25877
2.02985
2.1789
1.76619
2.51643
2.57798
113.638
12.5863
4.25954
32.1661
27.8899
6.91837
0.43361
0.582927
0.775076
0.632603
0.790419
0.791391
0.895911
0.165344
0.735632
0.720994
1.25075
0.867749
0.582524
0.409253
0.97318
1.59504
2.01835
1.81507
2.3945
2.70642
2.43119
2.53211
8.55505
1.91045
2.45872
1.8211
0.937729
1.0041
44.84
6.37313
3.4918
3.99061
6.11572
1.14286
32.3509
3.38554
1.55667
25.3325
3.52632
1.41967
1.1108
1.12598
0.281746
1.02523
0.559441
0.565097
1.19101
1.03867
0.842282
0.838284
0.783237
0.723577
0.642317
1.09924
2.00746
2.45872
8.56881
1.96269
2.34862
2.46789
2.45872
2.46789
2.43119
2.42202
88.4174
103.232
58.1245
0.958678
0.946154
0.8875
0.701571
0.60989
1.04918
0.928571
0.166667
0.653226
0.764179
0.757396
0.674033
0.781437
0.677871
0.761905
0.930909
0.858696
0.749304
1.04805
2.05703
1.9693
1.70548
2.15929
2.49541
9.23394
2.38532
2.54128
2.43119
2.24771
9.36239
40.2283
6.63386
5.82886
13.6381
3.75446
3.77556
1.90881
1.37395
19.4131
18.3187
57.4112
1.76866
1.21212
0.566038
0.25463
0.402439
0.723404
0.627451
0.623656
0.656716
0.735135
0.656716
0.713514
0.705882
1.032
0.941606
0.928105
1.78638
3.22936
7.90574
2.57736
2.68807
2.79386
2.42982
2.85088
2.4386
46.0872
2.76
1.29811
0.917127
46.3545
6.89516
6.65385
8.18537
6.43162
2.05806
1.98788
0.801887
16.8784
10.0622
8.09412
1.06154
0.180632
0.779141
0.645161
0.757396
0.68232
0.749245
0.694286
0.899654
0.56599
0.847761
1.1
1.04641
0.960317
0.759494
0.748555
0.501006
1.08709
0.81685
0.403274
1.9708
2.2807
2.49541
2.12385
1.38318
1.14407
1.16518
1.29004
1.43119
1.47706
1.46789
10.6651
22.4862
79.004
3.3505
1.35685
1.16726
0.773585
0.811321
44.3899
5.54777
11.3394
24.7424
1.3758
1
0.60929
1.03286
0.895582
0.570071
0.537736
0.799213
1.72332
5.08939
0.815742
1.30899
2.34862
2.20183
2.46789
2.90826
2.6422
2.3945
2.20183
2.42982
2.50459
2.43119
45.9128
2.66798
1.5
0.779097
0.452381
1.16312
1.57746
9.92576
57.2327
2.68657
1.7772
0.451058
0.764569
0.811321
1.57339
1.57746
28.2214
2.85309
1.68387
2.31193
2.22951
2.49541
2.28947
2.42202
2.42202
2.3211
2.45872
2.38532
7.00362
1.60784
1.74312
1.36268
1.68776
1.44056
1.25478
1.375
1.34416
1.23856
1.16817
1.46125
1.20886
24.3211
6.70079
2.46243
2.80425
7.18056
3.66953
4.75691
3.31221
1.42609
1.59259
1.66505
1.57746
0.453704
0.78487
0.811321
1.57339
63.6221
1.68208
2.30986
1.59259
0.458995
1.57746
1.43231
0.773585
0.811321
1.40171
0.838028
0.938697
0.86121
0.901024
0.532189
0.170635
0.464135
0.483264
0.393027
0.498168
0.843327
0.834545
0.585652
0.37013
0.592992
0.391304
0.371693
2.4507
2.12174
2.13492
2.25439
2.45872
2.50459
2.43119
2.3945
2.31193
2.34862
2.02752
1.84211
2.65
7.39362
1.38397
1.57746
1.43231
0.773585
0.811321
1.40171
4.9507
27.6473
44.0703
4.41558
1.55333
2.64035
2.06289
0.811321
1.57339
1.57746
0.843188
0.792453
5.04388
17.4619
56.5342
1.83942
2.2623
1.89908
1.60458
2.85446
2.66972
2.50467
2.13761
2.46789
2.42202
2.05505
8.06422
1
1.17431
1.12281
1.13761
33.0688
29.8212
1.13684
1.67376
1.56849
1.96815
2.32877
1.6
0.457672
0.801887
1.40171
13.4014
77.4362
1.95868
1.80992
2.10092
1.21762
4.83803
2.09259
1.18412
0.773585
0.811321
16.8188
7.6733
0.736842
0.518018
0.715655
0.690027
0.895522
0.609137
0.72973
0.597938
1.06746
1.13878
1.13808
0.929577
0.178571
0.511156
0.549327
0.710594
0.750685
0.954315
1.71831
2.42202
2.09174
2.46789
1.78899
1.54142
2.31356
2.48182
2.43119
9.16055
11.2262
25.5872
1.6015
1.22581
0.309524
1.04587
1.10329
12.6284
6.68551
1.70149
1.70922
1.5302
1.0892
1.0892
1.38967
0.457672
0.935484
0.750572
6.22877
43.5328
7
1.81921
1.41956
1.58904
2.04386
8.55505
1.49673
1.25946
1.0892
1.96809
1.82239
0.794425
0.507042
0.518868
1.2
2.5367
2.46789
8.92202
2.01521
2.2844
2.4386
2.26316
2.45662
2.06422
27.7431
14.6995
2.09119
1.57333
1.70213
1.61702
1.25946
1.03286
1.04587
1.07042
1.39437
2.52632
6.84228
4.77674
51.2315
2.57602
2.10526
1.58865
1.12207
1.70073
1.65248
1.65248
1.13659
1.07042
4.65023
2.43972
13.0758
12.9935
15.1786
1.81818
2.54128
2.23853
8.67431
1.91549
2.35088
2.34862
2.10092
2.10092
2.07463
1.87615
1.03488
0.938182
0.681122
0.796721
1.1811
1.01481
1.0365
0.719794
0.843137
0.241429
0.629032
0.529301
0.546185
0.676707
1.22101
1.58772
2.05263
1.79762
0.603015
0.556604
0.507042
1.04587
0.314815
0.566038
0.54717
0.598361
6.18545
5.5974
7.121
7.66298
0.948936
0.977477
1.0892
1.04587
1.07042
1.28729
1.91453
1.86822
5.93949
1.03153
1.23944
26.7226
61.003
1.8
1.84127
1.07143
1.13706
1.0892
1.03756
0.308201
1.03211
1.16
1.76866
1.872
1.83721
1.94495
1.04667
0.99284
0.971831
0.952381
0.554017
0.623188
0.259259
1.18935
0.836601
0.834395
0.644578
0.627027
0.666667
1.84016
1.76774
2.35965
2.50459
2.3211
2.42544
2.23853
2.50459
8.52752
1.74
2.54128
1.81651
1.52119
1.00258
0.816514
0.821596
0.935323
0.807512
0.888889
1.31915
0.846561
0.884211
1.2695
5.77517
0.763485
1.14554
12.6261
3.63462
0.631868
1.05769
1.01695
0.566038
0.54717
0.663636
1.07042
0.883534
0.566038
0.54717
0.314815
20.8075
5.50282
1.56
1.56229
1.12381
1.07512
1.07042
1.07512
1.0892
1.0892
1.05164
1.16244
32.4365
63.9037
1.68165
1.62676
1.79268
2.39474
2.50459
2.43119
2.3578
2.53211
2.31193
2.42202
7.84404
1.12558
6.432
0.93617
1.13761
1.12281
1.13761
1.13761
1.17857
1.14286
1.17857
1.12844
1.0614
1.20183
1.16514
29.7798
18.6765
1.89831
1.63504
1.97458
1.77444
1.36416
1.07512
1.0892
0.304233
1.06881
46.0657
7.7925
3.65665
8.17871
1.06829
1.64384
1.68085
1.47771
1.05634
0.305556
1.99153
1.65248
3.08011
24.3194
0.133333
1
0.887324
0.764901
0.782477
0.647355
1.54231
1.29747
1.49324
1.06912
1.03712
0.640523
0.429119
0.674129
0.657682
0.603175
7.292
1.79333
2.45872
2.52294
1.83486
1.75362
2.00847
2.15596
2.09174
1.97778
2.3
11.3257
48.1409
1.62016
1.71429
2.32524
1.02703
1.10329
0.854093
0.556604
10.1585
9.95023
1.97458
2.01709
1.47771
1.07512
1.05164
4.31881
7.25221
85.7315
1.89256
2.01835
1.90164
1.69343
1.35503
0.303571
1.58235
2.38596
2.42202
2.55455
2.73636
2.34862
1.97026
2.27523
2.3578
2.46789
125.119
3.22685
1.87008
1.26984
0.566038
0.556604
19.0259
1.09585
1.87302
1.65248
1.28177
21.6315
32.2656
1.82051
0.292857
1.10174
0.595506
1.01897
1.31373
1.58394
0.928934
0.634106
0.672052
1.4023
2.05479
1.8578
1.14449
1.46047
1.41284
0.195767
1.46789
1.36697
1.39908
1.46083
1.45116
1.37615
1.49533
1.58257
1.59016
1.67213
0.930108
30.3615
1.60137
1.84127
12.5716
16.543
1.69504
1.96269
10.8299
33.1557
63.7419
1.28446
0.985915
1.01754
1.17431
0.160714
0.595642
0.703297
0.619289
0.992248
0.961832
0.627027
0.647059
0.702128
0.894366
1.08
0.757225
0.735135
0.641791
1.19912
1.44076
1.68667
2.42982
0.375661
2.13115
2.46789
2.21101
2.50459
2.43119
2.3945
2.07798
13.5552
14.1955
3.05689
14.4846
16.1688
4.88136
12.0816
128.092
1.28261
0.903333
0.892256
4.51351
0.721805
0.649746
0.789189
0.861272
0.486254
0.556225
0.660333
0.410296
0.522876
0.497992
0.523605
0.661538
0.701087
1.49846
0.978992
6.5642
0.768707
1.0813
1.18807
1.2093
1.19626
1.30275
1.18224
1.26512
1.22477
1.24651
1.38318
1.41284
1.38318
1.43119
140.128
30.9256
24.1902
34.8478
28.9444
1.79661
0.995122
1.25
0.135842
0.712251
0.586667
0.593679
0.634615
0.64
0.980769
1.06996
0.679558
0.609137
0.708108
0.817881
0.956175
1.16312
1.83803
2.3945
2.21101
7.51493
2.23105
2.98165
2.6789
2.90826
2.75229
24.3073
14.6075
9.90452
19.3802
13.5656
64.2117
63.752
0.963855
1.03814
0.950943
0.757396
0.676796
0.744745
4.72989
1
1.5625
1.83486
1.30851
1.13218
0.819876
1.00775
0.759563
0.758152
0.930233
1.86517
2.91818
2.11404
2.3211
1.34211
1.37963
0.16133
0.996226
0.863636
0.828767
0.908451
0.789855
1.47907
1.38991
45.7796
87.7056
59.7901
6.05226
11.1702
15.382
0.721591
2.09231
2.49541
2.38532
2.3211
2.53211
0.248677
1.55899
2.38356
2.49541
2.3945
44.5459
6.59231
2.3306
1.19715
1.12887
1.70213
1.58865
2.03509
13.8816
6.16364
13.2538
18.0292
76.129
0.543158
0.782931
0.941441
2.65552
0.509434
1.05734
1.00955
0.904656
0.587258
0.517391
0.520607
0.943609
1.02024
1.17982
1.59761
1.8
2.3578
8.53947
1.85075
2.41284
2.39474
2.53211
2.25688
2.13793
1.80282
52.4518
31.9512
5.51613
32.1995
2.23077
26.9667
12.0121
31.4978
1.91186
1.96491
2.33898
8.58333
2.08955
2.67544
2.6789
3.19266
3.15596
3.45872
6.04015
9.56343
6.90966
33.8
5.17683
6.19149
4.41566
13.1097
70.026
22.5201
1.19068
1.08475
1.09402
1.028
6.33579
0.722667
0.681934
0.688172
0.705882
1.048
0.832215
0.713514
0.609137
0.708108
0.974074
1.02881
0.751445
1.06878
1.6791
1.843
2.40909
8.47748
1.74394
2.39474
2.20183
2.38596
2.49541
2.23077
42.8333
8.04255
30.5058
15.3218
10.1519
4.40506
33.1946
1.45291
15.6124
9.79961
4.51613
5.25463
0.461268
1.36986
0.983221
0.899676
0.186508
1.12281
1.59504
1.77778
0.810127
0.4862
0.572139
0.498925
0.610811
0.739884
0.757396
0.698895
0.663014
1.66242
1.97692
1.97458
1.22477
6.39286
0.8
1.2844
1.55505
1.52558
1.72477
1.75214
1.8578
1.30169
1.25455
19.8911
7.06452
68.6908
2.28667
1.23755
1.06746
19.2227
42.0126
12.7836
1.88104
2.46491
8.8945
2.2193
2.18349
1.70455
1.91791
2.25455
2.27119
2.94495
22.0596
13.7851
18.3433
7.41098
1.66341
1.61033
0.843188
1.08491
4.23762
6.96653
48.0376
5.47115
24.3396
2.692
1.6
1.30159
0.773585
6.54481
0.435849
0.846715
1.15789
1.06195
0.67052
0.647059
0.723404
0.605405
1.08
0.832215
0.708108
0.844068
0.343949
0.446809
0.578704
0.176587
0.561743
0.394737
0.841163
1.83803
2.3211
2.53211
2.40678
2.43119
2.21101
2.3211
1.57333
2.38596
2.43119
27.6927
22.636
9.8949
21.1616
6.85714
0.454365
2.84746
1.48416
0.764151
0.766355
0.811321
16.7775
19.5784
6.53008
9.45152
8.10798
1.55882
2.27523
2.5614
2.6789
2.3211
2.32456
2.38532
8.57798
2.13433
2.0367
1.92766
2.32127
1.88934
1.54983
2.41593
1.55442
1.52212
1.94667
2.09398
1.88323
11.3152
6.82677
5.96454
3.03203
7.71831
10.7021
2.93253
3.40736
1.61927
1.55869
1.40171
0.457672
1.41048
0.788599
0.811321
9
5.18106
34.2413
0.285146
1.90351
2.23853
2.43119
2.43119
2.17431
8.58257
2
2.46789
2.41284
2.60526
2.2807
53.2477
39.2521
51.1097
5.01471
5.13609
2.99821
1.1078
0.646091
2.48905
2
2.06061
1.18412
0.773585
0.811321
0.508242
1.57746
0.873362
0.858553
1.17621
1
1.09129
0.958801
0.593583
0.525822
0.611111
0.637255
0.929078
0.693122
0.577465
0.567757
3.56319
0.866667
0.93617
0.932624
0.917563
1.62418
2.44872
2.43636
2.07273
2.44545
2.50459
2.43119
2.3945
2.31193
2.34862
2.46789
44.0367
38.0913
50.4541
0.576577
0.585106
0.66129
0.708995
0.682353
0.638614
1.01235
1.61885
1.50215
1.82569
1.75229
1.69811
24.9954
17.5605
1.64539
1.02415
2.88785
5.57143
1.14815
2.33992
0.935185
2.50459
2.13761
1.9058
2.50459
2.43119
2.23853
2.46789
2.53211
8.71101
1.81849
1.68313
1.89286
1.65748
4.03604
7.38158
5.59859
16.1519
7.056
17.0984
11.5678
3.85294
25.362
9.80333
1.78462
0.318783
0.878788
0.579365
34.223
1.61635
2.36885
2.40909
2.42982
2.3945
2.30159
2.04237
0.362434
2.16814
2.49541
2.2844
1.11009
0.949153
1.18349
1.13761
1.10619
1.21101
1.17857
63.9152
2.45255
2.54264
2.50713
0.764151
16.6839
8.69655
39.9312
22.549
1.01916
0.877551
1.00826
0.801444
0.901408
0.656085
0.597015
5.35127
0.883803
0.746356
0.609137
0.991736
1.08475
0.992248
0.736994
0.615752
0.6
0.629108
0.810127
1.37634
2.19469
2.46789
2.31193
2.32456
8.76606
1.81716
2.47706
2.32456
2.3211
2.0339
3.11364
2.57143
0.764569
0.811321
1.57339
20.2019
81.1031
16.3989
6.69928
1.12861
1.39759
0.740741
0.566038
0.54717
0.920168
1.07042
1.93976
2.65789
4.48605
2.26957
2.48305
2.46789
2.49541
2.21101
2.50459
2.38532
2.41284
2.46789
2.27523
2.03211
1.43173
1.75847
0.909091
7.05385
0.89899
1.27586
1.25926
0.634021
1.45909
3.68056
36.05
32.9828
3.08
2.95614
1.33878
0.811321
0.899471
1.46479
1.71066
4.09198
2.05753
48.8312
6.84483
1.83077
1.29032
0.556604
0.576503
1.0892
0.879518
0.570071
0.354497
1.04505
1.05164
0.656566
1.17901
1.72384
1.44737
2.06422
2.10526
1.86441
2.05505
2.06422
2.54128
8.31651
1.64384
1.92202
3.76
28.6703
0.458995
1.03797
0.773585
0.811321
1.57339
1.57746
0.843188
0.783019
6.55952
11.6982
5.15964
2.8557
2.12293
3.83562
7.17361
4.23273
46.5874
0.584951
1.17982
0.181878
0.775623
0.676056
0.661972
0.683099
0.659574
0.779747
0.850932
0.498246
0.720745
0.69509
0.745205
0.649746
0.778378
0.756219
0.901408
0.302249
1.70548
2.49541
2.54128
2.3945
2.38532
2.46789
2.27523
2.35088
2.82569
54
64.625
1.80328
0.350529
2.42254
1.8254
0.955556
1.10067
1.57746
1.43231
0.773585
11
42.4395
1.71786
2.17213
1.80702
1.77926
2.54128
2.3945
2.21101
2.31193
2.13492
2.32456
2.50459
12.8532
2.81967
0.928571
1.17431
1.12281
1.13761
1.17431
1.15596
1.15596
1.17431
1.15596
1.15596
1.15138
1.17209
1.45614
6.02431
26.6241
1.55705
1.58865
1.61268
1.92818
2.55319
1.00613
0.455026
1.57339
1.42795
6.95724
59.442
1.38922
1.13433
1.07042
1.12676
4.79812
1.91011
1.40773
0.811321
1.57339
3.46244
12.4017
1.11966
0.835821
0.905109
0.782609
0.597015
0.66474
0.974638
1.15427
1.3012
1.21239
0.961111
0.775676
0.148148
0.757396
0.618919
0.783784
0.70028
1.60526
1.88732
2.50459
2.3945
2.16514
2.36239
2.15873
2.38532
2.46789
2.24561
8.67431
18.912
12.5413
1.68462
1.67376
3.05987
0.566038
0.54717
6.73841
21.3314
5.62963
1.13287
1.55844
1.61702
1.70213
1.15736
1.07512
1.25822
0.444444
2.19108
0.868633
0.783019
1.98821
3.99765
49.4313
1.03263
1.7418
1.94068
1.77444
0.304233
1.04587
1.07042
8.19718
1.04098
1.13274
0.919708
0.962406
0.726115
0.595361
0.722372
3.98756
0.828025
0.958647
0.770642
0.569002
0.549107
0.570136
0.702194
0.588235
0.590244
0.672619
1.81145
2.32456
2.50459
2.10169
2.39344
2.49541
0.298942
2.05556
2.78899
2.51376
2.1875
1.55263
1.26207
0.807512
0.826291
1.2695
0.988235
0.759259
1.25532
1.34043
1.54696
0.445767
1.71134
7.84633
52.6966
6.92857
1.13757
4.13359
1.31214
1.67376
1.64539
1.47771
1.07512
1.10798
0.320106
1.05164
1.51351
2.94915
15.045
13.8263
4.96552
40.1624
1.28238
2.24409
2.34862
2.42202
8.27523
2.11333
2.38532
2.34862
2.3211
1.96454
3.52632
6.90444
5.24877
7.15023
0.567089
1.16814
20.6055
17.5688
0.287037
1.50649
1.5
1.1561
1.07042
1.03756
1.19403
1.07042
1.16585
1.63043
2.3876
25.5275
93.2805
2.02756
2.03509
1.28177
1.35882
2.16514
1.92562
1.3815
1.07042
1.07512
1.07042
1.0892
1.28169
0.891791
0.161376
0.95
0.678304
0.953901
0.872964
0.597015
0.685185
0.603774
0.963504
0.946809
0.606205
0.591549
0.586854
0.909091
1.13475
0.929078
0.890071
1.21739
0.328042
1.82836
2.49541
2.42202
2.42202
2.44954
2.29915
2.21101
2.3945
2.35965
69.1468
18.6789
1.65926
1.01376
1.02703
1.07042
0.883534
0.566038
0.551887
1.04587
4.34507
0.601093
0.556604
12.4014
1.62329
1.61702
1.77778
2
1.82946
1.50318
1.05634
1.0892
1.05634
1.07042
12.4225
5.61783
7.17769
20.5527
0.830769
1.43478
1.14957
1.16279
1.07826
0.89781
0.674157
0.772189
0.78979
0.68169
0.662983
0.164021
0.886525
1.076
0.622871
0.601036
0.515766
0.504975
0.595533
1.24771
1.17431
1.38007
2.22422
1.47463
1.28824
1.63934
1.375
1.10627
0.202806
1.22414
0.921296
1.65946
32.8028
1.62989
0.313492
1.41176
1.03286
1.49367
2.03509
1.61702
1.35503
1.07042
13.5822
50.9214
5.21818
3.58936
5.71127
1.06667
1.62411
1.68085
1.4586
1.07042
1.07042
1.05164
1.65068
1.19231
1.02449
0.808081
0.727273
0.636816
0.161376
0.881295
1.0239
0.909747
0.651282
0.793443
0.67027
0.614634
0.645503
0.616915
0.910959
0.967391
0.945455
0.696517
1.17051
2.39908
2.22609
6.02
1.68038
2.10656
2.23853
2.42202
2.54128
2.34862
15.555
88.7294
1.792
0.559796
0.566038
0.566038
0.54717
1.02703
12.23
3.33789
4.53763
13.1937
1.21264
1.65068
1.68085
1.48408
1.0892
1.05164
3.20423
69.9932
20.4919
1.97692
2.22951
8.71364
1.97761
2.54128
2.65138
2.43836
2.24771
2.43119
2.49541
4.37719
5.43465
5.38321
0.81
4.65323
24.2143
7.02033
24.3423
1.49333
1.61702
1.62411
1.58389
1.29577
38.2169
26.1087
6.39925
19.555
0.924211
1.54248
1.64539
1.13433
0.929577
7.67797
1.01053
0.844
1.29882
1.1662
0.621951
0.616279
0.561047
0.619855
0.576577
0.38961
0.504348
0.449799
0.637838
6.98214
1.61644
2.50459
2.43119
2.56881
2.45872
2.63303
2.17213
2.24348
2.2807
44.0132
52.4195
6.80932
1.69343
0.769231
1.01257
6.16312
4.1592
16.3416
1.24852
15.6277
20.9967
33.9262
0.693182
1.32143
1.38796
0.946835
0.595469
0.685185
1.26814
1.13529
0.815315
0.622517
0.600639
0.580808
0.328984
1.7247
1.99541
1.26512
1.2193
1.40367
1.3211
1.16949
1.58411
1.55814
1.30047
1.26512
1.26606
1.23364
1.2844
1.22018
2.63274
47.207
6.58015
6.27143
3.98288
5.58442
40.4965
13.6794
7.39974
22.9533
0.518703
0.564482
0.721154
0.558386
0.53493
0.57265
0.608796
1.01186
0.946809
0.613365
0.567376
0.525346
0.629442
5.86879
0.866667
0.93617
0.726115
0.612022
1.40511
1.77076
2.38596
2.43119
2.34862
2.53211
2.31193
2.42202
2.46789
1.88073
2.2377
68.2156
37.7602
100.57
53.4511
59.1379
1.97945
2.45872
2.36697
1.79677
2.41818
8.19298
1.76667
2.21101
2.49541
2.38532
12.5614
68.8983
25.2694
27.6421
36.4423
48.6881
17.4867
1.00402
1.02893
0.906367
1.22727
1.10569
0.473684
0.652632
0.705882
0.918919
1.05983
1.012
0.732523
0.836806
0.709677
0.212912
0.455285
0.68254
0.562189
1.24631
1.7483
2.13115
2.12698
1.60317
1.1215
0.952381
1.17699
1.16667
1.20642
1.23944
1.18349
1.21101
1.14679
8.97345
21.1659
49.4068
5.27469
6.31071
42.6376
29.9919
70.6753
1.6
1.29221
0.962366
0.36246
0.574627
0.638243
0.865574
0.992481
1.04
0.724832
0.766355
0.493151
0.485772
5.56803
0.992647
1
0.629442
1.16022
2.04615
2.42105
2.43119
2.43119
2.54128
2.44954
2.49065
2.27119
2.45872
2.3945
13.3716
7.78571
6.2319
1.93607
1.15542
25.6674
4.75346
146.128
46.6728
1.80903
2.46789
2.43119
2.42202
9.30734
2.76147
2.83486
2.3945
1.97619
2.1049
73.1316
22.3306
15.5226
5.81293
42.2015
17.271
68.3885
2.11628
2.31579
2.78509
2.82018
1.83333
1.93636
2.29825
2.03448
2.07018
2.2844
3.06422
10.4698
5.47826
3.90931
3.45474
35.1759
6.85317
6.42537
5.50532
8.98575
23.8263
1.50658
58.2337
2.34483
1.58216
0.834606
0.783019
1.312
1.57746
0.457672
9.39976
1.12707
8.53211
1.77725
1.25688
0.86
0.888535
0.739496
0.647887
0.624413
0.748503
0.866242
0.882166
0.621315
0.622066
0.599562
0.604423
0.460084
1.31781
8.74771
1.53169
1.61921
2.2844
2.02752
1.82796
2.11818
2.31579
2.13761
2.38532
39.5046
18.4344
5.14243
5.19529
27.5105
12.3115
6.34091
0.973333
1.07042
0.883534
19.5873
0.551597
1.68085
1.58865
1.52174
1.29577
2.32877
2.44681
0.846348
1.10067
1.57746
4.11135
0.99537
0.920188
1.09474
0.609422
0.817204
1.1087
1.20188
1.01538
0.767081
1.12757
0.6
0.659459
0.614634
0.682353
0.941606
1.248
6.29592
1.81333
2.46789
2.45872
2.09633
1.58
2.35088
2.46789
2.45872
2.45872
33.0275
43.0252
1.73134
1.50667
0.57561
0.535211
0.537736
24.2752
5.22866
21.0468
1.66154
1.87156
1.90826
1.65138
1.57798
1.59633
33.4459
8.44151
1.896
0.892193
0.54717
0.688679
1.07042
0.883534
6.62382
2.22936
2.07143
2.45872
2.3945
2.54128
2.06422
1.88699
1.85507
2.11404
0.328042
4.68846
6.6791
4.40045
4.14653
40.9526
6.82937
10.2273
25.2073
0.848057
0.31746
0.560142
0.55858
1.04587
1.07042
0.609418
0.556604
14.2347
0.284644
0.287318
0.18254
0.316038
0.372483
0.591549
0.445783
0.263658
0.280285
0.577982
0.591549
0.395018
0.274347
0.440079
0.932331
0.166005
0.946768
0.995984
1.43333
2.47706
2.01835
1.94068
1.86842
1.93636
1.86842
1.99083
1.90826
2.61009
2.08955
42.3983
2.61417
1.69948
0.792453
0.458995
1.57746
1.43231
0.773585
13.0472
2.73656
2.89147
1.91935
1.73757
3.95327
3.10985
6.66071
40.2383
32.0132
1.68443
1.86697
1.5364
0.694184
0.584665
0.622517
0.6633
2.95439
0.824834
1.23899
1.04444
0.594249
0.461977
0.925267
2.0963
2.3211
2.28947
2.45872
2.45872
2.54128
2.22222
2.19658
7.92308
1.60127
35.9103
44.8115
6.9127
63.5145
5.37293
2.23308
0.31746
0.631579
0.566038
0.54717
1.02703
1.07042
0.702875
0.556604
0.507042
4.16055
17.6941
2
1.16393
8.49083
1.76
2.6422
2.46789
2.50459
2.45872
2.3578
2.45872
1.61468
0.920635
1.06422
1.0123
1.06364
1.17857
1.17857
1.14286
1.01754
1.22018
1.17431
0.188571
1.15596
1.17431
1.15596
1.15596
1.15596
1.15596
6
7.58009
6.61069
5.7439
1.87705
2.85593
1.44493
0.811321
1.57339
1.57746
0.843188
2.44693
0.899471
6.27465
6.45455
55.3053
1.71812
2.04237
2.06195
28.3156
1.05085
1.10092
0.815287
0.868217
1.08475
1.12821
1.072
1.01154
0.797583
0.66
0.702128
0.65
0.996109
0.958647
0.775811
0.644501
0.167328
1.06818
1.94403
2.13274
2.00877
1.65056
2.38991
2.21186
2.54128
2.20183
2.45872
2.54128
2.45872
1.50459
1.50877
1.39535
0.234127
1.67526
2.55639
2.34932
1.00615
0.779097
0.811321
1.45223
11.0338
41.4803
4.54301
3.1444
19.2512
1.12621
1.64539
1.23243
1.07042
31.4178
17.5855
1.01639
2.41931
0.797688
0.85446
1.80851
2.17797
2.01835
2.13761
2.01835
1.9507
2.60526
8.7844
1.97059
2.2619
2.25229
1.34667
1.13619
0.989933
1.40426
1.51835
1.46977
1.51835
1.49524
1.44141
1.56279
1.64602
1.33058
1.31295
0.820375
1.07746
11.8631
1.56721
1.5
1.28962
1.17766
1.01878
1.47573
0.458995
1.86243
0.820755
0.843137
40.8005
6.72052
5.325
15.7911
1.90476
1.58865
2.0614
8.26754
1.66667
1.07042
1.37559
1.64539
1.62092
0.567237
0.566038
0.584906
1.54839
2.87156
2.48684
0.334656
2.14912
2.16514
2.01119
2.34703
2.50459
2.21101
45.0413
1.88
1.38554
1.05963
1.49367
2.04386
1.88
1.25967
1.48357
2.36301
7.4078
15.7127
44.3268
1.46835
1.07512
1.07042
1.0892
1.16901
1.02752
1.07042
1.26519
8.42735
2.59231
2.73016
21.9365
7.63983
0.815287
1.024
0.656716
0.932331
0.54902
0.723404
0.647059
0.702128
0.727273
1.08
0.963504
0.802548
1.59016
1.71681
1.0232
0.719864
5.08791
1.74
2.13934
2.08264
2.13115
2.29915
2.21488
1.83884
1.71475
2.56881
44.922
1.896
0.948617
0.566038
0.54717
0.663636
1.07042
0.291005
0.566038
0.54717
6.17793
24.1494
1.09091
1.32544
1.20188
1.0892
1.03756
1.51899
2.03509
1.8843
1.25397
4.34507
1.66667
4.64184
16.1135
50.7175
6.34962
2.82988
0.860825
2.42982
2.38532
2.50459
2.3945
2.16514
2.42202
8.76606
1.66207
2.26606
1.58451
1.02542
1.09091
1.05263
1.17431
1.17431
1.15596
1.19266
1.15596
1.19266
1.17431
1.15596
1.19266
1.17431
1.15596
1.17431
1.06422
1.14912
15.9633
7.69091
11.6559
1.17839
2.13274
1.68085
5.00529
1.03153
1.07042
1.20635
1.84615
1.792
1.50318
1.07512
1.14554
76.3062
1.80769
2.04386
0.304233
1.02752
1.0892
1.05634
1.05164
1.15596
1.07042
1.05164
1.61644
1.69725
0.927536
1.83478
0.802419
3.63027
0.570629
0.565097
0.615385
1.14917
0.872781
0.746224
0.623229
0.717391
0.66
0.702128
0.627451
1.53247
1.68284
7.63095
1.75849
2.48182
2.48182
2.38532
2.31356
1.83333
2.50459
2.45872
6.27064
2.02752
0.961538
0.501538
0.679612
0.195767
0.921986
1.27193
0.700565
0.58216
0.591549
0.591549
0.629108
0.735135
0.929078
37.6312
1.89669
1.64179
0.637363
0.663636
1.07042
0.883534
2.27712
0.54717
1.02703
1.07042
2.43976
23.777
1.2459
1.67376
1.12935
1.64384
1.53425
1.67376
1.34104
1.07512
1.07042
5.98146
33.4808
1.18026
1.24444
0.89172
0.778378
1.3806
2.46789
2.22222
2.49541
8.36842
2.02985
2.34862
2.48305
1.40826
0.934615
0.830565
1.38532
0.942857
2
2.02542
1.40176
1.71329
2.18396
1.56419
1.82278
9.45133
11.8894
2
1.41176
0.590331
0.811111
1.07042
0.819277
0.612245
0.306878
4.69595
59.1261
7.60403
2.09174
1.58
1.07042
0.610687
0.312169
0.516432
1.07042
29.3502
1.24409
1.58904
1.36994
0.957746
1.27568
1.12676
1.14634
1.80986
6.54452
1.85075
2.33945
2.26147
1.73443
2.19672
2.2807
2.49541
2.21101
2.35088
44.5
1.9177
1.24257
1.07798
1.07042
1.47403
62.2325
12.1577
4.68902
0.693009
1.11111
0.936508
0.551637
1.07042
28.5402
0.310847
1.75177
1.69504
1.49682
1.61644
15.5439
21.1277
1.24367
1.22543
0.474164
0.444
0.624365
0.609137
0.687831
0.686981
1.00388
0.945946
1.16102
0.992
0.550459
0.642298
0.1875
0.956364
0.648101
0.946746
1.85915
2.31193
2.27966
2.3
2.79817
2.76364
2.20183
1.79
2.50459
2.38532
27.5734
39.275
1.83333
1.24294
0.872727
0.698795
13.4454
1.11722
1.25745
1.45665
1.05164
1.07042
1.11675
1.54225
1.67376
68.1773
1.82031
1.79845
1.27419
20.6714
2.03175
1.85915
2.23853
2.2377
2.47248
2.50459
2.49541
2.50459
2.43119
0.448864
2.97248
7.33945
9.33019
3.90947
1.39663
0.908425
1.02542
1.02381
45.1881
2.13158
1.24731
1.38235
8.55505
1.76119
1.41212
1.07042
1.07512
1.07042
20.211
34.594
5.20994
23.3165
0.697613
1.00386
0.711111
0.457143
0.513761
0.418692
0.323864
0.148148
0.501779
0.442529
0.859935
0.847134
0.847134
0.712291
0.85567
0.72973
0.546697
0.555556
1.88
2.03169
2.51818
2.88182
8.70455
1.89726
2.24771
2.12844
1.79817
1.82576
1.67544
1.19683
1.43673
0.968254
1.2766
0.88172
0.942529
1.28369
1.12102
0.812207
4.03521
0.969072
0.826291
1.29078
1.31206
1.31217
26.7147
48.7553
0.955556
1.68667
1.7234
1.17766
1.11111
0.322802
1.62329
1.5302
1.0939
1.05164
1.07042
27.0587
21.9449
7.17623
0.897059
0.962963
1.48693
1.80269
1.23899
1.17816
0.877729
0.392491
0.563452
0.775148
0.80618
1.3083
0.360877
0.31938
0.718182
6.75104
0.838323
1.2418
1.33036
1.20339
1.36842
1.40367
1.51376
1.80275
0.730088
1.29237
1.40826
1.4424
1.40092
1.37615
88.2
1.44805
0.816071
0.997849
1.05164
1.62759
1.69343
1.67376
1.13171
4.34507
1.02703
39.1789
9.46517
6.36626
11.2189
1.55333
1.65248
1.55705
1.07042
1.07512
0.30291
1.52597
2.19266
1.42553
1.56627
1.57576
1.54839
1.77922
2.50459
2.43119
2.56881
2.50459
2.49541
2.50459
10.2798
49.0974
5.47771
3.85093
20.8836
45.1364
1.50649
2.17431
1.76744
1.76866
1.83721
1.53503
1.05164
22.3826
0.859873
1.04717
0.888
0.687898
0.689655
1.072
0.791176
0.713499
1.06883
1.12281
0.991736
0.739884
0.710811
0.755162
0.171958
0.802548
0.656085
0.603015
0.957447
1.76667
2.3578
2.54128
2.24771
2.20183
1.8662
2.46789
2.53211
2.3578
2.16514
10.3394
39.4656
30.6713
35.9776
1.28025
1.24737
1.07042
1.05164
5.89935
41.7215
54.82
1.48538
2.17213
2.28947
2.25439
2.39474
2.28947
3.77982
4.28037
3.79091
12.8028
6.13043
5.7234
3.71847
9.04869
13.4195
19.8178
6.25704
3.7461
28.2094
3.14418
4.42489
57.3475
1.95041
1.64539
0.804233
0.849315
0.695402
0.529175
0.452525
0.490446
0.668329
0.709677
0.66
0.702128
0.632353
4.45722
0.932331
1.064
0.91791
1.05085
1.13761
0.834395
0.659794
2.04959
1.89437
2.47273
2.38532
2.08333
2.53211
2.39474
2.49541
2.28899
8.90367
25.6468
28.9818
25.9426
21.7103
41.6474
4.88571
5.70922
0.784387
19.4383
53.246
1.45385
1.7807
1.07022
0.602291
0.636364
0.635135
0.587859
1.41558
1.31081
0.25463
0.854875
0.641509
0.634304
0.906667
1.3178
1.44037
1.07534
0.734694
1.50459
1.40367
1.47706
1.53271
1.3211
1.33028
1.51376
1.77064
7.90367
1.28358
4.70642
99.837
61.6148
62.3
1.99145
1.98214
2.40909
2.42202
2.38532
2.2844
2.46789
2.46789
2.41284
2.49541
98.1193
27.3026
13.0182
3.40278
1.7241
23.6061
1.92012
17.7667
0.472574
0.297674
0.882353
0.969231
0.595376
1.08051
1.22749
1.1046
0.730303
0.779221
0.947368
0.592593
0.656716
0.172619
0.753247
0.947368
0.832215
0.710811
1.36951
2.95872
2.54128
2.60088
2.4469
2.17544
1.97458
2.50459
2.23853
2.17544
8.60092
30.2711
31.5346
94.1378
66.2244
6.07719
1.08333
0.592072
2.0597
2.34862
2.42202
2.10092
2.33796
2.06154
2.39474
2.43119
2.3578
8.71101
5.14179
7.5
5.89171
5.64828
79.539
31
46.9208
23.9394
9.88438
3.74425
0.690691
0.870748
0.904255
0.892508
0.580952
0.89726
0.943262
0.821192
0.666667
0.595122
0.907692
1.0084
1.05508
1.12121
0.939068
0.181878
0.628235
0.596737
1.06931
2.10769
2.30137
2.3578
2.31193
2.34862
2.46789
2.3578
2.33028
2.25439
2.46789
33.2719
6.97222
13.4994
51.4343
34.3295
12.0705
11.9216
11.9506
3.99526
15.1379
1.01992
1.07522
1.03896
0.875912
0.751479
0.892086
0.781646
0.563043
0.421053
0.675676
0.689908
0.587859
0.654804
0.146825
0.936667
1.10931
0.962406
1.54819
2.3578
2.33636
2.44545
2.3945
2.50459
2.43119
2.42202
1.79817
0.888889
1.06356
1.26852
32.9633
100.236
15.65
18.8627
4.30402
3.41968
13.1189
2.24576
2.3578
2.50459
2.7156
2.45872
2.53211
2.27523
8.55505
1.89041
2.11009
2.58333
4.65873
4.77391
3.90426
3.37389
3.20059
89.68
38.2977
57.201
1.59752
2.18852
2.49541
2.42202
2.24771
2.42202
2.53211
2.34862
8.61009
1.76974
2.18644
1.09735
2.29237
6.51908
7.33613
23.3448
12.5235
26.6878
48.7567
1.36025
1.37662
0.524823
0.666667
1.11404
0.938406
6.09818
0.56338
0.58216
0.653846
0.906574
0.957447
0.929078
0.710983
0.648936
1.00775
0.832215
1.5027
2.36017
2.16667
1.95
2.44915
2.28947
0.329365
2.20183
2.25439
2.3578
2.09174
6.0367
46.5487
0.888889
1.21186
1.32143
0.776995
1.36214
0.87766
0.711009
0.675325
0.615385
0.678899
10.5367
12.8243
30.8227
5.52532
35.4083
2.33577
1.45778
3.77358
7.22022
1.29697
1.74517
1.03351
0.533069
0.347445
0.892193
0.902256
1.032
0.83758
0.629333
0.923913
0.941818
0.613811
0.691892
0.588832
0.222222
2.03623
2.61468
2.2844
2.13559
2.68807
2.25439
2.14035
2.46789
2.53211
2.42202
30.8807
17.0488
5.94521
13.8556
1.48718
0.904959
1.07042
1.07042
16.7877
0.337386
0.140212
0.437008
6.0892
2.12658
2.39007
1.24088
1.46479
24.6294
1.01741
1.06149
0.992248
0.978102
0.713198
0.745205
0.670051
4.62973
0.628079
0.858006
1.24312
1.01931
0.781065
0.745946
0.615385
0.75974
0.876761
0.701689
1.62658
2.3945
2.3945
2.17544
2.46789
2.31651
0.343915
1.59006
2.48624
2.50459
21.211
90.2615
40.228
8.46134
5.17738
7.3653
1.81746
1.04425
0.56338
0.556604
0.516432
1.07042
1.01382
5.33848
1.26768
2.56881
2.6422
2.3945
2.3578
2.45872
2.3945
1.72477
1.78667
2.2807
4.21491
13.5852
3.88293
3.74537
13.4247
10.7759
34.7678
7.59584
7.25917
1.02074
0.518868
0.54717
0.293651
1.04587
1.04803
0.566038
0.54717
0.765734
26.7371
1.04709
2.24153
2.2807
2.35088
2.47273
2.43636
0.436335
2.46789
2.45872
2.13761
1.60265
1.06422
0.894928
1.08772
1.19266
1.15596
1.15596
1.15596
1.17431
1.15596
1.17431
1.15596
1.18349
1.21101
1.17857
1.17857
22.7277
26.2325
2.584
0.457672
0.811321
1.57339
1.57746
1.04854
0.783019
2.66156
6.84684
8.62707
5.81849
33.8981
1.69366
1.01643
0.626781
1.02752
0.944206
0.575472
0.650943
0.846457
1.07042
0.291005
0.575472
0.395047
1.41576
2.42009
2.3578
2.2844
2.3578
2.3945
2.2193
2.38596
2.34862
2.54128
8.45413
24.9577
3.81716
2.80159
1.66497
0.455026
0.947977
1.57746
1.43231
0.773585
0.811321
1.64103
71.608
24.7604
1.64085
1.63525
1.05023
1.12821
1.05983
0.154762
0.495575
0.615741
1.07389
1.24468
0.648649
0.647887
0.629108
0.976027
0.64
0.618056
0.578089
1.1092
1.87681
1.86
9.3945
2.78899
2.78899
2.39474
1.95817
2.35965
2.2844
2.34862
1.63303
1.49194
1.17431
2.33562
2.28188
2.51711
0.877551
1.57746
1.43231
0.773585
27.941
4.26485
4.94574
1.78571
1.84874
1.6358
0.479396
2.41135
1.01863
0.811321
1.57339
1.57746
1.1928
14.4636
0.570681
1.23256
1.29384
0.716981
0.942029
0.613757
1.08475
1.16972
1.18834
0.64624
0.168367
0.641791
0.591743
0.649254
0.78806
0.662983
0.775148
0.674157
1.2071
2
2.34862
2.01376
2.47196
1.91791
2.46789
2.46789
0.395963
1.86885
2.46789
38.2294
7.72034
0.887097
0.566038
0.54717
2.86134
3.60504
13.4957
6.76986
1.88596
1.888
1.61702
1.15122
0.421958
2.43972
3.02632
1.11604
0.779097
1.65448
21.3827
1.45652
2.26087
2.45614
2.61468
2.16514
1.85315
2.31579
2.44737
2.38532
2.38532
2.31193
1.3211
7.78947
1.36154
0.770042
1.68966
1.16606
1.71489
2.32599
1.54244
1.66204
1.29677
1.81197
1.20186
1.58798
2
1.42675
1.14573
0.353022
0.607735
21.7913
0.83038
4.74306
1.28736
0.764151
15.3424
0.910931
1.70504
1.18812
0.566038
0.556604
0.514085
1.6385
4.75
38.3345
1.28402
2.35965
2.22727
0.363757
2.38532
2.46789
1.76147
1.78912
2.45872
2.46789
2.21101
1.36697
1.06422
0.876712
1.09402
1.13274
1.19266
1.11927
1.09649
1.19444
1.21101
7.65625
17.3125
7.72727
4.37563
22.7304
9.22928
1.04867
1.1828
0.97619
2.27594
0.54717
0.655689
1.07042
24.6506
0.496471
1.50333
2.10526
2.07895
1.62069
1.0892
1.05634
1.0892
0.292328
2.41429
1.63333
2.2844
2.3945
2.3578
2.46789
2.17431
8.55963
2.34272
2.35526
4.50917
7.59649
3.74444
41.7477
9.14048
0.634921
0.75
0.332907
0.314554
0.587156
0.587983
0.338415
0.171958
0.316038
0.577982
9.01406
2.37396
7.3216
3.42339
25.4671
0.873239
0.932624
1.18468
0.648101
1.08796
0.504751
0.986239
0.976526
0.981221
0.726837
2.56783
0.662252
0.905325
1.22477
1.82791
1.73038
2.50459
2.38532
2.3578
2.50459
2.43119
2.3945
2.31193
2.34862
2.17431
5.79801
1.16049
1.11111
0.826291
0.807512
1.32624
0.895522
0.759259
1.28369
1.24823
0.880597
0.788732
0.895522
0.826291
7.76036
83.0191
39.3207
6.21739
6.33555
0.327988
1.832
0.886047
0.56304
2.91877
0.741573
0.662983
0.779006
0.774725
0.381481
0.37691
0.674033
0.717391
0.739884
0.624324
0.731563
0.671271
1.44478
1.53026
2.53211
8.68636
1.78723
1.97826
2.42202
2.3578
2.45872
2.2807
2.42202
97.1101
6.19708
6.84803
0.655689
1.9845
2.19481
0.433862
1.57746
1.43231
0.773585
0.811321
1.57339
16.3545
38.828
1.08475
1.27982
1.09251
1.29394
2.49541
2.49541
2.45872
2.34862
2.24561
2.68807
2.6422
2.29915
6.96154
0.919753
1.69725
1.8211
2.64115
2.27273
1.08672
0.904306
1.06283
1.07848
0.936916
0.636508
1.26037
6.50245
1.16986
0.872727
0.84507
0.54717
1.02703
1.07042
0.568116
0.62766
14.3063
5.75
1.74242
1.70213
1.25405
1.14634
1.76119
1.792
1.49673
19.946
64.2377
7.17842
3.37234
1.15193
2.62613
8.49083
1.49333
1.89437
2.50459
2.46789
2.53211
2.43119
1.91453
2.74359
4.00725
3.49085
0.916667
1.09244
0.952991
7.49558
1.17857
1.14286
1.08772
1.12281
1.17431
1.17431
1.15596
20.0138
40.6193
1.82308
1.67376
1.23243
1.07512
1.0892
1.05164
15.1338
39.8698
6.45113
17.1543
1.27059
1.70213
1.67376
1.50318
1.05164
1.21519
1.15789
0.685279
0.62439
0.596244
0.4
1.98939
0.316038
0.577982
