7.00676
7.77815
0.00973236
0.00258398
2.30184
4.97098
2.18341
3.64955
2.78249
1.39286
1.4902
0.583554
2.22995
0.54717
1.02703
1.07042
0.668693
0.566038
0.54717
0.828829
1.82877
3.97561
0.00632911
9.24355
0.488189
0.405714
0.441748
0.47032
0.354271
0.441748
5.72426
4.69162
6.15751
0.433476
1.40881
1.33146
0.690852
1.07042
3.71687
0.511628
0.54717
0.688679
1.07042
0.883534
0.566038
3.48703
2.84193
4.83784
0.337398
0.370732
1.52199
1.6557
0.115079
0.355469
0.399123
0.386555
0.361538
5.22059
18.128
4.92978
0.992228
1.17895
1.81786
2.11966
1.60133
2.21005
1.99617
1.58923
8.7156
1.57678
1.99228
1.64758
1.00833
0.514403
0.323529
0.592593
0.890411
0.457143
0.325472
0.325472
0.295213
0.591549
0.170635
0.263658
0.256532
0.417293
0.591549
0.445783
0.263658
0.869359
3.70711
8.86592
5.03235
5.3255
1.07358
2.78947
1.60784
1.83957
1.58216
1.31727
0.457672
0.754717
1.51351
1.16197
1.34925
12.5
17.5728
0.965839
1.11254
1.45872
1.25
1.05263
1.10526
1.01695
1.12281
0.991228
1.09735
1.0678
1.15741
1.05085
1.08772
1.17431
1.13761
1.17431
1.50459
8.01316
1.14563
1.01376
1.87705
1.82946
0.676923
0.518868
0.509434
0.940171
1.07042
0.960699
2.16392
0.705357
0.00520833
0.00218341
0.314159
0.274336
0.0989761
0.444043
0.35122
5.22337
4.05357
5.9085
10.9888
0.805861
1.98162
1.67176
2.28947
1.83065
2.15138
2.11111
2.21327
2.48165
1.60542
4.38462
0.709677
0.417582
0.304348
1.92059
1.42748
0.452229
0.767196
0.468647
7.02041
6.75889
7.96313
3.21333
2.03125
4.36498
1.43668
2.3617
2.0241
1.61033
0.961877
0.773585
1.59434
16.04
5.53691
0.469072
0.389294
0.670588
0.424528
0.00243902
0.455
0.127273
0.551515
0.370732
11.9434
7.93171
7.33333
3.01394
1.32288
1.09949
1.68924
1.70796
2.32432
1.71533
1.7695
6.36071
1.76871
2.11842
2.37441
3.49147
0.260526
3
6.64986
2.57921
2.44691
0.565553
0.509434
1.05963
1.58904
1.3949
0.713043
0.313492
0.574822
1.05046
1.07042
1.94398
1.93333
3.07645
0.513889
1.89744
5.12587
0.438462
0.366925
0.30491
5.52394
4.99639
5.54967
6.47651
2.54478
1.48264
0.717201
0.561321
0.811111
1.09859
1.68794
1.77444
1.23243
2.64783
0.511628
0.54717
1.15315
2.43687
3.92544
3.22727
1.21495
0.863309
0.56422
0.469751
0.325472
0.177249
0.577982
0.591549
0.395018
0.266033
1.12028
0.228188
0.00436681
5.45161
0.483516
1.45304
10.8328
5.38562
5.17578
5.27368
15.49
2.5251
4.30405
2.16818
2.57674
1.8481
1.71875
1.98819
1.89883
2.23394
1.88811
2.00877
2.11304
3.7013
1.53061
1.64407
0.178832
0.365979
0.657143
0.398964
0.420455
0.552239
0.364103
5.20231
3.32609
7.16505
2.75188
2.22162
1.42678
1.54128
1.07407
1.46606
2.35616
1.88398
1.81313
7.733
8.38361
0.804714
1.28511
1.06881
1.01695
1.05263
0.983051
1.01695
1.15789
1.08772
0.949153
6.88618
0.801471
0.928
1.05118
0.964981
0.95122
1.1179
1.12281
2.07895
1.91736
1.08571
1.10329
0.708738
0.522565
0.339623
1.08475
0.186813
0.469751
0.325472
0.316038
0.577982
0.591549
0.373737
1.71853
0.375839
2.48997
0.415525
0.343902
0.311644
0.00243902
4
6.18421
6.03704
1.62676
5.04676
2.2684
1.74744
2.27706
1.73016
2.05159
5.59414
15.2637
3.66102
2.4807
0.52907
0.0995261
0.399123
0.361111
0.452055
0.413994
5.23102
4.79396
3.86435
9.46844
2.5948
1.57746
1.04792
0.773585
0.754717
0.651786
0.635036
2.42807
15.9425
7.44257
0.292553
0.534722
0.417647
0.281818
0.541667
0.318182
0.376033
6.27778
5.67954
7.56828
1.90441
1.2459
1.74486
1.87611
0.28125
1.79325
1.95299
1.87168
2.18265
2.12195
2.07391
2.1055
4.59259
0.00529101
5.10825
3.02353
1.79286
3.45266
0.55527
1.07798
1.07042
3.92449
0.514085
0.522565
1.01408
1.58904
2.0614
0.757785
1.53563
0.149533
0.482587
6.20297
0.78626
0.00251256
0.422594
0.380753
2.94932
4.46078
11.3431
6.88115
3.36667
1.46304
2.12454
1.09859
0.580902
2.18646
0.503497
1.07798
1.07042
0.627986
0.688742
1.98165
2.02752
1.14091
0.705479
0.365894
0.306604
0.577982
0.591549
0.170635
0.256532
0.293651
0.591549
0.445783
0.263658
0.256532
0.387218
0.751515
0.921986
0.350158
0.453061
0.751174
6.16357
4.79945
5.65683
4.42761
6.10727
12.0833
3.60912
1.94167
2.01515
0.645733
1.60333
2.26364
2.08962
1.2449
2.33486
0.379058
1.96525
8.45238
2.1875
0.411924
0.289809
0.105263
0.105263
0.409091
0.00243902
0.105263
0.722222
10.8786
4.99694
9.00552
6.18333
1.5576
0.754717
1.14685
4.89437
1.50862
0.773585
0.785377
2.845
13.4875
13.1717
0.353383
0.608247
1.1179
1.30672
0.853242
1.13761
1.0678
1.18349
1.12281
1.13761
1.17431
1.17431
1.16514
1.40367
1.69697
8.11404
0.400593
0.275058
0.325472
0.316038
0.577982
0.591549
0.307479
0.266033
0.316038
0.577982
0.445783
0.171958
0.316038
0.353503
0.591549
0.445783
0.337539
0.72549
1.4078
1.84364
5.94346
10.5683
3.79437
0.721429
5.08468
7.02101
6.55285
5.43503
0.37813
5.51439
12.2796
8.19137
1.03704
1.0113
0.440994
2.51705
0.538462
0.572139
0.367876
0.552239
0.364103
0.552239
0.364103
15.3148
6.67729
4.8284
3.87879
3.18182
1.75258
0.445767
1.21168
1.57746
1.43231
0.771226
0.769596
1.55505
0.853503
0.784314
0.372093
0.18254
0.316038
0.577982
0.591549
0.354633
0.266033
0.316038
0.577982
0.591549
0.261792
0.256532
0.308333
0.170635
0.476395
0.244656
2.37799
2.51184
0.575342
2.47853
0.495536
0.0025641
0.00261097
1.33333
0.00361011
7.12575
8.05714
5.43791
5.95506
6.8758
1.22222
2.3609
2.42105
2.09174
2.07627
2.40826
2.01717
2.14679
2.55046
2.35808
2.32743
3.90795
0.370242
12.1542
0.00294118
2.51117
2.32339
2.3318
2.42202
3.11658
0.150794
0.502024
1.10169
1.03419
0.781065
0.611111
0.611111
0.611111
0.611111
0.611111
0.574074
0.69375
1.19266
0.860465
0.525822
0.833333
7.41667
0.344086
0.547619
0.344743
2.46591
0.554878
1.40373
0.00362319
0.548193
0.00243902
5.68772
8.62048
2.57732
1.99153
5.47866
1.43284
1.59567
1.78862
1.85088
1.88053
1.88444
1.87611
1.87611
1.87611
1.87611
1.0177
1.06422
0.513889
0.337386
0.591549
0.591549
0.170635
0.266033
0.316038
0.577982
0.591549
0.261792
0.256532
0.308333
0.591549
0.445783
0.263658
0.256532
0.753968
4.4899
6.59459
12.6667
3.02421
8.49138
7.73632
5.13932
6.76987
2.36913
10.4021
18.1755
2.94025
0.342105
0.370732
0.383966
5.60697
0.395189
0.00259067
0.399123
0.399123
5.26774
11.5
4.54362
4.0916
2.24839
0.988652
0.630435
0.820755
0.792453
0.421958
1.51802
1.49356
1.03774
5.03571
17.7034
0.727941
0.966942
1.07317
0.873016
0.518868
1.07042
1.07042
0.676923
0.314815
0.521226
1.07042
0.69869
0.592593
0.890411
0.786982
0.708995
0.592593
0.690722
0.596244
0.520755
0.325472
0.177249
0.577982
0.591549
0.29443
0.266033
0.272059
0.591549
0.445783
0.263658
1.3963
14.3041
8.09804
6.25758
0.541219
0.689884
0.615385
1.06796
1.01852
0.314815
0.518868
0.518868
1.07042
1.07042
0.611825
0.5
11.2514
8.33333
0.364078
0.370732
0.623288
0.486486
2.64756
0.640845
0.346341
2.52273
0.572327
0.411765
12.7912
7.17308
6.3
2.16544
1.91099
0.509685
1.61733
1.99115
1.95575
0.285714
1.87611
1.87611
1.87611
1.87611
1.55752
1.06422
0.511521
0.263658
0.308789
0.306604
0.656566
0.596244
0.351145
0.177249
0.577982
0.591549
0.271394
0.256532
0.293651
0.591549
0.445783
0.263658
0.256532
3.84398
1.52967
4.77698
8.60733
6.13975
4.91667
1.90556
0.445767
0.916201
1.57746
1.43231
0.773585
0.5
1.70922
2.02429
2.05023
1.56546
7.54812
1.77241
1.47682
1.75194
2.54587
2.07798
4.03814
0.172881
2.53472
2.04211
2.22128
3.98515
3.28011
0.663636
0.522565
0.509434
1.3046
6.67576
0.715686
0.551069
0.751656
4.84977
4.01087
2.51515
0.526066
0.505556
2.07826
0.00381679
2.54493
0.364103
0.544118
23.2606
13.7286
7.58798
1.20809
1.8805
1.57746
2.33898
1.84874
2.42857
1.91597
2.04661
2.46789
8.05485
2.37915
6.39556
0.669856
0.0134228
0.462541
0.04
0.00711744
0.457143
0.486957
0.552239
0.364103
6.57752
5.13889
16.652
2.36577
2.19108
0.894602
0.771226
1.54587
1.57746
0.950725
0.754717
0.445767
9.43243
12.8294
10.5038
3.46377
0.4
2.37861
0.475806
1.88571
0.833766
0.889447
0.475309
2.34706
0.464435
10.2073
5.00809
2.47765
2.38065
0.958084
0.421958
1.4955
1.45781
1.22202
1.60563
0.832061
2.96081
6.29455
3.60816
4.49123
4.34545
2.2844
1.87402
1.15736
0.586797
0.566038
0.301587
1.04926
1.58
1.52866
0.729483
0.566038
0.54717
0.828829
0.879433
0.886525
0.676768
0.489083
1.98939
0.316038
0.322674
0.591549
1.65663
3.27358
2.36364
0.542373
0.511765
16.6505
8.48913
4.625
14.3699
4.15182
7.40594
1.29086
0.667568
0.52019
0.308201
0.866142
1.07042
1.61644
1.25397
0.549618
1.07798
1.07042
2.91645
9.69043
10.3106
11.3194
1.43
5.39186
0.00374532
0.00243902
0.162055
0.148325
10.8481
16.2611
5.47742
1.36842
1.18103
1.68254
1.87611
1.88053
1.88444
1.87611
1.74336
1.65217
1.87168
1.88444
1.87611
0.229592
1.07339
0.376068
0.302964
0.325472
0.316038
0.577982
0.591549
0.282443
0.261283
0.284615
0.634146
0.950355
0.145503
0.284615
0.591549
0.445783
0.263658
0.256532
3.02128
5.43894
13.373
8.32906
6.63087
6.77857
2.82143
2.67778
1.6943
0.456349
0.747031
0.736544
1.73
2.36691
2.89606
2.08075
17.2628
0.79562
0.67893
0.811189
1.16514
0.983051
0.959016
1.18519
1.09649
1.05263
1.08475
1.13761
1.10092
0.92623
1.05085
0.991525
1
1.09322
0.991453
1.85827
1.856
2.4042
0.514085
0.522565
1.07042
1.07042
0.787004
0.780142
1.01852
0.857143
0.780142
2.38967
0.552455
0.689394
0.343902
2.40625
0.380753
0.393939
0.380753
10.4493
4.77606
5.02201
5.5786
3.38395
2.80478
1.87797
1.6701
2.38053
0.563025
2.05023
1.86594
1.89498
1.61268
1.35569
2.11345
5.17623
0.322695
0.478049
2.60104
2.68619
0.364
0.157303
5.57047
6.7943
2.82701
3.26809
0.826196
0.773585
2.42807
0.769953
1.58216
1.53991
1.62376
1.51852
5.77399
2.88865
2.15802
3.17197
0.297561
0.368421
0.0808081
0.922581
0.393855
0.372951
0.00342466
5.74194
2.5481
2.52862
1.41277
0.773585
0.754717
1.51351
1.58216
0.384259
0.600306
2.02752
6.17544
0.115226
5.73741
0.666667
2.63137
2.36744
2.44289
4.81524
3.2013
3.04665
1.36228
1.10748
1.07042
0.665653
0.522565
2.21108
1.02703
1.01382
0.434679
0.364821
0.929078
0.929078
0.863057
2.07438
2.54257
1.66811
9.11024
5.36792
0.11413
5.88235
0.275758
0.36983
14.2416
4.08414
0.820755
1.20398
0.568075
0.580189
0.561321
0.862205
1.09859
0.883534
0.325397
0.542453
1.15152
1.26455
1.56604
3.64773
4.24561
3.24219
4.5
10.8202
1.08772
0.689441
0.266033
0.825472
0.00257069
2.51335
0.549505
0.364103
0.552239
0.364103
0.552239
0.364103
0.754098
0.00315457
0.451493
5.91007
7.25778
11.3558
5.88142
4.08427
2.11712
1.94495
2.1749
1.70522
2.07589
1.77397
2.11927
2.11927
2.11607
1.625
0.229814
0.746479
0.316901
0.287736
0.577982
0.543779
0.266033
0.325472
0.322674
0.591549
0.445783
0.263658
1.92755
0.478448
0.591549
0.445783
0.912114
0.312821
4.54301
6.30597
8.59146
5.20565
2.81439
0.836735
0.773585
0.775943
1.57798
1.31727
0.458995
0.754717
5.01606
8.85078
6.44291
0.423221
0.788889
0.861111
1.02632
1.62727
0.780645
1.05263
1.07895
1.13274
1.12281
1.13761
1.14679
1.13761
1.50459
0.934783
1.24771
1.13761
1.57798
1.38028
0.312169
1.07042
0.668693
0.566038
0.54717
1.02703
0.944206
0.566038
0.54717
2.69611
0.53527
4.09247
1.11429
0.00257732
0.161826
0.422053
0.705556
0.346341
0.914966
0.741176
2.44267
6.02214
7.30531
6.98696
5.33103
3.03286
0.380319
2.02193
1.75704
1.90041
1.80986
1.41549
1.73052
1.87063
1.42663
4.51064
0.289157
1.2957
7.98997
3.94245
0.501779
2.45739
0.51269
0.370757
0.355
4.01274
5.96109
4.78161
6.0963
3.28195
1.9011
0.754717
0.44709
1.51351
1.18412
0.773585
0.754717
2.49775
17.0599
10.2681
1.76997
0.371638
0.357868
0.511111
0.548193
0.195402
0.522989
4.71549
10.4644
6.02214
5.26437
1.19222
1.7377
2.02752
2.05963
1.60829
1.43919
1.99091
1.87611
7.97788
1.52899
1.87611
3.65487
1.57222
2.6
2.15966
2.35952
3.57018
9.20059
2.46523
2.97381
0.815972
0.948357
0.634783
0.522565
1.10798
1.07512
2.16863
0.521739
0.666667
0.713615
0.921986
2.08995
0.00793651
0.00243902
0.372483
0.372032
0.52439
0.0456621
2.48011
0.181416
1.21472
0.465347
8.04798
3.9944
5.32955
0.986667
0.663636
1.10329
0.893878
0.522565
1.08451
1.02521
0.425824
0.52019
0.522565
1.08451
1.29412
1.27917
0.691358
0.551724
0.736842
0.549505
0.266033
0.325472
0.146825
0.591549
0.445783
0.263658
0.256532
0.372483
0.591549
0.445783
0.263658
1.26366
0.0988593
8.77778
5.42617
5.62153
5.53716
5.75733
11.096
5.23962
5.45183
0.950331
1.70213
1.62963
1.95522
1.58214
1.75
2.17621
2.29817
0.430272
1.70833
2.05224
4.48413
0.334559
0.373171
0.435407
0.165289
0.105263
0.335793
0.190244
0.532164
6.65726
13.7821
7.29954
1.10741
0.985119
0.857909
2.29333
1.98788
0.939655
2.43349
0.755245
1.54587
9.11737
20.0816
0.533074
0.681967
0.885496
1.18487
1.13158
1.06195
1.08772
1.13761
0.982456
0.943089
1.0084
1.15789
1.21101
1
1.17431
1.21101
1.10092
1.13158
0.781065
2.0625
0.540541
0.467249
0.506787
0.592593
0.890411
0.382253
0.325472
0.316038
0.338415
0.591549
0.445783
0.263658
0.261283
0.17328
0.591549
2.36226
3.20708
3.13542
5.44737
4.34444
9.46552
5.16912
5.85666
6.46154
24.1087
24.9875
2
0.501629
0.464435
0.509259
0.864286
0.00263158
0.552239
0.364103
0.364103
0.373684
23.4123
6.26667
2.42254
2.56061
0.993939
0.764151
1.47297
0.457672
1.12324
1.0719
1.57746
4.49345
2.57552
3.98235
0.301724
0.37018
2.37714
0.423664
0.767606
0.55
6.31054
0.00369004
0.4375
10.3296
19.4779
0.833424
0.731261
1.63077
1.92202
2.04825
1.91923
1.83399
2.16667
2.43119
1.72201
2.27119
3.41525
11.5875
0.237778
2.18931
0.877155
0.228145
0.311721
0.256595
0.255981
0.741214
1.02703
1.07042
0.490566
1.15263
1.14554
0.819277
0.606383
1.26606
0.883534
0.409392
1.74408
3.48413
0.00641026
0.343902
4.17614
0.312715
0.370732
0.35
0.424658
0.430723
6.30994
7.35849
1.63369
6.9562
0.653951
0.566038
0.54717
0.954955
1.13874
1.74123
1.29483
1.90789
1.85903
1.87611
1.52212
1
0.672727
0.170635
0.453061
0.266033
0.316038
0.444
0.591549
0.445783
0.502262
0.921986
0.789809
0.340426
0.325472
0.316038
0.577982
0.166667
0.354633
1.44656
4.40437
4.53743
5.31788
8.62766
7.39224
3.03704
5.06148
2.36364
5.19262
4.78142
3.59559
1.69751
7.71721
1.57401
2.38428
9.60377
6.81953
0.174927
0.38191
0.0747664
3.55777
0.343396
0.370732
0.404444
0.399123
0.343902
4.85662
6.47575
6.64516
4.79402
2.13
0.653386
0.745283
0.965116
0.467033
2.13636
2.23377
2.19745
3.00168
4.97707
2.02273
0.591837
0.516667
0.83045
1.07627
1.11009
1.18349
1.0614
1.68584
0.706553
3.33898
1
0.163315
0.577982
0.591549
0.321739
0.266033
0.316038
0.577982
0.459227
0.356923
0.592593
0.702532
4.02683
0.437008
0.285036
0.316038
3.30963
4.2096
6.85656
2.97222
10.3287
5.66212
6.96522
5.41581
1.4081
0.878571
0.566038
2.28184
1.83137
7.57908
13.9407
7.47256
3.2027
1.04545
0.0381356
0.532189
0.407514
0.373171
0.493007
3.91693
6.33202
7.72727
5.68727
1.61881
0.776722
0.457672
1.57746
1.56338
1.03145
1.55869
2.35616
0.615385
0.541284
0.779221
0.629442
0.422642
0.18254
0.316038
0.577982
0.591549
0.395018
0.266033
0.316038
0.577982
0.921986
0.592593
0.316038
0.577982
0.591549
2.9446
4.4295
4.44952
5.66301
6.03846
13.4592
6.07273
5.01027
3.4625
1.82051
1.98084
1.83333
1.78676
2.13636
8.91284
1.77947
1.91797
1.84513
1.41875
1.81102
4.2069
0.281579
2.72032
2.3741
5
2.50439
0.514894
1.04202
0.891228
2.02447
0.514894
0.739394
0.91439
0.863946
1.30178
0.948276
1.25753
0.160221
2.73611
9.36436
0.484211
2.32584
0.482609
0.512545
0.430168
0.420455
7.75871
6.72587
9.37864
2.53712
1.57843
1.80426
1.87611
1.87611
1.87611
1.87611
8.11947
1.87611
1.87611
1.35563
1.56757
1.77982
0.89313
0.332344
0.293023
0.316038
0.577982
0.591549
0.29443
0.266033
0.170635
0.591549
0.445783
0.263658
0.256532
0.385906
1.91704
0.329032
0.00259067
2.01828
4.70321
17.212
13.4621
13.8276
2.08661
1.52863
1.51351
1.58216
1.23396
0.457672
0.764151
1.52752
2.22
3.65476
0.813415
1.9082
2.54023
1.91096
5.88286
2.44876
6.32673
3.16105
0.848649
2.59941
0.516279
0.549505
0.439689
5.41237
0.45122
0.0025641
0.531034
4.17109
6.508
7.46465
10.6515
2.29268
1.55714
0.769596
1.54587
1.57746
0.961877
0.773585
0.452381
4.15667
18.137
2.56646
0.329365
0.930233
0.54717
1.02703
1.07042
0.740741
0.566038
0.54717
1.02703
1.07042
2.22127
0.918919
0.757576
0.93617
0.416404
0.316038
0.372483
0.591549
0.445783
0.263658
0.280285
0.577982
0.591549
0.395018
0.171958
0.316038
0.577982
0.591549
0.282443
0.621359
4.27465
4.48138
6.41667
1.41103
3.25321
0.889632
0.40177
0.504608
0.513064
0.940171
1.07042
0.960699
0.314815
0.518868
1.07042
1.07042
0.673139
7.75917
19.5097
2.11045
0.370732
0.382353
0.376033
0.376033
0.264493
0.00243902
0.376033
12.5608
5.66058
3.14747
1.62362
1.60595
1.88053
1.88444
1.87611
1.87611
1.87611
1.87611
1.87611
1.87611
1.88053
1.14667
0.161376
0.34472
0.256532
0.353503
0.591549
0.445783
0.263658
0.270784
0.577982
0.591549
0.418868
0.266033
2.00943
0.601852
0.596244
0.4
0.325472
0.355392
4.88095
5.54138
4.05438
9.81908
4.6645
5.82374
4.35561
5.69416
5.64068
0.408385
1.48916
2.07563
1.96139
2.09483
2.26147
1.85714
1.97034
2.29358
1.53741
2
5.38356
0.507109
3.35
7.40067
0.16443
4.57339
2.15813
1.03286
0.555556
0.518868
1.07042
1.07042
0.784983
0.518868
0.533019
1.07798
1.07042
0.542328
0.0483871
0.00294985
1.27089
0.908163
0.974026
0.986842
0.545455
0.00320513
6.60227
0.354286
4.8
5.26129
8.0717
2.40639
1.61824
1.72109
1.55806
2.15139
2.43119
1.8254
2.04508
1.92193
1.63768
1.45272
0.659004
5.47534
0.56971
0.714286
3.33333
0.41349
0.370732
2.42815
0.446078
0.308475
11.7403
6.2971
2.86081
2.13333
1.72105
1.53521
0.457672
0.771226
0.779097
1.57746
1.58216
4.28117
11.8202
5.78445
0.00446429
0.004914
3.25746
0.421296
0.00243902
1.63043
0.00326797
3.05903
0.24
0.370732
6.58282
8.3011
5.86833
1.54516
1.94444
1.56881
1.59624
2.27333
1.80423
1.16726
2.42807
0.751174
2.79955
2.972
0.29972
2.26603
8.17207
6.88158
2.61097
2.4414
0.520101
0.814815
1.03286
1.44304
1.13433
0.826415
0.314815
0.509434
1.07798
1.07042
1.51724
1.90278
0.596154
0.402266
0.980114
7.48276
0.486842
0.00458716
0.0179487
2.48765
0.4375
7.89121
14.496
3.58974
1.11239
1.16923
0.656535
0.535211
0.547677
0.940171
1.07042
0.314815
0.575472
0.450472
0.947368
1.39597
5.80349
23.6339
2.98143
0.393103
0.990566
0.679012
1.50256
1.75134
0.420455
0.00355872
0.433594
0.572139
0.367876
8.47396
4.93091
5.67491
2.27749
1.1504
1.70635
2.07273
1.92035
1.86864
1.87611
1.87611
1.88053
1.88444
1.87611
1.87611
7.97788
1.06422
0.707006
0.254157
0.310056
0.591549
0.413655
0.502262
0.587302
0.921986
0.359223
0.266033
0.316038
0.420455
0.591549
0.146825
0.263658
0.299287
0.577982
2.30047
5.2707
7.43373
8.74742
13.1923
3.9875
3.94954
0.994318
0.773585
1.57746
1.58216
0.457672
0.588443
1.60284
2.21296
2.01449
21.2453
14.1264
0.548718
2.5375
1.5947
0.711475
0.923077
0.983051
1.11404
1.05932
1.14679
0.991525
1.14815
1.12281
1.17431
1.68807
1.89831
1.08911
0.31746
0.566038
0.583784
1.26437
1.69504
0.708738
0.522565
0.509434
0.940171
2.12676
0.793956
0.343902
2.55682
0.00561798
0.295455
0.370732
0.202247
0.296417
0.00318471
7.82278
6.29699
6.13235
2.49261
6.38585
1.91732
2.3653
1.92884
1.65038
1.72093
1.76871
2.03982
2.11155
1.84211
3.84322
0.00469484
0.370732
0.308219
0.00245098
0.372549
0.112903
0.015873
0.0632911
8.07266
7.2395
5.19858
2.60544
1.8895
0.501374
0.801865
1.50459
1.51852
0.987952
0.754717
3.17832
14.9006
7.00898
2.10638
0.369919
0.00243902
0.455
0.00243902
0.497268
0.664179
0.4625
0.399123
0.137931
20.3523
8.55779
6.04701
1.5381
0.972067
0.820755
0.811321
0.260714
2.05505
2.01835
1.87611
1.95575
1.88053
3.41333
0.00236407
2.88981
8.13702
0.334842
2.58374
1.98744
0.521327
0.518868
0.611111
4.34038
0.924051
0.995475
1.01852
0.746479
0.595745
1.07042
1.37773
2.56371
3.30844
0.00357143
6
0.00306748
0.355469
3.19421
0.347188
0.486631
2.96585
13.469
7.81679
1.34437
0.907563
1.15049
0.883534
0.518868
2.16392
0.701987
1.05046
0.668693
0.518868
0.509434
1.07798
1.56808
3.80357
3.88839
11.2617
2.1194
1.13158
0.496241
0.352632
0.577982
0.591549
0.337386
0.266033
0.647406
2.20545
0.321951
2.29917
0.534351
0.405172
0.402655
0.558282
0.0808081
9.82166
19.315
5.20359
3.06637
2.17273
1.84014
1.72619
1.75494
1.94615
6.51049
1.48161
1.81413
1.79505
1.77055
1.47163
0.988372
0.592
0.261072
0.320755
0.284615
0.591549
0.445783
0.263658
0.166667
0.393617
0.591549
1.42369
2.02
0.338346
2.34358
0.368421
0.343902
7.17031
6.37888
2.73358
2.27097
1.13103
1.57746
1.43231
2.41038
0.760465
1.47964
1.39759
3.37618
15.1139
1.89825
0.614458
0.832258
1.14679
1.11009
1.14679
1.08772
1.75688
0.723032
1.13158
1.13761
1.14679
1.18349
1.02752
0.996124
1.04825
1.14783
0.188988
0.95082
1.12281
0.460581
0.266033
0.325472
0.316038
0.577982
0.591549
0.282443
0.261283
0.284615
0.591549
3.24699
0.431907
0.521127
0.921986
0.37884
0.327791
1.09906
0.118056
2.47368
0.513889
0.4
2.5503
0.394872
0.445783
0.364103
7.25188
7.31364
9.4875
4.64015
6.90909
3.45405
1.97719
2.07798
1.88621
2.14559
2.09174
2.09746
14.1272
5.06291
0.45749
0.573265
0.418251
0.644128
2.81529
0.5311
9.40541
5.03374
5.00398
5.58804
7.94161
1.33333
0.773585
0.773585
0.768868
1.54587
0.901408
1.15823
0.807512
9.37089
14.6486
0.515625
0.422311
0.366925
3.59441
3.42647
4.36545
10.6709
12.4661
6.32258
4.16495
0.835088
1.49495
1.86441
2.05505
1.93578
1.87611
1.87611
1.87611
1.87611
1.80531
1.92202
0.43323
3.32895
3.09887
3.02279
2.72539
2.53165
2.22991
2.23214
6.71652
2.79442
2.88764
0.608924
1.02703
1.07042
0.609418
0.566038
0.54717
0.314815
0.963855
0.54717
1.11111
1.6713
2.57214
1.98266
0.379397
2.53509
0.551515
0.229508
0.00250627
0.354086
11.531
1.31899
3.82237
1.61493
1.25203
0.92827
0.566038
0.566038
0.54717
1.02703
0.314815
0.66482
0.558962
0.530713
1.18653
1.52212
1.17431
0.389474
0.270784
0.316038
0.577982
0.543779
0.171958
0.316038
0.322674
0.591549
0.445783
0.263658
0.256532
0.474359
0.591549
0.413655
0.325513
0.849315
11.8369
5.2127
6.77016
4.81818
6.70833
14.1333
1.47589
5.15951
3.52652
1.79268
1.73052
2.03704
1.4247
2.36842
2.03196
2.1627
0.397665
1.60727
2.0042
4.27444
0.198413
0.409574
0.347328
0.376033
0.157447
0.00321543
0.157025
0.103306
8.81863
18.5422
5.6412
2.33945
0.543333
0.658477
0.952055
0.929078
0.822368
1.13559
0.840764
0.709677
0.950355
0.921986
0.978723
1.29787
1.32624
0.242063
1.10405
6.11033
15.1205
3.57426
0.0884252
0.826667
1.08772
1.17431
1.08772
1.01754
1.08772
1.05263
0.982456
1.21101
1.17431
1.17431
1.10092
1.13761
1.20183
1.17431
3.57798
0.193362
2.59295
0.577982
0.445783
0.266033
0.316038
0.577982
0.591549
0.418868
0.266033
0.316038
0.577982
0.591549
0.29443
0.171958
0.272059
2.80986
3.73884
5.05882
3.20807
4.96109
2.89329
6.2554
6.42745
7.41553
6.71875
12.1209
6.35739
7.86333
3.63333
0.522989
0.370732
0.516667
0.393855
0.346341
0.212766
0.395652
0.0393013
25.2769
4.66984
6.4741
0.96
2.78992
1.48416
0.860526
0.895442
4.75459
1.31855
0.776722
0.769596
2.8985
3.78151
3.35548
4.37273
4.01376
1.03782
3.57798
3.29286
0.00252525
0.88785
0.347291
0.843575
0.402857
0.00380228
0.587097
0.587097
4.34468
11.8945
5.43056
1.20712
2.44628
1.10787
1.96226
1.65806
1.45578
1.97177
1.67052
1.66296
2.29358
1.76984
10.1642
0.55
0.237778
7.62687
3.51007
0.540074
1.08451
0.807175
0.52766
1.02532
0.989209
0.391534
0.621277
0.579882
1.01982
2.33548
0.1792
1.4328
6.51136
0.408088
0.173709
0.0225564
0.0225564
6.29368
9.46111
2.67302
1.656
0.790657
0.551724
1.9633
1.95413
2.09174
1.95575
8.0531
1.78571
1.87611
1.87611
1.62832
1.06422
0.656805
0.263658
0.591549
0.890411
0.618785
0.385057
0.338415
0.591549
0.445783
1.92518
0.253521
0.577982
0.591549
0.445783
0.266033
0.316038
0.577982
3.3662
4.00259
7.92487
5.78689
5.01923
6.5
6.53264
7.02564
10.2491
1.86667
2.41228
2.08803
1.80822
2.02767
1.95896
2.2193
2.42202
2.1055
2.3578
2.39269
1.55137
11.9868
0.245847
0.00288184
0.583893
0.470948
0.538462
0.572139
0.367876
0.364103
0.423664
11.1519
5.4129
5.35987
2.64045
0.456349
0.788599
1.54587
1.57746
1.43231
0.764151
1.40171
1.57746
11.0415
11.2167
0.733945
0.681481
0.794788
0.962025
1.06557
1
1.21101
7.58716
0.560647
1.09649
1.08772
1.01695
1.05263
1.02542
1.06195
1.07563
1.14679
1.28899
0.915751
1.21101
0.411215
0.325472
0.316038
0.447581
0.591549
5.86879
0.412639
0.453061
0.591549
0.445783
0.266033
0.316038
0.577982
0.591549
0.337386
0.266033
0.400943
6.30453
5.96231
2.79373
6.51012
4.42034
8.30854
10.0405
5.55743
12.8333
20.6059
6.87824
0.208333
0.393782
0.214724
0.342105
0.689498
0.4
0.00251889
0.357955
8.46392
2.84646
5.58804
2.37748
1.96341
0.763636
1.48673
2.41844
2.46809
1.04505
2.50354
0.967456
0.901408
0.879433
0.568528
0.325472
0.316038
0.577982
0.591549
0.28382
0.350158
0.872483
0.591549
2.0379
0.25814
0.263658
0.591549
0.476395
0.266033
0.316038
1.27134
3.668
8.42775
3.31301
4.92373
6.21333
6.28125
1.64516
23.3614
11.4426
1.05622
18.1184
1.76025
2
1.71138
1.78189
2.13761
1.76898
1.75093
2.14612
1.61967
1.33639
2.1753
13.4357
0.255422
2.18977
1.75714
3.51171
2.63568
6.09296
3.84615
1.86683
0.534826
1.04587
1.07512
0.594164
0.585106
1.01852
0.873016
0.309524
1.07798
1.07042
1.65343
1.82341
0.356784
2.85185
0.538168
1.12329
0.379888
0.709016
2.35938
0.107266
0.0835913
15.3221
2.09167
3.30645
2.03042
1.77869
1.67164
1.93284
1.52055
1.71825
1.59938
2.15254
1.68284
1.57353
6.41948
1.14176
0.404494
0.305882
0.311628
0.577982
0.445783
0.266033
0.325472
0.355769
0.57277
0.921986
0.39777
0.353503
0.170635
0.476395
0.263658
0.31829
0.577982
1.89437
4.95327
6.46899
5.09756
12.7479
2.2907
2.23179
1.725
1.49356
1.48261
0.768293
1.47964
1.53991
0.456349
5.87648
9.3724
0.758242
0.317848
2.44353
0.0753769
0.380753
0.0808081
3.93252
6.71654
7.72197
7.48558
6.22
2.55072
2.57971
0.42734
0.764151
1.44538
1.50704
1.51802
1.61033
1.16726
1
4.10993
6.45089
4.40138
4.47034
0.352313
0.291553
0.782918
0.551887
0.314815
1.07042
0.790614
0.522565
0.528302
1.05366
1.63014
1.21547
0.591981
3.15133
3.16791
0.558824
0.366925
2.53977
0.546798
0.364103
0.480978
2.58044
0.521127
5.42905
9.29195
7.4037
1.12963
1.40351
0.509434
0.306878
0.781481
1.21891
3.7788
1.50649
1.33333
0.632184
5.50472
13.4579
4.79863
0.579137
0.452941
2.39118
0.406593
0.704918
0.00303951
0.453061
0.365039
0.378667
4.7973
6.57752
0.844358
1.10976
2.13122
1.90308
1.87611
1.87611
1.87611
0.345714
1.69912
1.53623
1.88053
1.74222
1.07339
0.781065
0.311321
0.325472
0.316038
0.447581
0.591549
0.445783
0.263658
0.171958
0.577982
0.591549
0.337386
0.263658
0.591549
0.591549
0.282443
0.263658
3.50939
8.2968
7.5336
3.52026
6.95926
9.07143
11.9105
2.34946
2.56071
1.84615
0.6997
1.65299
2.2844
2.45614
2.13636
2.19545
2.46789
2.56422
10.0687
7.90102
2.49526
2.3211
1.24607
0.566038
0.54717
1.02703
1.07042
0.518868
0.558962
0.284392
1.06422
1.65248
1.26984
0.982759
0.217949
0.343902
2.53693
4.71053
0.320423
0.373171
6.84188
11.5486
5.12654
3.04348
1.84321
2.23504
1.76543
2.01931
1.94309
2.36986
1.6834
1.73134
2.03211
2.12397
0.997024
0.519878
2.43653
0.358268
0.376033
0.376033
0.0578512
0.343396
0.370732
5.18987
6.4251
6.43359
14.8365
2.61486
1.6092
0.794189
0.754717
1.51351
1.58216
1.18412
0.764151
4.33271
7.84407
10.0215
4.25148
0.679104
0.370732
9.06115
3.30864
0.370732
5.75177
11.2894
7.27523
4.51316
4.49438
2.40816
0.852941
0.820755
2.45637
1.48673
1.57746
1.23774
0.614387
3.77049
1.54762
0.328173
10.2205
0.321212
1.98133
1.94309
1.30754
0.396262
0.55144
0.596244
1.20175
0.17328
0.698413
0.591549
0.591549
0.596244
0.591549
0.591549
0.629108
1.12281
1.50459
0.910345
1.51174
3.41689
0.543726
9.11143
4.1627
0.005
0.00952381
7.32143
6.17054
5.32423
2.2707
1.50307
1.20312
1.07042
0.313492
0.522565
0.518868
1.07042
1.07042
0.683077
0.518868
0.537736
7.93119
15.5564
8.62333
0.170799
0.0364964
0.343902
0.00347222
0.379167
0.379167
0.379167
0.379167
7.89197
6.87132
5.57966
0.606509
0.39909
0.640625
0.530612
0.669014
0.172235
0.742297
0.57072
1.02536
0.944984
0.578261
0.673709
0.650407
0.932624
0.632
0.923345
0.938628
1.07895
0.656716
0.311321
0.316038
0.170635
0.591549
0.445783
0.263658
0.280285
0.577982
0.591549
0.395018
0.266033
0.316038
0.577982
0.591549
0.282443
0.169312
2.19103
4.36898
5.48123
4.43017
3.42614
0.430419
0.762238
0.788599
1.57746
1.48261
0.903315
0.771971
0.856423
10.2918
15.8846
0.348214
0.983051
1.01639
1.08772
0.205026
0.779874
1.01695
1.07563
1.06422
1.12281
1.08772
1.08772
1.17431
1.10092
1.21101
1.02326
1.83486
1.55085
0.764331
0.587302
0.422642
0.325472
2.01297
0.393617
0.591549
0.445783
0.263658
0.289786
0.577982
0.591549
0.373737
0.266033
0.316038
0.577982
1.98122
0.577857
0.36246
0.398458
1.82388
0.561224
0.0025641
0.425287
0.552239
0.364103
0.552239
5.57692
6.70943
10.8684
4.13064
1.38488
1.5848
1.60067
7.26199
2.11864
2.04348
2.55251
2.11009
1.71429
2.58716
2.59633
4.02752
0.568528
0.393316
0.634615
0.422764
0.00421941
0.0026178
0.468354
0.528846
15.1094
6.67007
3.29714
2.60156
1.11986
1.48416
1.47685
3.55
1.57339
1.33469
0.779097
2.09906
14.471
6.80168
3.59426
0.562814
0.544987
3.91135
0.388747
0.962963
10.4549
0.570093
0.00263852
0.5
3.86957
6.73469
12.5684
2.83191
2.952
1.11917
1.5942
1.95413
1.83182
1.71654
1.88596
2.07273
1.87611
1.87611
1.88053
14.5467
0.27095
2.55224
4.71649
0.560694
2.62629
0.776596
1.03756
1.70213
1.17766
0.586797
0.566038
0.582447
1.07042
0.879518
2.14133
0.678571
0.842975
0.00243902
2.54261
0.992188
0.400881
0.370732
0.3125
5.94638
0.594771
0.00243902
6.44403
4.01325
5.77055
10.1691
1.50318
0.761246
0.551887
1.03211
1.26984
0.983051
1.02703
1.07042
0.830189
0.566038
2.24882
2.41441
4.77612
0.401372
0.677419
0.373737
0.308789
0.316038
0.577982
0.591549
0.373737
0.171958
0.316038
0.577982
1.58216
1.39078
0.310044
2.37322
0.40991
6.61885
3.84286
4.36014
7.06615
5.63605
6.31174
6.22043
1.97368
1.45045
2.01382
1.97581
1.86806
2.14865
1.62182
1.57576
1.76408
2.06167
3.36986
0.232558
0.414835
0.00340136
0.385
0.431624
0.578035
0.536785
0.16129
4.65944
10.3588
4.72165
4.32168
1.77604
3.62632
1.58559
1.9027
1.81461
2.32877
1.04473
0.779097
2.63561
7.28384
5.96104
0.474522
0.596273
0.816901
1.01271
0.949153
1.14679
1.64474
0.720721
1.03361
7.49123
0.850394
1.05085
0.991525
1.0614
1.13158
1.51852
0.942029
2.14815
1.97458
0.92437
1.07042
0.960699
0.283019
0.890411
0.614213
0.419453
0.18254
0.316038
0.577982
0.591549
0.29443
0.266033
0.477941
1.4661
0.00243902
0.19
0.343396
6.66935
11.5482
6.19134
16.7121
3.4069
1.60847
19.7882
1.03644
1.16623
1.87866
1.47632
4.86239
20.1162
5.05864
1.21333
0.440625
0.415525
1.0177
0.367876
0.165563
1.08696
6.08163
5.75261
2.47416
3.65231
6.43302
0.865435
1.58216
1.40773
0.792453
1.51852
1.30159
0.773585
3.5342
6.14611
3.50831
4.64919
3.79545
2.2342
0.00421941
0.37561
0.505051
0.396067
0.107843
9.75
0.379679
0.370732
11.0916
4.66441
7.1791
10.3957
2.18662
1.40573
1.65421
1.9398
1.64067
0.228316
1.9246
1.55516
1.57194
2.26695
5.36239
0.234513
2.29412
2.24101
2.46798
3.9618
2.88318
0.474517
0.609091
0.591549
0.647887
0.610329
0.577465
0.891892
1.15596
0.201058
1.5
1.74453
0.690852
0.522565
0.509434
2.32879
0.637532
3.5813
0.530516
0.126289
0.00719424
0.411765
0.397906
0.50365
0.417582
23.2811
5.25157
3.92056
2.11538
0.941176
0.54717
0.765734
1.07042
0.314815
0.566038
0.490566
1.53623
1.87611
1.87611
1.87611
0.923077
0.819549
0.37
0.591549
0.445783
0.266033
2.03302
0.577982
0.591549
0.395018
0.266033
0.316038
0.712644
0.591549
0.321739
0.263658
0.591549
0.591549
1.25917
1.27648
7.20833
4.94424
6.24715
3.83387
13.0193
4.58214
7.65
4.78277
1.52542
1.45
2.04461
2.17431
2
2.29661
7.18077
1.58582
2.64679
1.86508
2.22018
7.37963
1.93617
0.608
2.82456
1.69231
0.501779
4.06667
31.4412
2.33813
0.951724
0.425414
0.546798
6.91026
5.44781
13.1033
2.58036
2.62143
1.67164
1.33469
0.779097
0.752358
1.00654
2.35616
6.60191
3.87874
7.79083
4.63333
2.22361
0.759717
0.869565
1.06838
0.99115
0.918699
1.09402
1.08772
1.12281
1.47706
0.907801
1.18349
1.02752
1.01681
1.09649
1.05263
1.05085
1.05263
1.11404
0.84
0.591549
1.95844
0.25576
0.261283
0.577982
0.591549
0.271394
0.256532
0.293651
0.591549
0.445783
0.239905
0.544118
0.921986
2.64563
0.325472
2.22995
5.93581
7.80392
5.76817
2.89404
1.08083
5.08537
6.25856
4.7116
4.46538
1.68858
7.42781
2.76981
0.337037
0.370732
0.548193
4.98353
0.453815
0.00257732
0.337037
0.337037
0.723577
0.470588
17.9536
2.31214
16.1429
1.30396
19.0375
2.90545
1.15344
1.57746
1.31727
0.460317
0.792453
1.33471
2.07831
3.12057
3.65663
4.41365
4.07819
9.40084
3.87121
0.560209
0.48179
1.35613
0.160428
0.413699
2.54094
0.424658
0.399123
2.47861
0.891156
0.381081
6.30882
6.96266
11.0468
4.16505
1.576
1.57962
1.74638
1.90041
1.84783
2.14679
2.19502
2.04681
2.38813
1.59633
2.01045
0.669255
0.00241546
4.2
4.65258
2.25439
6.01905
0.738255
0.571429
1.07042
0.960699
0.518868
0.509434
0.780142
1.07042
0.314815
0.518868
1.26606
1.20502
0.00478469
0.00243902
0.140625
0.0808081
0.0808081
0.827338
0.00259067
0.369004
0.0727273
4.19154
8.20202
2.0727
5.64085
3.97143
1.25797
1.97368
1.93578
1.86726
1.87611
1.87611
1.87611
1.87611
1.88053
1.88444
0.298469
0.718841
1.0084
0.947368
0.279597
0.266033
0.316038
0.577982
0.591549
0.418868
0.266033
0.316038
0.577982
3.88498
0.293651
0.266033
0.272059
0.591549
0.413655
1.30702
6.84112
14.6965
2.79048
12.2599
7.08118
4.96575
9.29444
1.5265
15.8913
9.0935
1.81387
7.94754
0.401786
0.00243902
0.395652
0.0744186
0.055814
0.00243902
6.00358
6.54183
5.13781
2.34228
1.00306
0.458995
0.754717
1.29134
1.57746
1.46725
0.773585
6.52712
7.78919
1.25526
1.30387
1.17742
0.826415
0.522565
0.309524
1.07798
1.07042
0.960699
0.518868
0.518868
0.924883
0.596244
0.962406
0.956522
0.679558
0.354497
0.171958
0.316038
0.577982
0.591549
0.282443
0.261283
0.284615
0.591549
0.445783
0.263658
0.256532
0.393617
3.87089
4.44094
3.63656
6.4
6.27239
2.43542
1.44737
5.28857
1.56494
1.53503
0.583554
0.537736
0.537736
1.91549
1.63121
1.33728
0.765125
10.305
11.917
6.57609
2.39286
0.443548
0.394872
0.45122
0.701031
0.39011
0.373684
0.28866
1.13351
8.16667
4.35676
2.2554
2.73333
0.81592
0.60219
0.457672
0.754717
1.51351
1.61033
1.33878
0.864387
1.07543
0.628726
0.537445
0.30411
0.166667
0.353503
0.591549
0.445783
0.263658
0.270784
0.577982
0.591549
0.418868
0.266033
0.316038
0.577982
4.84507
1.44355
0.662404
4.16794
6.66529
7.30263
6.71583
8.63859
0.942149
817
4.81899
2.52843
1.49839
2.22137
1.60593
1.64189
2.42991
6.50699
1.74377
2.03376
2.21186
2.1448
1.90336
5.43617
0.386905
0.370242
2.80112
5.44743
3.15123
2.43326
2.54902
0.866469
0.612821
0.923077
0.969027
0.310847
1.07798
0.956332
0.52019
0.513064
0.666667
2.25117
0.710106
0.00328947
2.2642
0.447581
0.00298507
0.379167
0.36983
0.565217
0.149321
0.36983
0.56875
6.33452
7.25
4.31412
0.944563
1.83898
1.66514
1.77483
0.353954
2.20628
1.85714
1.93249
1.8587
1.57586
1.97788
1.15929
0.380497
0.520161
0.543103
0.4
0.390845
0.591549
0.445783
0.171958
0.316038
0.577982
0.591549
0.271394
0.256532
0.293651
0.591549
0.445783
0.263658
0.890736
4.37143
0.453674
4.75281
7.41778
4.75
2.0731
1.63184
3.85849
2.15823
1.51852
0.79798
0.947522
1.54587
1.40773
6.23821
12.1394
2.2862
1.15038
0.408046
0.400881
5.71212
0.63125
0.0025
0.599057
0.117647
0.112903
14.6855
8.7437
3.39493
0.490196
0.446429
0.645161
0.894569
1.05556
1.75
2.35616
2.44681
0.444444
0.860526
1.57746
3.66466
2.73585
2.60542
3.24448
3.3442
3.62844
2.33482
2
0.587927
1.07042
0.676856
0.541063
0.929078
0.929078
0.834395
0.591549
0.591549
3.98592
1.0678
1.16814
0.643902
0.591549
0.615023
0.950355
0.832215
0.353774
0.272059
0.591549
0.445783
1.56176
7.60748
5.60392
0.559524
2.45455
0.40991
11.3346
11.9255
2.0462
1.53103
0.770968
0.627507
1.07042
0.863454
1.07042
1.03286
1.33333
1.07042
0.314815
0.566038
1.33726
12.422
16.85
2.18033
0.360434
1.03521
0.702532
3.66667
13.7368
0.466667
0.00243902
4.92216
5
8.39196
13.072
1.34731
1.45695
1.90678
1.94037
1.87556
1.89091
1.53623
1.87611
1.87611
1.87611
1.87611
1.87611
0.99115
1.05785
0.577982
0.591549
0.170635
0.266033
0.316038
0.577982
0.525346
0.506787
0.533654
0.921986
0.359223
0.266033
0.316038
0.372483
0.591549
3.251
0.757042
1.71576
5.92419
2.96014
5.40656
5.79643
11.2226
5.80952
2.18893
1.32258
1.57746
1.42795
0.692399
0.700428
1.98283
0.493197
1.5146
2.37946
16.0468
3.33793
0.216599
2.44444
0.731429
0.781609
1.11111
1.3578
1.15044
0.876712
0.729282
1.31176
1.56209
0.83908
0.515439
2.55292
1.02703
0.956332
0.956332
1.06103
1.59333
1.20812
0.928302
1.20401
0.186441
2.40608
0.526066
0.0025641
0.0026738
0.0391645
0.825843
0.360614
0.370079
6.44519
7.375
7.196
6.17769
1.8179
2.06639
2.20183
2.55046
8.84404
1.89869
1.84836
2.04505
1.90146
2.10156
1.95082
3.28767
0.37931
0.433594
0.364103
0.364103
0.921933
0.672489
2.38235
0.365979
0.447581
8.42817
0.58805
4.73077
4.9481
2.08464
1.19557
1.54128
1.31727
0.603774
0.219577
1.6
1.35461
1.32624
1.32624
8.1455
18.1093
2.70847
2.92308
0.360614
0.516279
0.467742
0.509174
5.37824
0.417293
0.0025641
8.14286
6.56299
6.49825
10.1232
2.89362
1.03155
0.779097
0.764151
1.54587
1.56338
2.12963
2.43972
6.7305
0.124542
0.281579
2.77867
3.36927
2.66575
0.594872
1.02703
1.01843
0.566038
0.556604
0.632948
1.07512
1.70213
4.86041
0.697674
0.926887
1.24547
2.41547
0.419355
0.343902
0.399123
0.393013
0.320423
0.51269
0.718519
0.34901
6.88186
20.649
7.37443
1.19178
1.25275
1.10329
0.613445
0.522565
0.509434
1.07798
4.39202
0.64
1.07407
1.23034
2.30496
4.86478
9.70548
2.30357
2.25517
0.538462
0.00243902
0.387234
0.602649
0.614865
0.370732
0.371429
0.370732
0.347328
5.61151
6.03731
2.58291
0.789062
1.53465
2.08333
2.01695
2.10656
2.1422
2.11574
2.46789
1.49045
1.87302
1.58696
1.68636
6.98222
0.431641
0.313817
0.323944
0.316038
0.577982
0.591549
0.307479
0.266033
0.316038
0.577982
0.445783
0.266033
0.199735
1.69399
0.00271003
5.80802
5.77607
4.96364
9.55594
3.33119
1.92113
1.10438
0.773585
0.754717
1.51351
1.54587
1.35622
0.457672
12.4421
4.98759
4.99074
0.642336
0.806667
1.05042
1.08772
1.05263
0.959016
1.09211
1.15349
1.04065
1.17431
1.10092
1.10092
1.14679
1.22018
1.17431
1.12281
1.3578
1.91803
0.817164
1.10329
0.313492
0.522565
0.509434
1.07798
1.07042
0.842912
0.523585
0.252358
0.713514
0.929078
4.32965
2.25628
0.0363636
0.343902
0.368421
0.359694
0.380753
0.235443
4.1732
5.25589
3.30892
2.84706
3.38365
1.91336
0.356715
2.34101
1.83103
1.62338
1.7619
1.66045
1.76056
9.1055
0.466667
0.370732
0.522989
0.350649
0.393855
0.242574
0.183824
0.743421
34.1626
7.6171
5.37459
2.70805
2.11747
1.78947
1.51613
0.773585
2.4375
0.803922
1.58216
1.97425
7.26274
15.8735
2.22796
0.409091
0.386768
0.21875
0.744681
0.435583
0.0538462
0.845161
0.0108108
0.392765
3.66408
4.72455
1.18862
1.66192
1.61314
1.85088
1.87611
1.88053
1.88444
1.87611
1.56195
1.41196
1.95299
1.87611
1.9646
2.90444
0.344051
0.497326
2.6175
2.4425
2.07219
0.744898
0.522565
0.509434
1.07798
1.07042
0.897959
0.518868
0.518868
1.07042
4.34507
1.33954
2.21075
0.226804
0.00276243
2.31698
1.04651
0.44375
0.425287
0.529915
0.494253
6.55512
7.09091
6.548
3.53873
0.438776
0.975207
0.920168
1.07042
0.883534
0.566038
0.54717
1.02703
1.07042
0.637681
2.22995
1.16274
0.321656
0.567986
0.606481
0.591549
0.411552
0.325472
0.316038
0.577982
0.591549
0.261792
0.166667
0.308333
0.591549
0.445783
0.263658
0.256532
1.802
3.49231
5.03806
1.51724
10.5955
0.471429
0.528701
2.67085
0.560606
0.375661
12.4007
4.34653
4.55556
1.6806
1.77778
2.13636
2.49099
2.51376
1.99145
2.06522
1.97436
1.88
0.433442
1.90789
1.33493
2.58446
2.44816
0.430939
0.560606
0.552239
0.364103
0.552239
0.364103
0.433071
0.364103
7.4689
6.28958
12.1068
1.91525
2
2.11656
2.25974
1.0347
0.773585
0.773585
1.57746
1.54233
7.70578
5.40936
0.673203
0.725694
0.764706
0.137566
0.844203
0.97561
1.14679
1.12281
1.56881
0.742515
1.05085
1.08772
1.14679
1.21101
1.17431
1.17431
1.17431
1.72477
1.92982
0.791667
1.01852
1.01852
0.309524
1.07798
1.07042
0.613445
0.52019
0.550369
1.07042
1.5
1.28571
11.3509
5.70307
4.08937
5.88657
6.41129
9.78
7.58367
5.51389
0.714777
1.72403
1.95556
1.70677
1.88276
1.36728
2.31441
1.9917
2.38073
0.468254
1.9262
4.95708
0.458333
0.00793651
3.05629
16.4375
0.299296
0.0025
0.39738
2.62654
0.133005
4.55254
6.7686
5.65052
0.933036
2.55147
0.730932
1.57746
1.57746
1.26792
1.12759
1.57746
1.31727
1.42593
5.94763
9.24837
3.75519
2.15774
0.218978
0.389744
0.115942
0.399123
0.399123
0.297386
1.62348
9.78107
6.40234
5.14921
0.870769
1.41479
2.05505
8.58257
1.35279
2.05858
1.92446
1.95082
2.07627
2.2314
1.88703
4.0754
0.355658
2.27434
1.00238
2.17797
4.2
4.65258
2.26754
0.42885
2.16627
0.990991
2
1.22751
0.540741
0.522565
0.518868
1.07042
1.07042
0.985994
3.85849
0.863454
0.526012
0.36983
0.52907
0.371429
0.65
12.8491
6.43726
11.004
1.54783
0.199735
1.6791
1.95413
1.99083
2.05505
1.93578
1.87611
1.87611
1.66372
1.07339
0.707182
0.577982
0.591549
0.418868
0.266033
0.306604
0.169312
0.591549
0.321739
0.56338
0.591549
0.418868
0.280285
0.316038
0.577982
0.591549
0.29443
1.18409
1.3254
3.54397
5.45257
4.73315
5.36486
7.83612
5.09763
25.4396
1.98696
1.69728
1.87342
2.06
1.93886
2.00413
1.62376
8.5367
1.63433
2.24883
2.38073
3.56623
0.64
0.372549
0.361111
0.197861
0.30033
4.92927
0.40991
0.00243902
0.22807
0.532164
10.5
10.5243
10.2056
18.0789
2.71311
1.03385
1.57746
4.58734
5.38361
10.4875
0.330961
0.15873
0.839161
1.08772
0.857143
1.05932
1.05263
3.41284
0.3042
0.577982
0.357827
0.316038
0.444
0.57277
0.727273
0.603261
0.93617
0.353312
0.325472
0.316038
3.25
0.577982
0.484716
0.950119
2.37598
5.15974
2.80203
5.60351
10.7635
6.64368
7.02451
3.03828
9.70652
34.129
22.7687
3.81053
0.375
0.395887
0.5311
0.511848
0.462462
0.00273973
0.00261097
7.87029
1.15855
6.4845
3.57265
2.4055
1.07541
0.764151
1.57339
1.33469
0.458995
1.53241
2.19108
1.382
1.71066
3.98624
4.75
3.07018
1.09649
0.753012
0.58216
0.170635
0.266033
0.316038
0.577982
2.16197
1.64449
8.2
0.390845
0.364103
2.30966
0.406593
0.548822
2.67879
0.557214
0.393316
0.427481
8.04981
2.02738
3.14122
1.90873
1.82373
2.04918
2.60714
2.74312
2.32314
2.23182
2.33028
1.74138
2.24651
10.5505
2.98936
3.47525
2.18359
1.80653
0.582524
0.566038
0.563776
1.07042
0.879518
0.314815
0.635838
1.07042
0.960699
0.518868
0.896226
2.2943
0.346341
0.492228
0.94382
0.419162
0.545741
0.13617
0.343902
0.557789
19.3269
4.50279
5.73305
1.52925
1.01245
0.54717
1.02703
1.07042
0.314815
0.566038
0.521226
0.976526
1.9322
1.98673
2.08219
1.05785
0.772414
0.301887
0.577982
0.591549
0.337386
0.171958
0.316038
0.577982
0.543779
0.266033
0.316038
0.325581
0.890411
0.626866
0.29443
0.591549
0.476395
3.18646
3.46653
5.09302
4.46605
5.66783
4.51923
11.2425
5.20065
2.60211
1.75
1.39906
0.623003
2.46281
1.77622
1.67266
2.46364
6.76779
1.93015
5.22707
7.59375
0.283582
0.370732
0.365517
0.399123
0.389937
0.422156
0.338346
0.0172414
3.98972
14.5493
3.74928
3.07774
2.42373
0.820755
0.792453
0.967456
1.57746
0.433862
0.830189
1.61111
9.20975
8.99282
4.4329
1.55957
1.26437
0.705128
0.518868
0.509434
1.07798
1.07042
0.842912
0.523585
0.292328
1.41772
1.75385
1.1465
0.693122
0.57277
0.596774
0.591549
0.445783
0.263658
0.270784
0.577982
0.591549
0.418868
0.171958
0.316038
0.577982
0.591549
0.28382
0.488688
0.584211
0.653659
3.15639
4.92835
8.11892
6.30739
5.61579
2.05639
1.16746
0.666667
0.566038
0.54717
1.02703
4.44366
0.636605
0.558962
0.520885
1.38182
1.70213
6.43218
17.2452
1.76981
0.253659
0.388889
0.00243902
0.165992
0.462008
0.290735
0.00243902
0.370732
4.14109
6.42969
11.7879
4.5
1.68539
1.90678
1.94495
1.87611
1.88053
1.88444
1.87611
1.87611
1.87611
1.87611
1.69912
1.3913
1.06422
0.170635
0.266033
0.325472
0.322674
0.591549
0.445783
0.263658
0.261283
0.474359
0.591549
0.445783
0.263658
0.217033
0.577982
0.591549
0.298551
0.506787
4.80556
4.48358
5.94014
17.2314
6.33704
8.53738
5.52145
4.50843
1.75458
1.72881
0.329719
1.69072
1.74658
1.66923
2.27542
1.31722
2.02752
1.28115
1.94492
2.02083
3.79845
0.428205
11.2888
0.235683
2.58168
0.901734
3.05724
1.00885
0.944206
0.566038
0.54717
0.655689
1.07042
0.879518
0.56057
0.54717
4.65991
2.20098
0.390746
2.85088
0.389744
0.67561
2.64327
0.968504
0.401055
0.417293
6.3112
6.21951
14.1083
5.63265
3.79394
2.33772
1.59767
0.294335
2.13761
2.42105
1.90678
2.05217
1.78231
2.59174
2.18265
2.27778
5.18033
0.466102
0.388747
0.518519
0.00813008
0.330211
0.0161812
0.798561
11.6133
6.03623
5.79856
3.87419
2.23129
0.843188
0.754717
0.467033
1.51351
1.14676
0.773585
0.773585
9.16667
17.5673
2.20345
0.723647
5.19461
5.25926
5.43131
6.2809
5.97872
8.20205
1.98333
2.19868
2.27333
1.66341
0.950725
0.773585
0.754717
1.51351
6.61502
6.75988
9.2
0.674419
0.828571
1.02703
1.07042
0.740741
0.566038
0.54717
1.02703
1.07042
0.537897
2.18278
0.532258
0.868056
3.41828
0.00404858
2.66571
1.16216
0.524242
2.76562
0.400568
0.375661
3.41137
1.71277
0.830508
11.309
5.63518
5.98214
4.48013
2.44272
1.53247
1.68085
0.694006
0.509434
1.05046
1.07042
0.960699
0.523585
0.518868
1.07042
10.6479
13.1416
4.31231
0.241935
0.346437
2.45048
2.82963
2.80479
10.8776
3.40351
10.9638
7.49401
2.17325
0.974359
1.59783
2.10138
2.07273
1.95575
1.87611
1.87611
1.87611
7.88938
1.575
1.45778
1.21101
0.498113
0.316038
0.316038
0.844156
0.591549
0.337386
0.266033
0.316038
0.577982
0.591549
0.170635
0.266033
0.272059
0.591549
0.445783
0.263658
0.256532
2.78859
12.069
8.56215
11.1307
5.43321
11.2486
4.21033
5.98905
12.4286
4.33333
2.68182
2.2
11.9538
19.9191
2.40134
0.257908
0.847826
0.837545
1.08772
1.08772
1.45872
0.735849
1.09735
0.959016
1.14815
1.01695
1.08772
1.08475
1.50877
1.58772
0.80829
0.610329
0.308201
1.28652
1.58904
1.25397
0.609418
0.518868
0.509434
1.07798
1.07042
1.75067
6.2487
0.232558
1.88024
0.23038
0.568966
0.0031348
0.556886
0.302326
5.12963
6.79412
4.37463
1.33584
1.84106
2.12385
1.52448
0.597744
1.75261
2.25214
2.1422
1.98456
1.95851
5.44954
0.505051
0.408333
0.00429185
0.116162
0.433333
5.72195
0.339552
0.346341
0.302326
0.319298
0.424528
9.09288
5.43643
5.84502
3.05068
1.75135
0.99696
0.783019
1.51802
7.62057
1.51852
0.773585
0.759434
3.41872
2.64815
4.631
0.264516
0.38
0.175926
0.370732
0.704403
0.0154639
0.224242
7.4383
9.11299
15.7533
4.82707
2.30189
1.04792
1.59624
1.70647
2.28188
1.02236
1.51802
4.85211
1.8249
0.110204
0.245977
2.5756
0.570093
2.45297
2.41138
0.596206
0.518868
0.518868
1.03286
1.81538
1.64539
0.540741
0.314815
0.518868
1.07042
2.31455
0.00251889
2.32861
0.488987
0.541026
0.552239
0.364103
10.1568
0.969925
0.00268817
0.61326
0.566327
8.65306
1.48929
5.8556
0.607595
1.76744
0.618644
0.52019
0.565321
0.582447
1.67808
0.362637
0.66482
0.509434
0.767717
1.05946
8.26471
4.22133
11.5045
3.53169
4.12719
4.73394
1.57391
0.00311526
0.567568
0.52514
0.418868
0.487805
5.50962
1.46339
2.44128
1.75316
1.88618
1.92373
1.55932
1.50877
2.28947
2.00885
2.83333
2.00909
1.79365
2.12302
8.15138
0.58011
0.597143
0.287582
0.325472
0.316038
0.577982
0.591549
0.418868
0.266033
0.316038
0.577982
0.591549
0.170635
0.263658
0.591549
0.591549
0.29443
0.266033
2.09436
5.70073
10.5652
4.98344
2.76724
2.07317
0.848806
0.953488
1.58216
1.39056
1.51351
0.457672
0.775943
1.03493
1.51333
2.56881
1.49655
1.84836
2.18651
5.72477
11.1563
1.26371
0.389158
0.304284
0.657143
0.446165
0.306698
1.08772
1.36842
0.837662
7.20614
0.97561
0.949153
1.22034
1.82186
1.08673
1.08756
0.939914
0.522565
0.509434
1.07798
1.31892
1.65248
3.04416
0.54717
1.02703
2.3927
0.134021
0.380247
2.29118
0.311644
0.383966
0.380753
0.286164
0.476395
0.369919
6.04135
12.3897
6.76078
1.3129
0.995272
1.85085
1.98718
1.63636
1.41549
1.82792
1.97143
1.96983
2.3287
2.0119
0.575397
2.36078
0.372703
0.404444
0.399123
0.399123
0.403509
8.30585
0.420875
3.74202
6.0188
7.9112
4.38868
10.072
2.49242
0.796117
0.773585
0.764151
1.56881
1.56338
1.64286
2.43972
9.25836
13.2771
3.99219
0.320423
0.370732
0.714286
0.432024
0.441748
0.399123
0.945455
0.442006
5.62252
5.23529
3.20482
1.19484
1.77778
1.93578
1.9469
1.88053
1.88444
0.285714
1.67699
1.23304
2.05963
1.9447
3.24779
0.0027027
3.23765
2.63819
2.63568
8.1407
4.4513
0.322476
2.40509
1.01961
0.512821
0.518868
0.509434
4.27982
1.07798
0.673846
0.522565
0.551887
0.990991
1.69504
2.4779
2.02049
2.15385
8.77899
0.442308
0.344743
0.190244
0.532164
1.6407
0.298361
6.00714
5.31068
3.63333
1.76512
0.652291
0.504695
4.24541
1.02703
0.580902
0.503563
0.567089
1.07042
0.960699
1.07042
1.01878
1.21772
3.69737
0.555556
4.36885
3.75229
3.44954
1.13761
0.466667
0.301887
0.59633
3.21951
0.698925
2.63467
0.435407
5.29024
0.408072
0.00243902
0.619048
0.343902
0.587097
0.343902
0.663043
0.454301
11.9228
7.13043
6.33588
3.38127
4.32727
1.80496
1.42722
2.18349
2.51887
5.06425
1.32047
1.45531
1.87611
1.67742
1.98413
3.67834
0.87108
0.00243309
0.371638
1
0.424
0.291667
0.720497
0.49
0.601695
1.47742
0.389744
5.22727
17.1
3.96894
3.20866
2.69343
0.787654
1.19708
1.57746
1.43231
0.457672
0.747642
1.73632
12.4127
19.0385
0.332669
0.749164
0.984127
1.08772
1.05263
1.02542
1.0708
1.14035
1.15888
1.05263
1.13761
1.10092
1.10092
1.10092
1.14679
1.13761
1.01835
1.05263
1.05263
0.167989
0.577982
0.591549
0.418868
0.266033
0.316038
0.577982
0.591549
0.29443
0.266033
0.272059
0.591549
0.445783
0.170635
0.256532
0.368771
0.638498
1.86515
0.0025641
2.47429
0.518692
0.44
0.938272
0.406877
0.472574
4.95335
5.10769
2.39881
0.757895
1.46801
1.60465
2.21101
2.08716
1.80272
2.37445
2.06987
1.91176
1.83333
2.15023
13.8529
0.713287
0.518519
2.41471
0.411111
0.411765
0.4375
0.417293
0.464435
10.4737
7.58599
4.35325
15.483
2.9098
1.70297
0.801956
0.773585
0.766509
1.56881
1.61033
0.885154
2.45899
16.3322
0.708185
0.31058
0.00421941
0.388747
0.753425
0.389744
1.07643
0.634286
0.730539
0.403694
7.12632
6.49446
4.99324
3.21613
2.09886
1.49123
6.64925
1.65385
1.79661
1.87611
1.87611
1.87611
1.87611
1.87611
1.87611
1.88938
6.0186
2.97095
0.0025974
8.82449
0.00246914
1.10811
0.631579
2.25825
1.02703
1.07042
0.830189
0.566038
0.54717
1.02703
1.07042
1.04907
1.78954
0.637709
0.392265
2.31624
0.368421
0.461929
0.208122
0.399123
6.52258
4.86095
4.204
1.47176
1.22632
1.07042
3.08946
0.566038
0.54717
1.02703
1.07042
0.637681
0.566038
0.54717
0.981982
0.56872
0.513761
0.753247
0.167989
0.421053
0.325472
0.316038
0.353503
0.591549
0.445783
0.263658
0.270784
0.577982
0.591549
0.418868
0.171958
0.316038
0.577982
3.83333
0.403743
1.96537
4.15842
4.12945
19.7457
5.40157
14.9337
6.80339
3.17514
4.10638
4.93664
1.80451
1.86909
1.58219
1.59701
1.2967
1.85547
1.83333
2.15888
1.81557
4.45024
0.334559
0.370732
10.0522
0.376
0.441748
0.486842
0.390558
0.399123
4.95484
5.66438
1.27381
29.2457
4.76067
13.7029
2.54232
0.57
0.477551
1.09402
1.05085
1.08772
1.09649
1.13158
1.14679
1.17431
1.05042
1.22222
1.10092
1.13761
1.21101
1.17431
1.17431
1.17431
1.16514
0.192857
0.282776
0.294872
0.634146
0.950355
0.353312
0.272059
0.591549
0.445783
0.263658
0.256532
0.372483
0.591549
3.36345
0.260563
0.263658
0.591549
3.85211
3.68312
6.29851
6.34241
1.09722
4.41634
4.05455
7.16406
2.97571
6.86475
19.5248
13.9962
3.06464
0.416357
0.390746
1.6875
2.52266
0.390558
0.105263
0.105263
0.105263
1.68421
4.65289
5.33908
5.02899
1.61194
2.88687
1.51852
1.27381
0.926027
1.57339
1.33469
0.91924
3.46667
1.53846
0.459016
0.178571
0.551422
0.591549
0.271394
0.256532
0.308333
0.591549
0.445783
0.273159
0.256532
0.474359
1.83568
0.217391
0.393229
0.0987654
4.5812
6.36154
10.4644
3.52878
19.2237
7.34375
2.02778
2.29851
2.02963
1.85259
1.69065
1.88506
0.313407
1.66182
1.55162
1.95175
2.1841
5.81197
0.310811
0.339683
2.58911
1.01746
2.18345
2.07431
2.07219
2.07431
1.43602
0.534146
2.27435
0.990991
1.61644
1.11675
0.774648
0.509434
1.07798
1.07042
0.794224
1.37618
4.40925
3.04437
3.56735
0.983359
0.395349
0.544118
0.364103
8.67179
5
6.19444
2.77273
3.95506
2.39032
1.92963
0.629921
0.306878
1.02703
0.901408
1.57246
1.90351
1.9
1.97368
1.89545
1.80426
1.59292
1.0367
0.424437
0.28101
0.591743
3.29839
0.311321
0.316038
0.577982
0.872483
0.591549
0.261792
0.56338
0.591549
0.324638
0.325472
0.316038
0.577982
3.48712
2.17249
4.89222
1.89286
6.63492
6.85892
13.7541
3.74048
1.76344
0.927536
1.54054
1.61033
0.609254
0.728435
2.21101
9.10092
2.6
1.37063
1.44876
1.45994
2.59722
2.14222
2.08772
2.42661
6.24171
0.382716
0.377451
0.447154
0.384615
0.529617
2.95614
1.60215
0.403409
1.13924
15.8587
6.56154
6.4127
1.71204
0.769596
1.54587
1.57746
7.16781
1.6875
1.29134
1.57746
8.82533
17.8408
0.411565
1.02542
1.07407
1.02542
0.991228
1.12281
1.01695
1.10088
2.24651
1.64583
0.566038
0.566038
0.54717
0.263228
0.666667
0.858156
0.771084
0.596244
0.366048
0.325472
0.316038
0.577982
0.476395
0.256532
0.484848
0.643564
0.210165
0.266033
0.316038
0.322674
0.591549
0.445783
1.00831
3.85817
5.13333
1.21591
11.4917
7.639
3.13333
1.42236
1.31461
0.691824
0.314815
0.509434
8.7378
11.0893
4.52484
2.75783
5.43192
3.55649
0.54491
0.519512
0.509091
0.966443
12.1142
3.25
3.49282
5.34627
2.85859
1.89617
1.35632
0.460317
0.820755
0.835784
1.05164
1.63043
2.02655
1.88938
2.03556
6.00885
5.37553
0.834821
3.60177
0.482759
0.311321
0.325472
0.316038
0.577982
0.610329
1.86477
0.373171
9.91789
0.674074
0.00243902
0.00289017
5.7482
1.49558
4.60452
6.48062
1.45769
1.88043
2.15517
1.85115
1.83333
1.77132
2.28311
7.30952
1.49849
1.59177
2.16055
2.97674
0.206266
2.29464
3.87381
8.67552
0.345161
0.30814
0.235033
0.765734
0.513064
1.07798
1.07042
0.842912
0.314815
0.509434
1.17259
1.24309
1.15
1.1338
2.17131
0.00249377
3.66667
0.442006
0.355
2.65038
4.38123
4.74419
5.81818
0.890944
4.70404
1.25939
0.436782
0.985075
0.780738
1.20548
0.90625
0.875
0.834746
0.992519
6.04321
1.53933
0.878531
1.09649
0.289544
0.577982
0.591549
0.354633
0.266033
0.316038
0.577982
0.591549
0.261792
0.256532
0.170635
0.877934
3.15054
2.48813
1.06993
0.404011
6.12903
17.0906
5.78505
2.9368
1.28125
0.768868
1.54587
1.57746
1.00923
0.436508
1.51351
3.03991
5.5573
9.92123
10.9967
0.016129
0.37561
0.313793
0.535294
0.532164
0.368421
3.12178
8.29798
6.22692
4.96584
5.62658
7.92989
0.666667
0.871391
1.58216
1.40773
0.773585
0.754717
1.2
2.85849
1.65517
0.35082
0.286863
2.58911
2.58168
9.46535
1.48958
0.584383
0.509434
1.07798
1.07042
0.642229
0.546318
0.518868
4.36385
0.903361
0.995475
2.85185
0.460526
2.18586
0.507937
0.377005
0.511521
0.440476
0.47234
0.472222
8.50877
5.66525
2.06275
0.935841
0.511628
0.602041
0.983193
0.814815
0.518868
2.22877
0.858156
0.995633
0.889796
0.591029
4.88732
12.4597
1.83399
3.44015
0.860465
0.394872
0.389041
0.707006
0.672727
1.54098
0.00319489
0.672727
1.67532
3.66135
2.02532
3.7318
3.9692
3.07143
3.77316
2.03165
0.779097
0.773585
0.773585
1.57746
4.87089
0.797203
0.591981
0.569492
0.711656
0.459883
0.43617
0.337408
0.316038
0.577982
0.591549
0.271394
0.166667
0.293651
0.591549
0.445783
0.263658
0.256532
0.417293
0.591549
0.437751
0.299191
6.08219
11.8458
5.84286
5.94326
4.50719
3.77444
5.97232
16.268
7.50235
2.71986
1.21446
2.25769
2.25882
1.94954
2.30303
2.14783
2.61468
2.38559
8.53814
1.83607
5.24153
0.373206
0.252358
0.225263
0.127404
0.126492
0.129187
0.510417
1.70565
1
0.566038
0.558962
0.610028
1.07042
0.879518
0.532067
0.306878
0.862205
1.07042
0.919679
1.33538
0.00757576
0.371638
2.67155
0.397906
0.16
4.18571
0.00243902
0.335793
0.335793
3.70432
7.429
4.43011
2.78832
1.92578
1.98577
1.37243
2.28634
1.85169
2.02703
1.79795
2.17373
2.46789
2.07798
6.65299
4.70543
0.18797
2.5848
0.463918
0.370732
0.590909
0.413636
0.575949
0.312088
6.01014
5.25882
9.96644
2.89407
2.44056
2.43972
2.17197
0.870027
0.773585
0.754717
1.51351
1.58216
2.74802
5.26829
4.06149
0.431122
0.590909
0.00243902
0.855932
0.351621
0.674074
0.343066
0.694656
0.343902
0.640845
0.343902
7.92276
6.64706
7.15966
2.31633
2.12739
1.85989
0.457672
1.31818
0.820755
0.792453
1.48673
1.57746
1.49434
2.38265
3.53775
0.224576
0.334385
2.44524
2.44762
2.45346
2.56429
2.76269
1.07042
1.07042
0.616246
0.518868
1.07042
1.07042
0.616622
0.5
0.617021
1.50939
0.910714
3.3045
4.16244
0.113074
0.344743
0.0744186
0.0744186
0.0744186
5.62
6.9485
5.8705
4.85047
2.37037
1.05239
0.316138
1.23596
1.01852
0.537736
1.14554
0.991266
0.546318
0.537736
1.01205
1.07042
11.1135
14.9519
1.36842
0.370732
0.399123
0.00243902
0.554878
0.188679
0.103093
0.0808081
5.98382
4.28814
4.00732
2.30841
1.40625
1.52273
2.02294
1.41275
0.491497
1.65605
2.15351
2.21461
1.84426
1.63175
1.95021
1.44037
1.0614
0.356241
0.610329
0.591549
0.354633
0.521127
0.921986
4.31218
0.284264
0.325472
0.316038
0.577982
0.543779
0.266033
0.316038
0.322674
0.591549
1.15863
5.00761
4.29793
4.68895
4.58528
1.72277
1.60766
3.17378
1.85311
1.40948
1.40343
0.840855
0.752358
1.52252
7.1809
31.326
3.06689
0.637405
0.839844
0.538462
1.02881
1.7844
0.699708
1.05263
1.08772
1.08772
0.165344
1.11111
1.02632
0.983051
1.32203
0.986667
1.9187
1.13472
0.522565
0.851406
1.58904
1.46405
1.08416
1.10329
0.893878
0.314815
0.514151
1.05046
2.45775
0.00757576
0.00257069
0.585492
2.91228
0.383784
0.00278552
0.568123
0.12532
8.50309
1.6182
2.40625
1.94983
1.46335
1.86508
1.93119
1.46557
2.25911
2.11927
2.08772
2.51376
2.50917
0.479464
3.51316
0.0033557
0.454545
0.364103
0.464646
0.322695
2.09396
0.72549
7.96018
3.29665
3.5993
1.82133
10.5992
2.60618
1.26937
0.769596
1.33333
2.3
2.06369
1.93678
1.57746
1.2567
5.2441
16.0724
5.86364
0.191617
0.40274
0.402116
0.394872
0.364103
0.536585
0.57732
5.67537
4.94553
3.36559
3.33333
3.00439
2.66176
0.776722
0.456349
0.517815
1.56522
1.98165
2.01835
1.95413
1.87611
1.87611
3.93363
2.34624
2.7535
3.81151
2.09808
2.11853
1.6056
4.43571
1.03153
0.90566
0.54717
0.588235
1.07407
1.58
1.13433
0.808081
0.566038
2.7441
2.93808
4.07192
0.845238
2.43466
0.441748
0.682927
2.16225
0.319298
5.07419
7.74587
7.033
2.61157
1.87805
0.957198
0.321429
0.538084
1.09859
0.819277
0.651786
1.07042
0.883534
0.566038
0.54717
1.62914
2.51455
2.32698
3.20325
3.40179
3.77477
2.875
0.00581395
2.48688
2.21884
0.394444
0.318182
0.297386
0.399123
5.07668
9.804
7.49802
1.55597
0.387817
0.175292
0.521842
0.425926
0.423118
0.845857
2.37619
1.73129
1.49315
1.51712
1.26852
0.92126
0.272727
0.184066
0.550459
0.429119
0.325472
0.316038
0.577982
0.591549
0.551724
1.13535
0.00243902
0.382353
6.38023
5.87008
7.54955
10.9779
2.03399
6.63208
1.48276
0.99422
0.767606
0.731591
1.7967
2.44681
2.31546
6.88691
11.2362
0.592357
0.734266
0.859259
1.53509
0.806452
1.20183
1.0614
1.13761
0.162698
0.991525
1.10619
1.02564
1.01695
0.97479
1.07627
1.07339
1.14286
1.0339
1.10714
1
0.591549
0.307479
0.263658
0.31829
0.577982
0.591549
0.146825
0.266033
0.316038
0.59633
0.921986
0.647399
0.338384
0.293651
0.591549
0.445783
0.836105
0.00588235
0.00218341
6.05322
0.00348432
0.0808081
0.0808081
0.0808081
13.43
11.0336
5.11927
5.57432
1.30108
1.51169
1.87018
7.40078
1.77003
2.22477
1.71429
16.0275
0.218978
0.00294985
0.175439
0.575949
0.514124
0.436735
0.385787
0.00487805
12.3
5.35793
3.80882
1.32794
0.773585
0.773585
2.39976
1.54054
1.59155
1.83708
1.53991
5.80873
13.8225
8.90574
6.71429
0.450495
0.343902
0.0808081
0.0808081
0.0808081
0.384615
0.370732
0.346008
10.0921
5.14662
1.55556
1.59531
1.83871
2.20705
1.64925
2.09906
1.64626
1.75479
1.57367
2.00917
1.66071
8.96109
1.49024
2.79757
2.50488
2.48571
2.59057
2.58416
2.59057
2.33663
0.241458
1.02689
1.1028
0.960699
0.518868
0.5
0.682927
1.07042
0.960699
1.40247
1.60286
0.00363636
0.392265
2.46307
0.526066
0.373684
3
0.487342
0.536585
3.63529
5.609
6.05435
6.28854
10.249
1.84727
0.824742
0.54717
1.02703
1.07042
0.830189
0.566038
0.54717
1.02703
1.0892
0.246544
1.94495
1.10092
0.546341
0.37931
0.325472
0.316038
0.577982
0.591549
0.354633
0.266033
0.316038
0.577982
0.149471
0.266033
0.316038
0.308333
0.558685
0.890411
0.558376
1.06282
6.19403
0.0423453
7.72727
2.79231
0.00257069
0.472574
5.30645
13.7305
4.82937
4.37802
1.15702
1.02311
2.33051
1.99576
2.24312
2.22541
1.91197
1.91608
2.19444
0.392857
1.91852
4.17822
3.64789
0.363112
2.36413
0.551813
0.364103
0.364103
0.47234
0.460581
4.40771
10.474
1.48268
1.06494
0.754717
1.51351
1.58216
1.13916
0.801887
0.707547
0.929894
9.92236
12.1338
0.510135
0.58147
1.06051
5.08555
0.983051
1.08772
1.05263
1.08772
1.01695
1.08772
1.13274
1.13761
1.40367
0.969697
1.17431
1.17431
1.10092
1.11009
1.21101
0.992248
0.274074
0.341538
0.591549
3.26305
0.258741
0.31829
0.577982
0.591549
0.445783
0.266033
0.316038
0.577982
0.591549
0.307479
0.266033
1.93514
3.21875
7.93293
4.49024
7.13235
6.89549
8.55721
6.46183
6.91339
32.6649
12.5667
1.45098
0.554745
2.45455
0.404444
0.388112
0.389744
0.298507
0.003861
0.388889
0.722222
5.63973
0.987165
3.73377
2.1303
0.938005
0.820755
0.792453
1.48673
4.85211
0.874372
0.794811
1.81108
7.51951
16.0198
1.82687
0.00243902
0.367188
2.28125
0.106719
0.481481
0.435407
0.00243309
0.140684
4.29221
4.72593
14.3373
1.23848
1.91209
1.25131
2.21495
1.46405
2.48113
1.73016
1.38024
1.72
1.71918
2.46789
11.9197
4.16751
0.515152
2.511
2.44762
2.44524
2.44762
4.57619
0.956522
1.01852
0.650602
0.780142
1.07042
0.960699
0.518868
0.509434
1.07798
1.07042
0.553571
0.027027
4.4918
0.33829
0.370732
0.032967
0.0808081
0.0808081
0.370968
0.126316
5.22067
10.1178
2.17702
1.43087
0.597444
1.41333
1.87611
1.96018
1.88444
1.95575
1.87611
1.95575
1.87611
1.87611
1.76991
1.06422
0.765517
0.165344
0.353312
0.902778
0.764706
0.321739
0.327791
0.316038
0.577982
0.591549
0.321739
0.266033
0.316038
3.77982
0.470588
0.325472
0.316038
1.9939
3.93132
5.31068
5.57285
1.28704
8.82812
2.45574
1.21111
0.776722
0.779097
0.752358
4.67342
1.55656
0.543988
1.45687
1.557
1.48758
1.83784
2.32273
1.75397
1.63028
1.94982
2.14679
1.91667
6.5364
0.965356
0.625
0.351621
1.65404
0.202073
0.105263
0.105263
0.648148
0.401709
5.22293
5.3119
7.37276
1.95181
0.855392
1.48908
1.21887
1.54587
1.57746
0.99696
0.773585
2.93254
13.4778
0.393333
0.827815
0.97541
1.16102
8.27632
1.824
0.510689
1.02252
1.07042
0.960699
0.518868
0.518868
1.07042
0.56338
0.888889
0.559322
0.18254
0.325472
0.338235
0.591549
0.489083
0.325472
0.316038
0.577982
0.445783
0.266033
0.316038
0.353503
0.170635
0.453061
0.280285
1.4717
3.12591
6.60079
4.54144
11.0369
5.02254
0.225092
1.19149
1.12871
0.580902
0.522565
0.509434
1.07798
4.34272
4.21747
8.00183
6.55696
7.33837
1.07881
0.658824
0.00257069
1.70052
0.502283
0.417293
0.421053
0.433071
3.57364
6.21033
5.88333
2.71111
11.7132
2.79389
0.787654
1.45946
1.2874
0.779097
1.57746
1.58216
1.00304
0.42217
0.174603
0.56338
0.419453
0.325472
0.316038
0.568807
0.557789
0.506787
0.507937
0.577982
0.543779
0.266033
0.316038
0.170635
0.591549
0.445783
0.263658
0.847981
0.293436
3.38095
0.511628
0.384824
2.35511
0.466387
6.30491
0.672727
0.00255754
0.765517
0.361538
0.505376
5.90877
0.240741
7.6275
5.28956
4.75563
1.63481
2.18807
2.61611
2.05505
2.12288
1.8963
2.22936
2.49541
0.431973
2.13303
5.24735
1.44611
4.06832
0.240449
0.24826
4.26724
0.624294
1.07042
0.879518
0.494062
0.516432
0.316138
0.518868
0.518868
1.07042
1.07512
1.33913
1.53767
0.353234
2.58689
0.598684
0.156863
1.65736
0.65942
0.276596
0.276596
4.54829
2.97458
3.13008
3.35965
2.79518
1.97368
1.48551
2.01835
2.05505
1.93578
0.300265
1.64552
1.90308
1.87611
1.87611
1.88053
1.88444
1.16814
0.947368
0.458678
0.56338
0.449799
0.325472
0.316038
0.577982
3.87089
0.406593
0.525822
0.507937
0.577982
0.591549
0.271394
0.256532
0.293651
0.591549
0.696787
2.37533
0.904286
6.54348
7.51953
3.84358
9.09155
9.62115
1.61951
0.987805
0.904255
2.11268
2.08462
1.91165
2.09465
1.83051
2.55505
11.2396
9.35271
3.28328
0.171171
0.346341
0.0458333
0.0806452
8.55782
0.741935
0.439252
7.08197
9.62176
34.52
3.82079
2.21574
1.15182
1.57746
1.49356
0.801887
1.61111
1.61111
0.460317
3.46344
4.52866
5.94702
10.1808
0.308201
1.04587
1.07512
0.462006
0.559633
0.713514
0.929078
0.421725
0.325472
0.316038
0.417293
0.591549
0.445783
0.170635
0.239905
1.84511
0.003861
0.00243902
2.25526
0.42723
0.346341
2.32955
7.64783
7.04508
1.67347
7.2467
1.7322
0.97479
0.667683
1.07042
0.879518
0.56057
2.26297
3.39189
1.09091
0.930556
0.846154
5.7338
13.2419
1.46032
0.308642
0.370732
0.297386
0.309524
0.465649
0.0184697
0.357771
0.0808081
5.32911
7.6
3.75157
13.545
2.29747
2.7803
0.834606
0.773585
0.754717
1.0165
1.12973
1.70992
1.87288
0.274235
1.17699
1.08257
0.261792
0.263658
0.270784
0.474359
0.591549
0.445783
0.263658
0.31829
0.577982
0.591549
0.160053
0.472574
0.592593
0.890411
0.36246
0.325472
0.886792
2.20088
5.38438
10.8156
8.91457
5.89804
7.69963
6.42353
12.3214
2.83077
2.11407
1.36842
2.10959
1.73052
2.25114
1.64935
1.88849
11.7318
0.245977
2.55556
2.19037
3.58333
2.29439
0.677966
1.01695
1.06422
1.5678
1.9661
0.314815
0.566038
0.566038
0.54717
1.02703
1.07042
0.537897
0.537736
1.14573
4.28472
1.25403
1.92914
0.699029
2.54571
0.596059
0.394737
0.586207
0.504505
0.00257069
0.00302115
6.95798
4.97866
10.2355
0.334069
1.04911
2.10811
2.53211
2.42544
1.62105
2.14679
2.50459
2.02954
1.4433
1.99624
1.46789
1.17757
0.20662
3.73649
0.470588
0.325472
0.316038
0.577982
0.591549
0.445783
0.266033
0.316038
0.577982
0.591549
1.00554
0.218855
0.636364
0.371728
2.51282
6.80753
5.49664
4.75261
6.22581
8.37025
1.0347
0.773585
0.773585
0.764151
1.54128
1.48826
0.884097
8.31481
12.1191
9.6678
2.59706
6.39216
0.82716
0.0027248
0.444444
0.662069
3.33444
0.429487
6.65741
6.23636
7.00403
0.625
6.92079
1.67692
0.779097
0.456349
0.769596
1.54587
1.57746
1.39738
0.97006
15.4289
7.68025
0.351621
3.79126
0.729483
0.566038
0.563776
1.07042
3.749
0.509302
0.551069
0.765734
1.07042
0.815261
1.25111
2.81075
1.60573
0.638009
2.53409
15.3491
0.0070922
0.430079
0.379052
1.25157
6.12222
13.4541
4.78042
5.61508
1.97656
1.40373
0.504608
0.522565
0.551887
1.05046
0.314815
0.956332
0.522565
0.509434
1.07798
1.05164
8.48315
21.0691
4.95667
0.32549
0.406417
0.700855
0.00632911
0.399123
0.361111
0.00243902
0.146226
6.70204
6.5
9.22769
4.3783
1.24706
1.58772
1.49648
2.01835
1.78814
1.87611
1.87611
1.87611
1.87611
1.88053
1.88444
1.06838
6.0709
0.277778
0.501969
0.560669
0.418868
0.327791
0.316038
0.577982
0.591549
0.337386
0.266033
0.316038
0.577982
3.82258
0.261072
0.316038
0.322674
3.4507
3.64567
4.68662
8.95
5.24896
2.73333
1.67692
1.05466
0.771226
0.821853
1.57339
1.33469
0.457672
0.764151
9.3121
11.1557
0.0117647
1.784
1.74542
7.35572
2.91785
1.0431
0.748485
0.52019
0.565553
1.07042
0.956332
0.320106
0.516432
0.839858
1.07042
1.69432
1.49
2.38416
0.15748
0.343902
0.392241
0.366935
0.392241
0.0808081
3.13995
5.38944
6.05948
1.37654
1.28451
1.5
1.90311
1.65506
1.98253
2.18421
1.6886
1.84314
6.38356
1.40323
1.53614
4.42202
0.580645
0.00243902
0.671233
0.360614
1.78
1.47826
0.003367
2.74432
0.503546
15.319
9.03333
2.14377
2.30565
1.58252
1.50459
0.942529
0.773585
1.58216
1.57746
0.457672
3.5
9.2913
9.77059
0.165605
0.301471
0.482993
1.55556
0.462295
0.6
0.615721
3.28056
4.79765
8.43147
5.97681
1.32857
1.6803
1.90678
1.87611
1.87611
1.87611
1.87611
1.87611
1.88053
1.88444
4.5531
0.552632
3.20814
1.97954
4.47277
6.0814
2.60349
2.58416
2.28784
1.73157
0.728477
1.07042
0.938865
1.04587
1.07042
0.794224
0.518868
0.518868
1.07042
1.33803
4.782
2.29231
0.421788
2.47953
0.502222
0.00257732
0.0025641
0.555
0.466667
3.47907
5.27619
5.64211
5.98113
12.8834
1.22449
0.576826
1.07042
0.879518
0.522565
0.54717
0.725166
1.07042
11.492
12.5541
2.31458
0.424699
3.20739
9.82258
0.457364
0.0600522
0.21134
2.06477
0.453061
5.25342
0.741036
7.60274
6.676
1.00913
1.46758
1.81197
1.92661
1.31481
1.85271
2.6789
1.82569
7.0717
1.93773
2.11719
1.33761
0.792727
0.379661
0.316038
0.577982
0.591549
0.251834
0.502262
0.921986
0.457143
0.325472
2.01297
0.293651
0.591549
0.445783
0.263658
0.256532
0.417293
0.591549
3.6506
5.37629
3.52731
3.32927
1.21667
0.893557
1.47748
2.29333
1.58416
0.457672
1.57746
0.807407
0.548694
0.715986
2.08712
1.53425
3.98592
15.9938
2.35127
1.08527
1.0137
1.35849
1.22222
1.2459
1.08772
1.08772
1.12281
1.10092
1.09649
1.05263
1.01754
1.09322
1.16514
1.01695
1.05085
7.79358
1.71739
1.43796
0.649275
1.07042
0.938865
0.995475
1.01852
1.69504
1.07042
0.589812
0.518868
0.314815
3.59859
0.154799
0.565217
2.44571
0.425234
0.390746
0.22043
0.542056
0.00332226
8.70079
7.51136
3.84279
6.65248
1.52809
1.73016
2.0655
2.01376
2.03137
1.76527
1.91571
1.85211
1.97248
2.13223
2.98701
0.598684
0.346341
5.77919
0.931507
0.00273973
0.380753
0.370732
1.88037
0.343902
0.365462
7.54569
4.94942
5.2
6.3189
3.16988
1.83957
1.47414
0.498626
0.869565
1.61111
1.38095
0.811321
0.802439
15.1385
11.1034
3.0991
0.690323
0.385787
0.5
0.660131
1.2
0.412791
0.473958
0.563636
7.12174
9.78351
6.8625
4.05109
1.83942
1.57198
1.83475
1.88444
1.87611
1.84071
1.44326
1.0125
0.985437
0.200212
1.0437
3.6301
0.592179
2.9917
2.7124
2.44524
2.44762
1.01667
3.25077
2.63568
1.92965
0.80292
0.518868
0.518868
0.509434
0.986239
0.308201
0.763158
0.544987
0.537897
0.490566
3.06796
0.157576
0.00359712
0.486486
0.293548
0.328622
0.0833333
10.9286
5.09967
4.1051
8.31387
1.26019
1.08036
0.514085
0.52019
0.309524
1.05046
1.03286
1.58904
1.16402
0.820896
0.509434
0.827068
2.08216
3.90753
8.87361
3.02888
0.97166
0.643678
0.311321
0.316038
0.474359
0.591549
0.445783
0.648456
1.56259
0.348894
6.80912
0.00694444
0.526012
0.395745
6.16791
10.4583
13.7814
4.48338
6.01333
3.05179
2.19231
1.81579
1.82072
2.28311
1.70238
5.65396
1.8373
1.6958
1.77509
1.58844
2.17431
3.98214
2.10909
0.361111
0.343902
0.118483
0.0909091
0.352941
0.405405
5.02752
5.68953
11.5119
4.05079
2.92157
1.28235
0.779097
1.57746
1.57746
0.950147
1.292
0.458995
2.79913
5.41583
7.89736
0.104245
0.804124
1.6625
0.712251
1.13761
1.0678
1.06422
1.05085
1.15789
1.17431
1.17431
1.02752
0.877193
1.01695
1.10169
1.11712
1.05263
