5.53168
10.3856
22.1034
16.9901
16.5024
2.53769
1.72137
1.48148
1.44218
1.64925
0.33618
1.37024
1.24917
1.1375
1.40764
1.5873
1.57534
0.898305
8.67416
8.03114
7.8754
6
8.45055
12.4809
10.2213
14.5265
7.28881
6.03268
1.15584
1.50523
1.58397
1.48966
1.46154
1.48265
5.18824
1.275
1.28767
1.36478
1.48092
8.12081
15.0403
14.985
9.072
13.2047
9.15556
0.822718
6.99756
8.50781
10.7754
12.8984
7.58846
1.41611
2.40284
1.82937
3.1236
1.75862
1.92278
2
1.90378
2.17826
2.12644
5.96375
1.572
0.867925
0.743827
0.785714
0.888889
1.05085
0.991228
1.06195
1.02459
0.966102
1.14815
0.916031
1.08475
1.10092
1.17431
1.17431
1.17431
1.17431
3.38073
13.3238
13.9477
9.33945
7.3308
2.90638
2.13265
1.65705
0.449863
2.21543
2.78037
1.8018
2.13226
2.28571
1.36145
4.6139
24.5661
5.63763
1.15113
0.94081
1.33579
0.560694
0.766187
0.840391
1.11009
1.13248
0.748175
0.787313
0.799342
1.36316
1.05512
1.04545
0.464419
0.247321
2.76471
1.56693
1.49653
1.63197
1.99554
2.06542
1.45638
1.62698
1.43151
1.55396
1.53846
1.39456
1.52113
11.0115
10.75
10.8516
11.3029
7.57471
0.626077
6.67636
11.9535
6.73881
10.1
8.66434
0.389993
1.7758
2.03913
1.95604
1.74737
1.87279
1.85185
2.2567
1.33875
1.64368
3.27668
8.73418
4.24872
11.3099
14.9545
8.34074
13.6986
6.45417
7.63704
11.0199
4.50951
0.450397
1.93631
2.32601
2.90234
2.24497
2.56044
3.10222
2.80645
2.31379
29.069
14.2874
8.47547
13.9582
7.1512
8.99556
9.32444
12.8333
5.31628
8.5121
11.5385
10.0945
4.15459
1.05656
1.36066
0.604762
1.37966
2.06667
1.85992
1.86719
1.90347
1.67029
1.70833
1.54396
15.3411
23.7759
35.9702
2.3932
5.76393
1.17241
1.37324
1.28758
1.27891
1.46939
1.63077
1.46269
1.56338
1.51481
1.58451
7.77239
6.84282
13.7068
7.43974
4.59438
6.71246
11.4982
7.31727
3.88153
6.21725
1.804
2.09294
1.80678
1.73333
2.53304
0.285099
1.28188
1.16129
1.47619
1.73413
1.4306
1.53846
2.99603
3.42593
2.90252
1.23841
0.934783
0.873333
0.846154
1.08607
0.111111
0.767123
0.857143
0.834532
1.01639
0.918033
8.81746
5.10277
6.72862
15.8667
8.68246
9.18894
8.52915
6.59344
11.1366
0.610418
1.87869
1.12091
1.82759
2.56364
2.09251
1.99262
2.23932
1.05793
2.17949
2.15789
3.26364
7.33791
9.94779
4.48358
9.26066
7.85385
8.5356
7.14402
7.70238
7.03957
12.3439
4.81633
6.17857
2.51613
2.25246
3.09722
2.66807
2.14145
2.13806
1.69578
11.6087
3.07786
1.05118
1.14706
0.440789
0.88015
0.987013
1.12397
0.889831
0.888889
0.919492
0.924
2.22876
0.974026
0.676375
0.185877
0.792857
0.769531
0.663333
1.43396
3.73288
1.52536
1.57664
1.63846
1.40511
1.32787
0.788732
0.811847
1.14912
0.901639
1.08482
1.09465
0.949153
0.868217
0.945312
1.61045
8.21849
5.30233
10.2773
15.4596
10.1019
8.70567
7.82996
6.67308
1.65234
0.288018
1.51163
2.13866
1.64068
7.77043
9.95273
12.9891
24.9034
12.8047
10.5701
8.62205
14.4449
11.3367
5.85294
9.89447
3.54317
1.71026
9.85185
2.11429
2.60481
2.68333
2.20946
2.45556
3.32857
35.1905
7.30238
7.68571
11.1485
1.2603
7.15635
9.85043
14.8934
15.5694
6.06452
16.9206
2.44828
1.49333
1.28824
1.32095
5.66118
1.55019
1.45221
1.83984
2.65049
1.91532
1.82128
15.2008
25.5121
17
2.16098
0.938172
1.30058
2.01835
1.58696
8.71495
1.33798
1.36
1.49648
1.80645
1.33696
1.35583
8.71032
7.95149
11.7214
9.52212
6.39062
2.43137
3.81728
10.5194
15.8032
7.65399
9.95266
1.86415
1.25316
1.37329
1.36424
1.53191
1.48846
1.35314
6.42199
1.27241
1.29545
1.48333
1.2263
0.709559
0.95935
1.30556
1.02564
0.820144
1.06897
0.901639
0.990654
0.907801
1.17431
1.17431
1.18349
1.13761
1.02752
0.857143
0.96875
7.42982
0.823529
8.20902
8.1519
9.01754
7.30142
18.8745
13.0737
4.94488
3.87634
1.59603
1.54333
1.80822
2.43033
6.23411
1.98881
1.5993
2.03333
1.72549
12.6886
13.0782
11.5311
12.1774
7.98833
12.7201
13.8489
6.9375
10.1642
7.90972
7.43972
4.22527
7.52
2.27027
2.38908
2.34532
2.38267
2.52326
2.12862
8.7197
18.6334
5.33711
1.25417
0.887597
0.802013
1.47391
0.943396
0.9
0.704545
0.968127
0.704225
0.920635
0.989399
2
0.0809249
0.730769
1.0663
1.7037
0.90795
0.919463
1.06137
0.959016
0.868852
0.779412
1
0.959016
0.829457
0.948148
1.17431
1.17431
1.17431
1.17431
1.17431
1.21101
1.02752
6.31765
1.41667
6.5
9.14136
8.65161
8.12613
11.1448
6.34754
6.49658
7.11521
6.06325
16.7677
15.6102
7.05449
11.3056
7.8567
11.3568
11.2657
10.9103
13.8016
10.5224
4.52844
3.59459
2.95652
2.46639
2.11039
1.97931
6.31329
2.3609
2.08133
3
2.42523
0.802469
0.876923
1.20588
0.931727
0.920635
1.02542
0.934426
1.06542
0.902985
1.05085
1.17431
1.17431
1.17431
1.17431
1.17431
0.116402
0.7
0.776923
4.25
7.2699
8.05091
8.68924
8.35882
6.18889
8.37931
10.2687
8.27083
12.6549
2.51481
1.64769
1.83601
2.18487
2.18534
2.72727
1.5971
1.17867
1.60727
1.5697
1.86466
9.50739
5.10045
17.0152
29.3455
0.612466
0.677852
0.733333
0.822581
0.719424
1.42857
0.932432
0.968182
0.691358
0.650794
0.568116
0.66369
0.827068
1.05983
1.11009
0.602122
1.58403
15.9788
10.5067
5.60588
16.7174
17.1143
4.632
6.70833
8.5084
6.56803
21.4359
1.80505
2.36275
1.88845
1.72034
1.75794
1.30699
1.62416
1.69725
2.3301
1.10248
1.39789
1.50382
1.90404
0.672956
0.67931
0.762195
0.153571
0.954128
0.820896
1.05
1.00806
0.923729
0.879699
1.09322
1.17431
1.17431
1.17431
1.17431
1.17431
1.17431
1.17431
7.57339
10.4437
6.84868
10.5714
13.6379
15.7133
20.2216
10.3776
4.33143
13.4908
18.9625
8.52632
9.96154
6.21662
9.92384
10.3668
3.86992
8.64789
11.81
16.7621
4.27972
2.73134
2.25532
2.04225
1.96894
2.49254
2.41463
1.94937
2.06164
9.26948
15.6958
11.366
0.683983
1.32907
6.42123
1.48201
1.55714
1.3245
1.50694
1.47761
1.47651
1.75397
1.53175
0.914966
0.825623
0.893443
0.729537
0.780576
0.769759
0.918033
0.991597
1.03333
0.901639
0.157313
0.668622
1.03333
0.825397
0.902985
1.01695
0.983051
1.04918
4.81193
7.48473
6.16207
12.5618
7.08271
2.90446
1.33333
1.36607
1.62281
1.27143
2.0787
1.44928
1.5
1.62362
1.30063
1.55797
19.428
18.4222
15.498
3.876
5.91168
7.92105
6.19075
13.6265
11.0765
6.40878
8.84314
8.10233
2.30909
6.00938
0.949029
1.57895
1.5274
1.1963
1.02035
1.26163
1.83486
1.34256
2.42614
1.0066
0.92963
0.676558
1.1629
1.13744
0.792593
0.813433
0.80916
6.7617
0.711656
1.01639
0.852459
0.82963
1
1.03226
1.13158
1.17431
1.17431
2.76147
8.56954
9.07905
1.1826
8.9685
6.0852
3.72928
1.69188
2.09091
2.30597
2.10135
0.538265
1.60248
2.35266
4.44275
1.82707
1.72468
2.2616
1.49819
1.84859
1.61852
1.58675
1.68276
7.2
3.81599
28.6424
11.7643
1.27778
1.85921
1.20679
1.58306
2.08658
2.36778
1.50923
1.41724
1.61268
7.69444
8.53497
9.49593
10.512
10.4457
7.48173
1.22774
6.08642
16.5523
8.65809
1.63889
0.325254
1.67537
1.88421
1.87833
2.41494
1.89668
2.16667
2.2193
1.66894
2.06278
10.0279
12.6442
5.05882
11.7667
8.39552
11.3783
6.70648
10.3092
8.20968
7.88235
2.38721
7.32616
1.63529
1.89326
2.84167
2.73874
1.81443
1.6134
3.28322
23.7897
15.2241
11.7875
8.34914
9.31907
3.92908
15.9104
3.99228
5.92216
13.085
8.96875
6.39597
2.16667
2.42336
2.01399
1.78698
1.9026
1.83333
2.14744
8.88235
9.92692
9.1097
3.59917
3.27541
4.59919
2.15116
6.23256
1.28024
1.47222
1.5
1.69421
1.0858
1.37578
1.91228
1.45455
1.63043
2.16514
1.29098
0.654088
0.82963
1.01695
0.885246
0.868217
0.9375
0.145833
0.708861
3.40873
7.41641
6.07306
5.7316
6.43564
12.944
5.12073
11.2903
2
1.25763
1.19459
1.72619
1.53968
1.56209
2.00459
1.27044
0.262857
1.31928
2.25234
1.59921
14.0646
17.0029
9.18937
14.0686
9.4693
15.3333
9.28205
11.3651
5.24688
12.8617
0.220235
1.01199
1.4
1.35786
1.18902
1.36242
1.91031
1.55124
1.54362
1.59846
1.48846
2.39
1.26667
0.674825
0.909836
0.834615
0.893939
7.11062
0.893939
0.732026
0.868852
0.880597
1
0.888889
0.97166
0.864407
0.932271
0.929134
1.05932
0.957627
0.945312
7.75
8.02
1.62897
6.6339
9.35938
8.65385
3.9368
0.44324
2.23827
2.16013
2.27055
2.66238
1.61792
4.09013
2.1928
22.4434
1.08527
0.710714
0.744681
0.877323
1.04924
0.831224
0.904594
1
1.04032
0.8
1.01901
1.23585
1.85714
0.926471
0.762238
0.885932
0.926829
1.40417
1.53731
6.12238
1.28743
1.11728
1.3642
1.61905
1.55634
1.40157
1.34161
1.50725
1.65942
2.76271
7.69597
10.0564
13.15
9.46897
4.11875
8.03557
24
6.97241
8.04167
6.11986
2.80541
1.63636
1.67606
1.83275
1.60943
0.323363
2.02878
2.41063
1.89062
1.85145
2.03125
15.2948
38.7172
16.6552
9.28033
8.08017
11.3793
9.175
8.58369
3.996
2.32517
1.9557
2.13667
7.90672
2.4382
3.06306
2.38188
2.8481
10.5987
40.25
12.7546
6.97428
5.73925
9.41525
1.3318
10.9846
9.95625
13.4408
8.09343
8.52941
2.26885
1.83862
2.07547
2.25524
2.16912
1.73224
2.16058
1.24315
0.37415
1.51838
10.9725
16.6846
23.6018
8.93023
1.15426
1.30841
1.64925
1.59524
1.51049
1.63077
1.58955
1.56343
1.09353
0.784173
0.148571
0.867384
1.11468
2.63107
7.34634
2.49258
2.55088
8.72803
15.4203
1.70529
15.8313
9.88112
2.98276
1.81395
6.7491
1.69231
1.92469
1.77985
1.82128
1.38095
1.66438
2.10959
1.45667
1.58562
1.8089
3.39932
3.11429
10.0833
3.86853
4.99567
1.81992
1
0.852399
7.12195
9.24481
8.84591
6.8
8.47566
12.7937
16.5129
12.6961
12.3284
2.98765
1.90876
1.40972
1.93281
2.13415
1.25967
1.68864
0.467532
1.11807
2.116
1.97315
2.26754
0.516014
0.68254
0.711864
1.02542
0.878788
0.901639
1.06542
0.895522
1.05085
1.02752
1.07317
1.17431
1.17431
1.17431
7.39908
0.695652
8.35714
6.26667
7.27306
5.19461
10.0427
2.58503
2.16667
1.67147
1.91265
2
2.05758
2.47638
2.15141
4.78819
16.0674
9.78851
1.19178
0.677043
0.665722
1.01261
0.668693
0.789683
0.859259
0.854331
6.27037
1.25
0.772358
0.694444
0.867159
0.755396
1.0458
0.694737
0.726644
0.659443
1.65
1.53676
1.25301
1.30797
1.24405
1.60145
1.7619
1.63492
1.52113
0.248677
1.27215
1.42466
1.01049
9.5
7.1745
11.1633
0.843729
15.1837
8.43077
11.8629
17.7676
7.30147
4.98155
1.86957
3.20958
2.59389
1.92126
1.7372
2.212
1.47703
1.81349
1.83459
0.463294
1.82331
5.36571
3.57059
7.61594
8.24303
10.288
7.77289
12.3182
8.80335
8.98655
18.1398
5.75817
2.68136
2.92276
2.44178
2.42379
2.08247
1.87107
1.77019
6.20178
2.93043
23.8898
11.1345
2.91592
17.625
15.1185
9.92027
13
7.14041
9.78365
9.09396
1.79688
1.73835
2.97546
1.44025
1.54307
1.53814
1.73606
1.18263
1.68852
1.53472
1.40625
1.71865
16.1059
16.053
31.021
0.378986
2.19643
1.45775
1.44361
1.43448
1.6679
1.25325
1.25926
1.48951
1.65079
1.5471
0.77037
5.96043
10.6738
8.92015
7.59498
6.40187
8.63846
8.71942
8.83333
8.5414
11.1531
5.74031
1.23161
0.238095
1.2069
1.57194
1.696
1.45652
1.55782
1.80508
1.5
1.50685
1.72222
2.22222
2.41304
0.755906
0.886525
0.82397
1.08621
0.902985
0.153439
0.881356
0.82963
1.06349
1
0.888889
0.944882
1.08475
1.17431
1.17431
8.51376
7.22831
7
2.02068
6.73379
6.2006
9.424
13.6092
4.9697
1.14706
1.96875
2.12648
1.97143
1.76109
1.95798
1.81119
2.19672
1.68621
1.98828
8.27465
8.71756
7.37241
8.49606
6.64078
15.2653
14.7178
6.04938
10.1624
15.6286
7.36455
1.69828
1.99387
1.98684
1.74051
1.4799
2.27483
2.97391
2.68067
14.2311
22.6275
2.01038
0.894587
0.517084
1.54545
0.104439
1.06985
0.946565
0.848361
0.903346
1.10345
0.790984
0.918519
0.983333
0.794425
0.995536
0.759259
0.72963
0.6633
0.736842
0.920833
0.820896
0.816
0.74216
0.846975
0.672727
0.915663
6.63786
0.783217
0.857143
0.834532
1.01639
0.860656
0.955556
1.17431
1.40367
6.22936
10.9592
9.67857
12.4459
17.6889
10.9208
7.67816
10.9969
18.1319
19.1401
17.5
8.692
10.5748
10.9474
14.358
15.3158
6.23826
9.68421
10.3304
2.59917
1.84195
2.09191
1.9
2.39496
1.7931
2.19655
2.34307
7.78358
21.2138
12.4317
12.3333
10.1152
8.73684
7.42857
12.0415
12.6667
5.91333
8
8.18579
1.2439
1.31488
1.42182
2.103
1.11765
7.55906
2
1.92565
2.25431
2.12281
8.05147
21.9579
2.41964
14.9662
1.56357
1.14706
1.53472
1.48252
1.71642
0.321429
1.17726
1.24561
1.42177
1.92063
2.13004
1.26452
3.10204
7.7651
10.5603
7.97196
9.75701
7.31457
9.2
5.90753
10.6254
10.2115
2.21132
1.23398
1.25325
1.55634
1.61905
1.53623
1.47619
3.5411
7.15152
3.53378
1.08358
1.65328
1.01095
0.569832
0.904762
1.05932
0.824427
0.824427
0.95082
0.844444
1.03448
0.952756
1.07798
0.862963
1.02469
0.979079
0.904762
1.19626
0.754438
5.00302
1.27055
7.53462
6.31392
14.6901
5.61688
11.7273
7.11373
5.61413
7.01036
5.08936
4.447
2.50216
1.48043
1.86469
5.56024
2.66355
8.41702
8.99298
9.86147
10.8125
0.829849
9.67442
9.02066
7.92553
16.4449
9.85
12.75
4.87153
3.19283
2.09119
2.05178
7.08042
2.56507
1.94051
2.27796
2.7395
6.23
13.4092
17.5022
1.28111
1.01852
1.47222
0.807377
0.851064
0.961864
1.12727
1.43137
0.608955
77.6078
0.337313
0.878788
1.01639
0.852459
0.955556
1.17431
1.10092
1.13761
0.860656
0.844358
0.803571
0.764901
0.982533
0.868914
0.878788
4.22034
11.1387
12.7576
22.3203
8.27715
20.6527
1.66667
1.88618
1.38667
1.41045
5.17333
8.23454
16.2071
14.538
8.69828
4.44492
13.4407
13.0593
8.0068
12.1907
12.224
18.1796
2.45289
2.49104
2.34643
2.27333
2.74123
1.86513
1.7994
2.06601
1.99367
0.355159
0.681063
0.874494
0.774194
1.08297
0.830769
0.732824
0.791045
0.970833
0.832714
1.00787
1.17431
1.08257
1.18692
1.03333
0.932203
1.01786
0.895522
2.22881
11.4195
5.675
10.3105
12.2674
6.34589
20.9795
11.0963
7.472
1.55634
1.56716
2.316
1.63813
1.4491
2.32766
1.78601
8.34043
2.05579
2.22727
2.30085
9.67925
25.5165
25.76
1.07006
2.20319
1.64234
1.53185
1.60993
1.58362
2.23721
5.9653
1.66296
1.53425
2.08714
6.67893
8.01603
7.81017
9.13504
10.8292
6.58036
6.13565
10.0181
1.65423
3.1748
2.49254
1.82377
1.90789
1.68846
1.26377
1.30303
1.35955
2.89773
1.1875
1.45804
7.8008
1.48016
0.40678
0.678788
0.808271
1.17749
1.12281
1.17431
1.17431
1.06422
1.10092
0.870229
0.904167
0.826568
1.01639
1.18644
7.86239
1.60515
16.8265
12.1979
9.52863
8.63675
2.79757
2.11589
0.602273
2.82629
2.03165
2.31716
2.25763
2.55085
2.23899
3.05046
1.65867
2.42029
2.07803
3.58101
0.436813
2.07383
6.58125
4.98806
7.71691
7.54676
1.45575
6.44348
9.7
6.7585
12.4701
7.68067
10.0546
2.02
1.93103
1.86207
2.15769
1.80114
2.25
6.47712
1.63144
2.0931
24.5226
18.0444
2.06452
1.23565
1.47482
1.39643
1.36039
1.39855
1.38961
1.60821
1.56574
1.40705
1.74167
1.69615
0.914894
0.789855
0.820144
0.92562
0.166149
0.726027
0.865672
1.01639
0.991803
0.974576
1
1.01587
1.10092
1.24771
1.17431
1.17431
1.10092
1.13761
5.088
9.00725
17.4121
11.0053
9.19595
1.30868
1.4106
1.5814
1.94495
1.41045
1.58
1.77308
7.47479
1.05914
1.55333
1.87156
8.88561
12.9049
22.0987
6.79938
11.1189
5.58369
8.93233
4.58633
13.3824
12.1014
7.24126
1.19214
2.31148
1.46758
1.61852
2.54645
1.37367
1.34354
1.83182
2.05159
1.6566
1.72428
1.74477
1.33639
0.693333
5.82867
0.729927
0.834532
0.878049
0.857143
0.878788
0.959016
0.915254
0.948148
1.17431
1.17431
1.17431
1.17431
1.17431
1.17431
1.17431
1.17431
2.88073
5.59697
13.9028
5.22989
11.5592
9.68868
10.6052
8.14961
5.69128
2.56808
1.75801
1.60627
1.42816
1.84615
1.91797
2.15447
1.76265
0.539683
1.13318
8.18952
20.1057
22.8289
17.9492
0.86911
0.846491
1.4589
1.66418
1.59489
1.55714
1.60606
1.43077
0.292328
1.97458
1.50588
5.88961
8.94215
15.5525
11.4829
3.48126
7.81053
7.07784
6.72333
9.50971
0.976927
7.01754
2.09524
2.35102
1.90146
1.86861
1.8363
2.66818
1.36729
1.58442
0.275843
1.56369
2.45833
1.08197
3.46535
13.4976
8.35714
7.36426
1.39101
10.4479
16.1867
17.8864
6.91975
2.8898
2.17857
1.64398
2.90179
1.9625
2.26316
2.12893
3.0463
7.81923
10.466
14.3943
7.62694
4.17162
8.35075
8.19203
7.78707
14.3886
6.28352
4.68475
10.4667
12.3511
2.28467
5.67302
2.32014
2.18
2.40239
1.725
1.70115
2
2.1978
10.5617
40.9679
16.4475
9.11299
3.24713
0.231561
1.41176
2.17674
1.41096
1.48966
1.53846
1.5034
1.68254
1.46269
1.40397
4.84074
10.332
1.76339
15.7605
6.94379
5.81818
1.40828
9.8169
8.17411
8.3617
1.56604
1.42813
2.19725
1.52055
0.360248
1.54545
1.66901
2.16055
1.61847
1.13924
1.02098
1.77049
29.5287
14.2924
6.96992
21.8431
17.2607
8.20152
7.92661
8.91031
16.3061
5.56193
12.1908
1.29412
1.6875
1.47195
1.75847
1.98214
2.06557
1.54513
1.73188
5.9183
1.80085
1.68651
1.3029
1.05159
0.810997
1.04977
0.80597
0.910569
0.918033
0.862595
0.844961
0.611765
0.740072
0.991453
0.844444
1.06897
0.901639
1.06542
0.895522
1.05085
0.193122
7.14134
11.0167
6.68276
7.31636
14.7712
2.39649
2.0625
1.71084
1.86176
2.34286
2.30894
1.58824
1.64567
2.59512
2.44915
22.906
14.0036
5.4246
0.803922
4.13316
0.82
0.736842
0.858268
0.815686
0.833333
0.949807
1.63855
0.655431
0.881757
4.21622
1.43321
1.34194
1.50725
1.48551
1.31333
1.77068
1.6
1.46377
6
1.37931
1.55797
9.78027
13.0332
10.6468
1.5047
6.37202
8.17301
7.84861
15.8186
5.35733
8.73059
1.48837
1.95769
2.108
1.64815
2.51659
1.66545
2.12791
0.377232
1.58052
1.27515
1.29126
9.07278
9.71008
12.3504
13.2811
18.7321
10.539
12.7821
7.81724
6.86916
2.5935
2.25658
2.54579
2.15074
2.2622
8.67373
2.46099
2.98707
7.38679
15.5627
8.35714
15.8849
7.49667
5.18434
7.72509
11.9492
12.0939
6.89213
9.81746
15
0.89251
3.34545
1.7027
2.00704
1.92105
1.10897
1.20667
1.22393
1.05638
1.34323
1.35052
12.436
12.7992
10.289
22.7357
1.37421
1.29801
1.39355
1.76923
1.55085
1.41818
1.74074
1.20988
1.51049
1.6
1.43284
2.40476
11.9152
8.86008
6.91275
8.1875
4.03797
7.09449
16.0543
12.1023
7.33898
10.8386
1.6875
1.67803
0.311224
1.7
1.59924
1.15411
1.22647
1.70677
1.57282
1.69919
1.52113
1.53846
1.96599
2.60377
3.2803
10.2669
2.39669
0.862295
0.520833
1.20902
0.969697
0.804428
0.928
0.910569
2.67982
9.28395
11.0853
1.775
11.1182
10.9259
8.51737
13.6923
15.0599
11.2842
1.73145
3.54706
2.465
1.48039
1.3391
1.97569
7.9375
2.18519
1.85664
2.37815
1.94488
1.60738
0.512415
0.824561
1.06957
1.04505
0.839161
0.949153
0.868217
0.921875
1.10345
1.05263
1.32456
3.00654
2.57483
9.79679
7.27306
7.38658
12.7591
3.50725
2.17949
1.90645
1.78313
1.92857
1.93671
1.94444
2.11039
2.20149
13.2578
17.75
0.459302
1.01908
0.662791
2.07273
1.02294
0.955752
0.093318
1.40891
1.14498
0.787879
0.746269
0.782288
0.675373
0.653595
0.84058
0.898305
0.897436
0.707483
0.735849
1.10132
0.912134
0.824427
0.850394
0.893939
0.965517
0.870229
1.03448
0.918033
6.24016
0.661392
0.832714
0.958159
0.756458
0.903704
0.991803
0.949153
8.59921
8.50183
15.2522
4.49576
12.5417
7.17993
7.27759
1.9914
9.425
1.94035
4.20312
2.36704
2.28378
2.34728
1.73978
2.23237
9.52297
13.7273
8.97119
4.77778
10.9718
2.69031
6.27273
8.6875
6.24601
17.4151
2.50671
2.54023
2.46691
2.58475
2.07468
2.39855
1.47887
1.37255
1.66972
15.037
17.8441
6.87915
12.5088
13.8018
2.76389
3.37979
8.31897
14.1709
14.0719
8.63721
1.30595
1.51246
1.71084
2
1.48589
1.61798
1.7479
1.16514
1.62825
0.545759
1.92889
6.80071
14.7626
17.8906
15.8601
2.33486
1.69718
1.82051
1.47333
1.5873
1.40541
1.54545
1.57692
1.46154
6.49458
1.23636
2.08803
4.36641
9.05106
7.41892
13.7004
3.13131
10.5134
13.2739
9.27184
12.9
3.63441
1.88476
1.92126
1.48462
1.36709
1.66923
1.74603
1.78968
1.70711
1.30137
1.44667
1.46
1.18354
5.74161
0.796053
0.983607
1.07359
0.95082
0.918033
0.913386
0.918033
0.95082
0.95082
1.08475
1.18349
1.17431
1.17431
1.17431
1.17431
1.13761
1.00917
1.68443
14.4298
9.32407
6.34286
6.70139
5.82405
11.2958
7.45896
13.0474
1.2645
1.86622
1.8252
1.81071
1.81655
2.103
2.04297
0.321429
2.7037
1.43288
2.28794
9.01172
15.9202
8.88803
3.29006
8.27206
8.06738
6.51645
14.3559
7.66304
5.4202
0.575301
0.577143
0.66369
0.8
0.969697
0.853211
0.818815
1.03279
1.15837
0.984615
0.93578
5.68248
0.964286
1.1295
1.3814
0.793296
7.94771
16.3553
12.0846
0.590062
1.63636
1.92353
0.723333
1.85276
1.91011
1.8
0.829268
1.5896
1.43367
0.942966
0.95082
1.00781
0.943662
0.945946
0.855513
3.15625
0.404643
0.12963
0.778523
0.881356
0.820896
1.05
1.08065
1.18349
1.17431
1.17431
1.17431
1.17431
1.17431
1.17431
1.17431
1.40367
5.57798
6.83539
8.02795
6.03797
5.30556
4.93603
7.7048
7.86134
17.4917
10.3604
9.13063
7.87805
20.2211
9.56
4.025
7.0363
13.0125
1.33641
6.68805
6.56923
7.35556
10.1369
6.42966
4.86538
2.12333
2.04861
2.10131
2.16296
1.90506
2.08442
2.22711
9.41781
3.32646
4.37295
3.6129
4.02991
3.80756
3.11638
8.21612
22.4417
5.65746
7.08642
7.40067
7.80195
10.7379
6.24126
8.7839
9.45973
3.75115
2.8392
2.04082
6.84173
1.97417
2.18644
1.80755
2.55288
2.00709
2.31092
3.51389
3.02847
39.254
20.6685
5.17703
1.57915
1.5
0.526786
1.76071
2.03139
1.6338
1.65359
1.57325
2.06278
1.31366
1.37845
9.23166
15.2148
11.7479
15.9617
9.17871
1.62436
11.3895
7.6367
2.97521
1.69128
1.38732
1.30294
14.4046
1.52648
2.1073
1.6391
1.47842
1.61633
2.33175
0.938931
1.64898
0.932203
0.925926
0.849123
0.964912
1.03448
0.735294
0.802867
0.878431
0.888889
0.991597
7.01667
0.721805
0.707746
0.847584
1.03333
0.825397
0.962687
1.10092
6.97034
7.52652
6.70684
10.2713
10.75
6.46903
9.95726
16.1154
2.58759
1.81695
2.64286
1.74308
2.38767
1.40367
1.75875
2.42857
1.84016
1.65203
2.25
2.25296
9.10112
5.64877
9.43825
7.09779
7.23642
15.1043
6.86512
8.65254
13.3314
9.30769
2.45734
7.45
1.58571
2.94915
3.29167
3.01835
2.53077
2.51587
3.05072
20.338
7.98728
1.8631
0.611111
0.901316
0.732394
0.846429
0.904545
0.781145
0.963415
1.28251
1.73333
1.24545
0.840336
1.56061
13.2344
2.44286
1.60526
0.844262
1.1234
0.924
1.16055
1.14027
0.958678
0.904762
1
0.918033
1.01639
1.0566
0.856089
0.943089
0.92623
0.949153
0.948148
1.17431
1.17431
1.10092
0.95339
8.62673
6.41
15.6534
8.74009
7.82812
10.3558
5.55068
11.3866
12.4153
31.0308
13.3756
12.0517
14.131
1.81004
4.91235
18.0105
10
11.3623
9.77477
11.4945
2.6996
2.34084
2.87288
2.20168
1.6586
7.16783
2.50735
2.41154
2.2518
1.3694
0.818519
1
0.933086
0.949153
0.893443
0.875
0.90625
0.983051
0.84127
0.841727
0.885375
0.910569
0.868217
0.921875
0.965517
0.120536
0.685714
4.22807
6.6686
7.88446
8.25862
14.8036
9.5434
11.3614
9.52632
5.77974
1.91339
1.62132
9.66332
2.14474
2.33755
2
2.13734
2.97354
2.04435
1.65772
1.90987
9.91156
21.4566
14.2064
10.5091
5.85849
1.39245
1.18519
1.41935
1.59524
1.43046
1.58077
1.49655
1.84167
1.5942
1.65574
3.33103
12.4895
1.27765
6.94545
7.11224
9.06637
12.4179
11.7965
10.3214
6.82769
1.75714
1.94841
1.68354
0.355519
1.22062
1.44194
2.08712
1.89922
1.83755
2.00743
1.8871
0.968839
0.78777
0.771242
0.888889
1.00787
1.18349
1.17431
1.06422
1.20183
6.93534
0.732824
0.697531
0.972477
0.718266
0.949153
0.806202
0.828358
1.14167
3.57203
6.52924
7.61961
21.5882
9.76961
4.61988
2.14062
1.75691
2.20504
2.13356
2.38075
1.71733
3.09174
6.87676
16.8738
13.0275
17.5822
10.0885
15.3721
4.14286
17.1622
10
11.1011
3.11243
4.69884
4.07048
3.22273
6.83217
1.64286
2.65138
1.7485
1.78593
2.05629
2.25329
2.79817
3.99677
4.10131
3.37273
1.64286
8.25
3.73958
1.58635
1.64444
2.34513
1.65079
1.52518
1.46269
1.40411
6.24232
1.29114
1.69492
1.35802
8.05952
10.4796
7.36538
13.8719
3.44554
10.3813
9.97834
8.93333
11.2792
6.10078
1.79259
1.33793
1.39726
1.47015
1.47333
5.96241
1.53608
1.81707
1.57407
11.3433
13.4099
17.6762
18.4794
9.85944
12.9144
10.4299
10.4948
5.88328
7.80672
11.0198
10.988
1.07311
1.58446
1.3255
1.25879
1.58566
1.07606
1.53992
1.29836
1.74897
2.64865
1.27987
1.22727
0.755853
0.915385
1.06087
0.965517
0.121693
0.739726
1.10526
0.967742
0.918033
1
1.08411
1.01587
1.08257
1.15888
0.892857
1.10599
0.888889
1.50424
5.71557
11.2143
8.76818
8.14932
8.88106
19.2909
11.6786
3.23776
3.14091
1.92308
1.78682
1.86447
1.74231
1.68836
2.2898
2.1055
1.86722
1.74837
7.23774
4.14286
31.0741
2.29362
1.83333
1.56716
1.52941
1.57246
1.67424
1.75397
1.50794
1.44667
1.76
1.53676
1.30797
11.9843
26.0223
10.087
20.6823
11.4444
9.89916
13.5247
12.3279
0.342151
1.95076
1.76863
2.21484
1.33514
2.36596
2.44898
1.96443
1.9751
2.46465
2.13389
7.72653
19.8226
11.6402
7.3959
13.7551
18.2864
7.79897
10.8261
7.90909
10.2711
4.02618
2.73529
2.12409
1.86905
2.17647
2.40385
2.2349
2.66525
3.77027
18.2857
14.016
18.2548
6.65614
18.8097
10.8178
10.912
9.96996
1.59483
6.55417
2.89451
2.39437
2.23759
1.84356
1.86452
1.95679
2.3777
8.26378
1.72826
7.81227
14.2945
16.2766
29.985
0.46789
1.18051
1.21101
1.12281
1.17431
0.949153
0.793651
0.761194
0.759259
1.24883
1.12821
1.06422
1.05085
6.3373
0.870588
0.880952
4.23279
10.0586
7.2
22.2222
31.504
7.01429
7.52158
10.5333
8.26437
1.02387
1.12533
1.54745
1.63433
1.43354
1.6875
1.66154
1.74603
1.70079
7.09231
1.66165
7.73413
11.066
12.6137
2.14119
7.11613
9.82988
10.9105
19.7939
6.78774
5.77745
8.07143
8.92437
11.0791
0.520085
0.797342
1.0202
0.956364
1.10526
0.905923
0.912162
0.817337
1.01449
0.937037
1.07063
0.624665
1.06855
0.935115
0.886926
0.876033
0.845614
0.949153
6.61382
0.864865
0.653614
0.860558
0.888889
0.936441
0.970711
0.863309
1.12281
1.13158
1.17431
1.17431
1.17431
1.17431
1.17431
2.57798
7.5037
9.25664
6.57285
8.62545
2.57197
2.11935
2.19444
2.28623
2.08741
6.04717
1.55056
1.63611
5.42901
15.4726
14.2794
0.872928
1.21277
0.935484
0.822581
1.23954
0.508475
1.17094
0.943925
0.764505
0.825397
0.77037
0.862963
0.848148
0.895833
1.35714
0.878893
1.85909
1.456
0.903475
6.46457
0.797753
0.677966
0.983051
0.885246
0.834532
1.05738
0.889831
0.955556
1.17431
1.17431
1.17431
1.17431
1.17431
1.17431
15.0505
8.03175
7.46926
9.78355
13.4824
11.8067
7.32646
7.48031
7.87111
7.65272
1.135
2.34348
8.88
2.39754
2.7346
2.12692
1.80755
2.17273
1.71704
2.04428
8.96078
7.63037
1.69117
8.28413
7.23509
6.75357
15.1973
8.95161
7.61217
5.80952
2.30612
2.32609
1.91908
7.16376
2.07006
2.27599
2.36957
2.02749
5.36095
20.766
17.0061
8.14634
9.76786
15.6234
3.10558
10.0044
11.199
7.14286
14.7873
11.0984
2.29934
2.17391
1.28205
1.47388
1.37333
1.85398
2.64804
1.55474
1.48322
1.66079
7.83401
3.72581
16.9286
20.9432
29.75
1.23706
1.55862
1.33456
1.13253
1.36774
1.50769
1.39726
1.55944
1.54331
1.28025
6.19388
1.37063
7.60667
5.78706
8.74717
11.5256
3.3971
8.05991
7.01908
7.42105
23.0486
6.82474
1.18135
1.73462
1.0413
1.22013
1.10674
1.47333
1.59524
1.50685
1.72222
1.5
1.44667
16.392
0.394786
0.885714
1.01754
0.949153
0.868217
0.929688
0.965517
0.946565
1.06422
1.08475
1.12281
2.44495
8.44867
2.67857
7.4963
10.4031
7.38312
11.5601
7.29
9.81159
3.40212
1.89404
1.88583
2.30204
2.20435
1.59712
0.39966
1.73519
1.67333
2.46491
2.54359
3.47347
9.86786
7.4094
11.375
9.69915
7.19527
11.7553
6.80741
12.3934
9.63603
9.32716
1.99696
2.41869
2.45161
2.38028
1.86982
6.60692
2.65217
2.13265
2.18881
15.0986
21.1774
0.652632
0.857692
1.16143
1.57692
0.6875
0.854015
1.51282
0.636364
0.893688
0.83691
0.831541
0.770677
0.741379
1.12227
0.982456
1.35115
0.585227
1.78378
1.65854
0.506303
1.48649
1.62302
0.816901
0.743056
0.815068
1.06897
0.910569
0.921875
0.965517
0.870229
1.03448
0.983607
1.94492
6.68471
10.1739
9.23695
8.59746
8.28512
8.28807
8.77348
7.30634
6.22535
1.11491
1.93571
1.6958
2.02166
1.93878
22.3489
6.01357
10.6651
11.8249
1.40638
4.9204
7.45105
10.1487
13.5897
1.25636
16.7872
2.24837
1.94737
1.97727
1.89222
2.26148
2.16096
6.46689
2.46429
7.97131
11.3358
3.73022
3.28614
2.56443
7.39024
7.51661
9.63462
3.58947
7.71875
12.4511
7.70039
6.56774
9.24904
11.3782
2.17266
4.71081
3.60127
1.83505
1.83715
1.01622
1.7193
1.79422
1.48896
2.07724
2.36719
19.0421
22.7992
10.3871
1.1086
0.963899
0.859729
0.690789
0.0714286
0.727811
1.28037
1.20175
1.0367
0.825397
1.35185
1.76259
1.59524
1.43151
1.51825
7.68478
8.51685
1.59818
7.90706
9.62896
7.14483
13.0887
18.0769
8.10631
4.13122
2.42105
1.8254
1.65351
1.2638
6.40845
1.25949
1.1519
1.03614
1.40066
1.9823
1.13622
2.31053
0.598945
1.05306
0.7557
0.949367
1.10599
0.888889
0.949153
0.868217
0.945312
0.923729
1.01575
7.46789
0.899225
1.00847
1.15888
0.888889
0.913386
0.932203
5.08036
8.30935
12.5183
16.5388
11.0365
13.5145
12.0234
6.47445
11.8571
2.38583
1.59854
1.53714
1.12471
2.36905
1.95219
1.76296
2.16045
1.37667
1.46023
2.73361
10.5198
10.3091
6.85762
5.13617
9.33735
8.10402
11.5561
8.02857
10.4348
4.52852
2.73443
8.8125
2.31923
1.92547
2.02113
1.98512
2.53279
2.12687
1.76855
13.6962
3.30893
2.66447
0.659701
0.750877
2.19079
0.569853
0.574074
1.32673
0.692053
0.859259
2.15135
1.16495
1.02905
0.830508
6.33206
0.848837
0.771218
0.717241
0.818182
0.992308
0.981651
0.876494
1.11111
0.835821
1.11864
0.951754
1.10599
0.77037
0.791209
0.992248
1.17431
1.17431
0.917431
0.805556
0.889344
0.58804
0.77193
14.9107
8.27586
10.6467
6.22186
7.34824
18.276
9.5493
9.46341
21.4521
1.54271
12.4375
9.13636
11.3295
10.435
16.7136
1.81343
9.77083
17.9275
7.04068
6.97761
17
3.95604
2.22917
2.14815
5.73353
1.38249
1.91667
1.84524
2.25685
3.17279
4.87395
3.52584
3.34364
4.00844
7.58462
0.476323
0.742138
2.85714
7.16382
8.40753
10.1439
0.674458
10.4929
5.41364
14.4764
18.5977
7.11588
1.15777
1.93233
2.07115
1.73896
1.68506
1.72297
1.77778
1.07163
1.5596
8.7963
6.4095
28.1145
19.9123
9.00974
2.15948
1.64626
1.55634
2.05505
1.36232
1.32797
1.23006
1.60959
1.39073
1.55921
8.57798
1.63077
7.26471
7.72318
11.4352
9.16917
0.885204
15.5855
11.0415
10.2634
16.2972
7.32743
2.5847
1.63214
1.44231
1.84615
1.26667
1.56929
1.37024
1.46494
5.06195
1.8125
5.3872
1.16258
0.904943
0.877256
0.85348
0.838583
0.730769
1.03448
0.889344
1.20737
1.11207
1.08475
1.10092
1.08475
1.17431
1.18349
1.17431
1.17431
1.17431
1.17431
0.963303
17.06
15.2379
7.64451
21.6313
12.6908
13.7943
10.9837
23.3154
15.5945
9.20717
8.08889
11.7411
13.7143
4.90541
7.59783
10.2067
1.74519
9.98031
2.34545
2.20548
1.89831
1.78426
2.08
2.20423
0.392196
1.94427
8.04225
23.142
1.50951
1.47604
1.93103
1.31579
1.32192
1.46939
1.76923
1.54237
1.22892
1.60145
1.54762
1.36601
0.779412
0.818182
1.04918
1.00917
0.928571
6.82627
0.661392
0.872428
0.822695
1.01639
0.852459
0.82963
1.15254
1.10092
1.08475
1.17431
1.17431
1.17431
5.13303
9.50558
15.1727
12.4024
3.72589
1.94323
1.5
2.10092
1.53175
1.33333
1.64179
1.46269
2.35463
0.44246
1.47333
1.90826
13.9601
17.9668
9.40523
9.44715
9.38272
11.4007
3.67266
1.91857
6.23051
6.32907
6.62807
11.942
2.32746
2.11111
2.09333
2.12937
1.92667
1.68665
2.15068
2.01718
2.07362
3.66807
0.821429
5.54667
0.5625
0.849817
1.07826
0.866142
0.832
0.863309
0.915254
0.931298
1.23364
1.12281
1.17431
1.17431
1.17431
1.17431
10.0872
11.7102
10.6965
9.54106
8.49035
12.4339
18.0789
4.50117
3.11355
1.82704
1.78491
2.0073
2.83871
3.45402
1.69231
1.93939
1.93548
0.373447
2.78421
2.51415
15.7118
18.5968
2.51513
1.77966
1.51667
1.83784
1.5471
1.91582
2.21429
1.43046
1.5704
6.31449
1.60137
1.74231
1.56654
8.27875
10.8901
8.52336
21.9787
9.5
8.33708
7.50602
12.4545
18.6279
11.8011
7.56287
2.65217
3.83969
1.40636
1.58781
2.9486
2.04348
3.125
1.46965
6.97133
2.70482
1.65759
1.32365
0.84669
0.870229
1.02655
0.859259
0.894068
0.783582
0.903704
0.945148
1.10924
1.12281
1.17431
1.17431
1.17431
1.03211
1.10599
0.888889
0.949153
8.9186
8.52465
7.944
9.37981
5.76015
4.7947
2.52206
0.416454
2.81452
2.57798
1.87356
3.25463
2.21401
1.71765
12.561
34.3095
9.14592
9.65574
9.41212
12.4082
9.27962
14
7.39544
14.4089
6.26821
10.3495
2.75225
1.23381
0.861789
0.978417
0.881356
1.67717
2.49597
5.8284
1.4768
1.60234
1.93484
2.75342
9.49686
3.17705
3.57951
8.64855
3.65769
2.05474
1.62676
1.52206
1.45205
1.34328
0.741697
0.864662
1.11345
0.846154
1
0.776923
0.721429
0.859259
1.13761
0.957627
0.949153
0.90873
0.24915
0.840304
0.664577
0.812721
1.024
0.991803
3.22881
5.89947
10.2356
12.203
10.9621
8.80455
7.26087
8.0902
2.34184
1.36875
0.279101
1.52113
1.28276
1.55556
1.40714
1.36735
1.43151
1.60279
1.56098
1.44178
8.01096
18.0248
16.0206
10.0578
13.9594
9.1954
14.5851
12.4115
21.2099
11.4333
4.94178
1.84436
1.69141
2.11215
1.55986
1.8498
1.44366
2.2968
0.26131
1.20991
2.09174
1.58696
3.25161
0.816254
1.15837
0.964143
0.92623
0.844444
1.0431
1.02459
1.18349
0.990826
1.18803
0.515909
0.93617
1.06222
0.941176
0.922131
7.36866
0.59887
1.05
8.75
9.20513
13.858
17.3814
6.2625
6.61172
2.45594
1.63682
2.35714
2.07595
1.92308
1.40541
2.0531
5.52761
2.24706
1.32316
14.4133
22.1918
1.57701
0.96679
1.16304
1.5787
1.24091
1.06356
1.07937
1.08772
1.23246
1.77064
1.57721
1.41912
1.43506
1.68254
1.64179
6.22449
1.53691
2.18644
1.60473
1.375
1.75945
9.45455
7.86909
10.9228
19
12.1921
7.43772
10.7615
1.36117
11.267
9.23214
1.95307
1.96644
2.09286
1.78859
1.80556
8.49565
1.2971
2.73558
1.63869
1.82022
2.004
15.4271
12.4474
10.3558
7.32335
8.02909
10.439
12.315
6.98387
15.1862
5.98352
2.18654
2.21549
2.39837
2.00309
2.1844
0.315476
1.10897
1.79839
1.26383
1.09589
5.09328
14.07
24.5714
7.93286
7.81203
9.17742
2.13842
4.8964
8.11987
9.44309
19.1989
3.88312
2.78222
1.77624
2.34672
2.33088
2.26866
2.43571
2.56504
2.26449
11.8905
17.6154
23.3839
9.85876
1.25937
1.2929
1.92478
1.3986
1.30137
1.44
1.65
1.07339
1.29825
1.74359
1.34194
3.05072
3.16541
17.0288
9.41079
7.59697
2.31151
14.8452
13.3582
2.06988
1.47159
1.94776
1.47368
1.61923
1.47143
1.45946
1.78309
2.25688
1.71937
1.67021
1.67939
1.1164
10.9795
9.43125
8.17747
4.32838
8.01476
8.40711
9.14773
10.6414
8.65351
7.94636
9.14231
13.6779
0.261809
1.81323
1.8985
1.6899
2.38679
2.26894
1.82573
1.80068
2.12054
3.85207
0.915989
0.718085
0.764706
0.956522
0.87218
0.909836
0.145408
0.664723
0.84507
0.949153
0.888889
0.983051
0.952381
1.01695
8.4633
5.33971
7.71255
14.3964
6.27564
7.53175
2.69534
2.77727
1.43284
1.8481
1.34848
1.78989
9.11312
2.14931
2.63043
34.6144
10.6875
0.93007
0.317881
1.32283
1.29091
0.831461
0.631399
0.920635
1.168
1.11818
0.861314
0.601449
0.806897
0.808271
0.858268
0.984733
1.20465
1.27962
1.1635
1.51538
1.63929
6.29856
1.31073
1.85377
1.41509
1.67782
1.37884
1.50685
1.56349
0.835821
1.01176
1.44037
10.9298
11.2973
11.802
7.88406
4.9306
8.21379
11.2065
8.01325
11.6857
11.6784
1.36219
1.90182
1.95
7.18773
2.17647
2.26271
2.01224
1.30259
3.30945
10.8407
8.26641
11.3073
5.97118
7.85441
6.73485
6.6807
11.5739
8.34375
12.28
9.75
1.94101
1.8875
1.98701
1.97333
0.42328
2.85281
2.01361
2.09063
13.5738
16.6571
8.45789
7.24265
3.73649
14.0083
2.38287
7.95652
8.50228
10.5923
17.1598
3.58303
1.35016
1.49481
1.1853
1.63934
1.70543
2.12558
1.47203
1.48361
1.5
1.81702
1.1896
2.03175
3.45918
15.2597
25.3629
8.67027
1.83465
1.55405
1.43284
1.41935
1.79528
1.79661
1.62692
1.55914
1.68254
1.6791
1.9322
1.45172
6.9631
3.54037
9.18723
12.6923
4.2289
6.76271
8.67965
9.84804
12.3452
1.97436
1.76136
1.43284
1.33117
1.46479
1.41007
1.21711
1.3642
1.65079
1.53731
1.16766
1.29936
2.82394
0.299776
0.145408
0.836066
0.817518
1.01639
0.918033
0.88189
0.984127
1.02381
1.17431
1.17431
1.17431
1.17431
1.17431
1.17431
1.17431
6.63303
3.40698
12.0256
9.49383
7.93863
5.91317
17.2539
8.05556
8.8178
10.3968
1.96198
1.94636
2.70614
1.94783
0.380682
2.12734
1.94758
1.87681
2.4375
2.10714
1.36095
1.29091
3.91304
9.53648
11.1806
14.5776
8.13357
11.7036
12.2923
14.0748
17.2295
4.99628
4.08046
2.13576
2.22603
2.29412
7.27465
1.71637
2.00926
2.25769
7.28086
15.4214
9.65089
0.630824
0.825153
1.13308
0.754167
0.963415
0.698962
1.67757
2.85185
1.48707
0.607843
0.880282
0.966102
0.892857
0.707071
0.739286
0.844203
0.845528
1.11278
5.25073
1.20904
1.55282
2.38967
1.67742
1.48667
1.93305
1.84615
1.13354
1.59091
2.33028
2.61154
4.78636
7.67164
3.33013
5.97857
5.19764
8.38214
7.85771
19.5549
14.4898
6.76549
2.20866
1.62126
2.25806
1.625
1.58101
1.67913
9.42857
1.72524
3.17241
2.86893
8.91489
18.7966
6.92381
11.3689
2.49064
7.96897
5.56962
8.16867
13.1918
10.7174
2.73427
2.60821
2.48889
2.67886
2.33448
2.19062
2.46528
2.55351
7.92135
9.13087
12.282
8.27848
11.2922
10.4936
7.75433
8.16791
8.23413
1.99457
8.23891
11.625
6.74038
12.0688
0.815615
1.33754
1.36749
1.95506
2.53927
1.9878
1.94198
2.02008
1.79554
2.06723
3.29225
27.5895
16.9412
21.8708
1.92857
1.53282
1.3253
1.74206
1.37184
1.21914
1.43046
1.63846
1.59524
1.38742
1.50368
1.35211
7.55484
8.16988
6.79056
6.62426
8.74046
15.8793
11.8696
10
8.20866
14.4
10.4649
0.979522
1.07643
1.19385
1.7406
1.60627
1.57801
1.66176
1.26102
3.13855
0.845238
0.9
1.22018
1.05738
0.216165
0.722581
0.984127
0.84127
0.88
0.949153
1.0339
0.966667
0.897638
1
1
1.03448
1.05085
1.12281
4.39908
6.21362
14.3042
10.4135
9.63426
10.6099
19.3618
6.47292
3.09195
1.79352
2.12075
2.06422
1.92069
2.13525
3.20732
2.25551
1.73626
2.25217
7.69767
8.01115
15.4631
8.87043
9.77215
1.475
10.5174
6.13011
7.91416
11.9368
8
14.1511
2.35741
2.1677
2.60526
6.41456
7.57586
14.6928
8.21912
0.355752
0.12931
0.86692
1.18219
0.993243
2.31548
43.6897
0.42963
0.853846
1.21552
1.01695
0.918033
0.810078
0.708861
0.831373
0.842105
0.957627
0.860465
0.988048
1.03448
0.934426
1.10714
1.01587
4.69266
11.2625
8.55782
13.7558
9.36726
13.1768
9.87584
11.6983
12.6054
24.0347
11.2158
6.56522
10.3389
17.9575
6.91519
9.32609
6.61516
13.8148
4.91081
3.05469
2.4396
2.33449
2.22756
2.38806
2.37762
2.40146
3.02212
8.04869
3.29921
4.62445
3.0188
3.25309
1.04435
0.721374
0.770548
0.824427
0.88189
1.03509
0.842105
0.909836
11.0607
2.8256
10.2311
4.93606
9.35263
8.55505
2.00826
6.19504
6.84698
8.80591
1.78571
2.1934
9.11947
2.71818
1.69512
2.03125
2.03984
2.76712
1.62462
1.31307
1.86842
15.0949
22.6725
23.4574
4.54902
1.68797
1.34507
1.39241
1.75397
1.61508
1.6229
1.76147
1.34395
1.31373
1.27597
7.04333
10.2533
4.01538
7.11688
7.21812
8.03717
10.0262
6.9244
6.2522
6.38462
3.62838
1.93939
1.98253
0.263228
1.64437
1.66525
1.20915
1.17089
1.16562
1.31081
1.59489
1.37857
1.34211
1.30698
0.724528
0.804196
0.991736
0.918033
0.926829
1.03333
0.901639
7.65421
0.646617
0.745342
0.889831
1
0.990826
0.923664
0.940928
0.672862
0.75
6.18321
5.75254
7.08361
18.9162
10.1347
10.1261
11.7674
2.81545
7.45956
1.71338
1.57468
1.75824
1.86447
3.88816
1.72205
1.41265
1.47401
9.09615
13.8696
4.48944
7.27365
10.6711
19.6277
2.72348
6.78388
6.62369
8.13907
11.1962
2.24262
1.79775
2.08824
1.70482
1.89535
2.69106
2.3442
2.34444
7.88286
2.77646
5.28788
1.5355
2.25463
1.42545
1.33117
1.51049
1.65
1.07738
0.272727
1.13978
1.46269
1.3245
1.29348
1.16082
0.864286
0.898305
0.95935
0.933333
0.821293
0.771429
1.05085
1.05085
1.17431
1.10092
0.95339
1.17972
1.01587
1.17431
7.40367
0.768116
0.865672
0.919492
4.45238
9.70711
5.86402
6.82812
17.2426
2.05932
1.61324
1.72152
1.62681
1.61176
1.32609
1.15361
1.37267
1.42069
1.26224
1.28146
6.94872
17.3931
12.3625
7.82143
1.7547
5.62626
10.9949
6.47018
15.0737
1.21023
14.5103
8.0125
9.31548
1.81544
4.72414
1.32326
0.308379
4.45614
1.19355
1.6037
1.35943
2.6776
1.34228
1.675
1.72692
3.85841
0.909871
0.750842
0.864
0.82963
0.921875
0.965517
0.870229
1.03448
0.918033
6.24803
0.64557
0.846715
1.01639
0.918033
0.912698
0.883621
0.766784
7.40364
14.2226
24.5192
7.09921
6.98611
6.6678
9.96466
2.85185
2.17339
1.82609
1.76534
1.42767
1.87109
1.32698
2.01476
1.88889
2.23868
2.07884
1.90476
21.3836
16.0417
19.1792
1.04673
0.869159
1.9031
1.53846
1.40411
1.52113
1.56923
1.5942
1.36735
1.36054
1.35616
1.55634
1.8254
8.94904
11.0094
4.88845
18.3953
12.0923
12.6288
6.54693
10.3961
9.00877
5.55172
2.01111
8.02881
2.46277
1.82558
2.03371
2.54717
2.08936
1.48188
2.22932
2.32683
1.73432
9.13636
17.4474
9.61258
10.7953
9.65343
1.75929
9.52093
8.90278
2.72632
3.01271
2.32014
2.34701
0.386243
1.98148
2.38433
1.9708
1.73514
9.50746
21.0692
16.7182
9.78146
18.2155
9.13537
14.8187
8.39592
4.35011
7.91935
2.8839
2.25175
2.0719
2.26296
1.92715
1.90854
2.3042
2.21429
9.08631
3.21841
15.9828
1.1632
6.56081
1.69048
1.41791
1.3758
1.73282
2.16822
1.07692
1.47667
1.53175
0.734694
1.00763
8.99583
6.87421
3.76935
7.81387
6.96382
7.87425
14.2553
7.40493
7.82061
6.27933
0.537037
1.72314
1.47101
1.5411
6.72857
1.30696
2.07339
1.40397
1.5
1.54225
1.81102
13.7869
18.6058
6.56777
6.75403
8.39749
3.91532
10.5965
6.34386
11.6353
12.6712
4.31622
8.01099
2.18727
1.30263
1.4021
1.45926
1.99574
1.10606
1.42177
1.42336
2.47692
1.04439
1.07167
0.782443
0.731788
1.30137
0.858974
0.789474
6.32283
0.764706
0.835821
0.866142
0.730496
0.84127
0.865672
1.01695
1.04918
1.17431
1.17431
1.17431
1.17431
4.54587
7.82918
13.1633
7.21603
10.0122
9.72247
12.2515
17.7047
2.99257
1.55238
2.4127
17.3696
20.4018
1.28384
1.17037
1.0913
0.836237
0.851695
1.01493
0.925197
0.942149
1.00457
1.11739
0.830882
1.84706
1.875
1.27897
2.55
1.15461
1.12227
0.970588
0.228836
1.42683
1.49627
1.58219
2.06542
1.52239
1.46479
1.55396
1.53846
7.13605
7.85597
1.10653
4.83696
12.5773
11.0995
9.85625
10.1459
7.65704
8.45161
1.09011
1.61481
2.53394
1.42105
0.426136
1.59328
2.19679
1.79044
2.03077
2.22222
3.21306
9.93548
12.6343
1.47375
7.84058
8.35433
10.3687
14.2043
7.01071
8.55785
6.47735
2.28929
2.53101
2.36786
7.08667
2.9881
3
2.12871
2.28618
3.40845
18.5924
35.1471
6.61143
9.61818
9.49237
1.47003
8.5
10.5216
7.78246
18.9892
4.20485
6.21311
2.41818
2.2
2.67593
1.8024
1.84571
6.58333
1.93437
2.01014
5.72642
13.2229
37.4214
18.3772
1.41083
1.40146
1.3642
1.56349
1.43234
1.51145
6.19079
1.46816
1.47333
1.61905
1.51049
1.63846
7.43077
9.04494
9.59533
1.39089
5.86327
6.7571
8.30189
12.7222
10.6811
7.38645
1.26625
1.81786
1.55839
1.6791
1.7161
1.56436
1.75424
0.208995
1.16931
1.65079
0.774011
5.45936
8.34593
6.54717
3.7603
8.9053
11.0756
15.8638
25.1347
16.318
8.1
6.31727
13.016
7.39773
4.25
0.863291
1.09091
1.83898
1.61468
2.01835
2.27523
1.82645
2.34298
1.21554
7.1434
2.20089
1.02174
1.03586
0.745583
0.870229
1.03448
0.95082
0.898305
1.06897
0.889344
1.10599
0.82963
1.05085
0.889344
1.22581
1
0.933333
0.847328
0.958678
4.14344
17.5204
9.88462
7.26619
2.55755
1.59039
3.24123
4.46173
1.67582
1.98013
2.09259
3.14414
2.69328
2.15849
1.6139
1.87778
1.85171
2.02083
2.18889
13.2972
10.6052
1.6875
0.866538
1.17287
1.24397
1.37403
0.716049
0.880734
2.04211
0.767296
0.773077
0.724638
0.237103
0.973881
1.97209
1.37931
1.32394
1.38365
1.65079
1.45652
1.50685
1.71032
2.22222
1.55328
1.65188
1.61538
4.06475
7.85577
5.54754
5.84211
13.886
9.34483
1.16133
7.49814
7.59176
11.9026
9.87541
2.98438
2.14015
1.98024
1.38542
1.83117
1.5418
2.44595
2.73267
1.93625
1.90526
2.68617
8.23077
2.69637
7.33681
6.23948
8.26006
10.5037
14.9368
6.80309
11.4346
5.10556
2.44151
5.72269
2.36364
1.73224
2.11151
2.00926
3.0339
3.01887
6.79667
27.2182
12.8758
9.2753
8.95582
1.38202
8.22222
6.08353
9.0198
14.5793
8.69953
8.11877
1.67361
2.36323
1.81304
2.36792
1.42905
1.71545
1.14162
0.589286
0.916462
1.86312
1.49635
1.54196
23.1862
24.6989
16.5702
17.8452
0.956916
1.73333
1.46269
1.4589
1.625
0.253968
1.38776
1.52817
1.516
1.3642
1.78968
8.77869
9.12253
11.2622
13.0349
10.8925
15.4076
7.7446
1.5553
7.67769
5.15014
2.12946
1.51908
1.29412
1.5754
1.38667
6.61594
1.52703
1.57664
1.52381
1.22258
1.25641
1.45333
3.70354
2.95714
3.85408
4.0471
3.3595
8.25843
1.04202
0.776758
0.75089
1.15242
9.14286
8.01799
7.3705
16.0227
16
10.0763
14.6068
25.5924
7.61481
2.98182
2.28352
1.39678
1.82295
1.34748
1.76974
1.81323
1.63123
6.83942
1.70677
5.5576
12.7748
9.53586
7.46094
6.01399
9.37838
9.60965
10.2687
10.3366
15.8072
3.13681
2.45318
1.88415
1.94805
2.03165
2.3806
2.23792
2.11333
2.19065
14.5841
21.1316
0.566449
1.14286
1.1619
1.15421
0.0924745
1.1413
0.987952
0.882353
0.896067
0.923729
0.806084
0.754513
0.8
0.909091
1.02542
1.22018
1.1453
0.822835
0.792517
0.912281
0.814286
1.1028
0.895522
0.919492
1.10599
0.859259
6.83475
0.72
0.835821
1.15254
1.06422
0.92623
0.952381
1.05085
1
3.86638
9.85971
10.8451
15.2289
12.0247
5.16872
7.28179
14.6976
7.6616
7.42909
2.09231
3.06316
1.76923
1.90514
2.08364
1.77236
1.5873
9.30876
2.14978
2.98305
6.65663
11.9054
8.24521
7.72125
1.7483
8.51579
9.07347
7.94253
13.4549
8.30435
6.48261
2.65246
2.45756
2.18978
2.21967
2.0423
2.572
6.76
2.50376
3.57143
15.6364
15.6501
6.66864
9.63197
7.95665
15.9592
2.50312
7.10714
8.13043
5.97887
10.1302
2.43902
1.54386
3.10778
1.73408
1.4981
1.24924
1.58744
1.95417
1.99535
1.34899
1.48507
3.89552
2.65827
14.1948
13.8594
27.2994
9.6426
1.72414
1.4125
1.90179
1.46897
1.34074
1.22321
1.55396
1.48462
1.47333
1.7381
2.22807
2.61268
5.37066
1.14145
15.2013
5.38606
12.0211
10.7545
5.48243
9.7343
9.95273
5.60776
1.2067
1.5906
8.02542
1.33333
1.35583
1.44444
1.2381
1.1
1.71575
1.94737
1.40968
1.4359
0.612245
0.666667
1.21364
1.12236
0.990826
0.894309
1.03333
0.934426
1.1215
0.115714
0.666667
0.949153
0.97619
1.1215
0.960317
0.932203
1.13333
1.05085
13.1798
7.4726
14.3004
7.4382
5.57035
8
11.5776
10.3236
3.79725
2.42
2.30047
1.96212
2.09302
1.71622
1.66197
1.92578
2.22078
2.23148
1.17751
1.62658
16.0667
5.23431
9.46725
7.58503
10.7076
1.84284
7.90952
6.81509
9.74517
17.3641
22.3127
17.3333
10.3043
5.85882
0.606299
0.68232
0.765101
0.992188
0.971074
0.809339
0.857143
1.0354
1.14953
0.294643
0.885017
0.759398
0.681159
0.768421
0.872
1.76571
0.902542
1.17427
1.87356
1.05385
0.960352
0.870229
0.953191
0.881481
0.935345
0.769231
0.714734
1.03448
0.889344
1.10599
0.859259
6.75
0.697987
0.820896
1.05
0.967742
6.58197
9.32314
8.98198
8.15226
19.7077
13.329
6.66788
6.06774
18.619
17.6412
11.803
16.7305
7.40893
9.01992
7.95167
7.51957
10.5211
10.0813
9.60294
7.25794
6.33948
2.00368
6.83442
1.7883
1.69505
2.1806
2.65267
2.67117
2.06962
3.63333
5.1681
0.850794
0.683706
0.825926
1.14286
0.142857
0.920635
0.852459
0.82963
1.16102
1.08475
1.00917
0.962406
1.24771
14.2661
8.5434
15.9083
8.95367
8.98347
19.15
10.3128
1.63623
3.06452
1.71469
1.5697
2.05036
1.67986
2.80676
1.91864
1.8254
1.96324
1.85769
8.03814
3.79412
27.9414
23.0581
19.9324
1.13263
1.52397
1.51449
1.23913
1.33439
1.28378
1.3481
0.359472
1.69084
1.6627
1.55396
4.97308
7.30488
4.98596
8.397
16.367
12.8423
5.15918
7.94488
5.3131
10.2329
1.72269
6.38723
2.12987
1.83571
1.73276
1.32192
1.59667
1.57854
1.46743
1.57742
1.42238
1.68033
1.85185
0.288336
1.0678
0.810036
0.80315
0.763889
0.896552
0.979021
0.974576
0.896
0.846154
0.918699
1.05983
0.830769
0.88189
1
1.07759
0.940678
1.07143
0.984127
3.32018
11.4863
13.9913
14.772
18.9293
3.70358
3.455
1.96626
1.89236
2.02976
2.27049
1.30282
2.053
1.86777
1.87023
2.28139
2.30556
0.342143
2.29167
2.22656
2.07752
1.14961
5.30531
11.2687
3.73802
16.9947
5.92529
9.43882
8.71685
13.6118
21.4
3.22985
2.5
2.03086
2.46457
2.11268
1.91026
7.14333
2.02941
1.51955
6.65642
14.2129
12.8083
0.589583
1.08182
0.85214
1.16742
0.97561
2.44776
1
1.27803
2.08837
1.59245
1.60265
1.67669
1.51181
1.30822
1.00806
0.932203
0.846715
0.961864
0.135204
0.670886
1.05
0.967742
0.868852
0.791045
0.896
0.839695
0.960317
0.932203
0.860558
0.806818
1.00405
0.932203
8.70982
16.2972
9.17417
10.8861
7.19305
6.27586
1.63333
0.178358
1.14208
1.76866
4.02752
20.5112
10.6479
7.35644
7.24623
4.57955
7.91724
8.01434
11.8571
4.83058
2.47418
5.89615
8.06569
3.83673
2.48889
7.69565
2.35294
2.49796
1.80952
1.40333
1.60484
1.55439
1.67704
1.38596
5.65854
5.7551
9.21691
2.30769
0.556745
0.996063
0.814815
0.944
1.00833
7.64344
19.5328
1.86735
11.2846
11.7692
12.0448
11.4069
14.3099
2.59227
2.48848
2.42647
1.75926
2.19583
2.14414
1.55738
1.42508
7.14493
1.86738
1.48196
14.5898
19.3026
1.85486
7.74299
1.699
1.45907
1.43662
1.44366
1.52113
1.56923
1.45652
1.50685
0.209656
1.15864
1.48601
1.81343
8.23596
8.01075
6.5
7.93197
4.14625
2.8885
6.71495
12.0267
8.66981
11.5782
2.9967
1.23137
1.34981
0.83683
0.98916
1.26912
0.930108
1.18092
1.22261
1.01909
1.69167
0.96
1.444
0.870588
5.28013
0.824427
0.8
1
0.967742
0.868852
0.865672
1.08197
1.12281
1.18349
1.17431
1.82569
6.44073
10.9963
1.50066
9.29907
8.25391
4.06564
1.91429
2.15548
6.67532
1.96894
2.19355
2.13946
1.9507
1.87346
5.98667
9.13548
17.3571
10.983
7.65254
9.14523
12.825
7.59398
4.12057
7.75899
14.6602
1.88747
4.50173
2.60595
2.44355
2.08075
2.42391
2.08219
1.91781
1.86826
0.458333
1.83333
15.5812
36.075
17.7456
1.88976
1.77032
1.45385
1.25767
1.52113
1.48462
1.36
1.52518
1.43284
0.258571
1.09091
1.40845
8.68641
9.60408
15.8824
1.29155
10.3955
11.0812
12.9021
8.40458
4.71923
2.9267
1.39933
1.40845
1.39456
1.52113
1.56923
1.45652
1.50685
7.15873
1.32394
1.26452
1.5034
13.1349
12.9669
18.7992
8.45105
9.70866
13.4354
1.69759
6.20447
2.75277
3.76667
2.58431
8.21341
3.55488
9.74351
2.89236
2.30314
2.20333
2.33955
2.44245
2.61151
2.80172
2.28571
1.64881
0.958861
0.463557
0.12294
0.706271
0.82963
0.967213
1
0.983051
0.82377
0.892193
1.08475
1.17431
1.17431
1.17431
1.17431
1.17431
1.17431
1.17431
1.10092
8.58411
19.3771
5.98276
9.90094
7.23397
9.57769
1.39122
10.1457
3.18147
1.66288
1.61905
2.07692
2.04643
2.37815
2.23922
8.39256
1.63534
1.38037
2.33193
6.10909
13.0357
17.7093
1.97237
12.5723
1.40841
1.76761
1.88596
1.45487
1.53425
1.87705
1.73729
6.39789
1.42466
1.52239
1.5493
2.19841
8.48897
5.65749
4.66946
11.8561
11.6978
7.61218
7.02974
3.90789
7.80342
0.794991
3.76547
4.2566
1.72603
1.60256
2.05859
2.07658
2.02682
1.34877
1.9186
1.99156
7.16412
1.99234
2.17857
0.989761
8.53558
8.97802
10.0545
21.5531
10.1644
5.84375
9.07547
5.83904
1.3592
6.81004
2.50213
1.80508
3.57075
2.43805
2.04082
2.84259
1.84036
7.26923
2.6413
15.8613
10.9511
7.83333
7.28627
8.87081
6.42958
6.32155
22.8989
7.48085
10.9065
7.52091
10.943
6.53313
2.05298
2.24399
2.30584
2.17143
1.90667
1.92593
2.24232
2.45896
4.45045
15.3063
14.0776
12.7645
1.97015
0.310847
1.27742
1.42662
1.52778
1.52381
1.38667
1.52518
1.46269
1.39726
1.51049
1.66923
4.27778
9.8766
2.33929
7.05079
7.82061
8.327
11.4219
8.08502
7.28676
6.79936
7.9619
1.73684
1.57241
6.25172
1.31544
1.44
1.73846
1.21528
1.68254
1.48797
1.67939
1.76866
4.33077
17.5903
20.6705
7.69091
2.07692
10.838
7.64746
7.1711
13.4868
9.35838
4.60688
3.40161
1.51689
1.36308
2.96089
2.74332
1.90805
6.48837
1.26651
1.42895
1.81884
1.95189
2.98824
0.750943
0.819048
0.96124
0.879699
0.95339
0.979253
0.875445
0.972973
0.785185
1.01786
0.902985
0.919492
1.10599
0.126984
0.742138
1.03448
0.877049
0.87218
4.56557
10.3942
11.2333
19.8284
3.88141
1.40498
2.16772
2.87963
1.61878
1.98758
2.00746
1.64706
2.08904
12.2733
14.795
5.87726
0.94429
0.912088
0.92399
0.699708
1.05932
0.333333
0.916031
0.913934
0.625828
0.842105
0.807377
0.879121
0.894068
0.815789
0.851986
0.92827
1.63569
1.44138
1.40559
1.40753
1.46595
1.47079
1.70896
1.47458
0.227513
1.26901
1.792
1.73016
7.52244
10.5299
11.3835
1.31651
6.92881
9.86207
6.65574
12.5685
7.95331
5.7093
1.8662
1.78369
2.04622
1.55072
1.94928
1.99545
2.09283
2.50403
7.68966
1.54275
1.09977
6.51661
11.0917
11.3283
8.19079
8.82171
7.45918
6.4339
6.2669
3.57346
0.700893
2.13946
4.52649
4.53529
2.23282
1.6456
2.0347
2.55508
1.88554
2.08042
6.27358
2.21456
8.69914
15.8599
14.7423
9.41102
9.68198
6.93631
10.5581
9.12891
9.32051
8.86
5.98008
3.77536
3.40288
0.625
2.46875
2.01887
2.08571
1.36196
1.79087
1.67797
1.367
1.5365
1.11337
1.56716
18.5046
32.0225
18.6917
0.883311
1.37748
1.32915
1.40614
1.30982
1.5597
1.69048
1.83333
1.60474
1.40845
1.40397
1.46269
7.03974
1.15789
7.98374
7.40484
7.88696
9.97436
13.2886
9.04762
7.34545
14.5423
6.25368
2.58854
6.30392
1.58099
1.85664
1.6711
2.23832
1.39667
1.52113
1.38889
1.45695
1.82609
1.48485
19.2955
1.56208
2.21098
3.39394
4.11644
5.10563
8.31474
7.95
16.4476
6.07225
7.29703
16.6015
8.30242
6.86667
7.87143
5.92
1.1108
1.0205
0.284052
1.15539
0.95914
0.916667
1.83784
2.3551
2.15678
1.59926
1.49843
0.56658
1.0045
0.864286
1.03509
0.965517
0.870229
1
0.983607
0.127976
0.6
8.45865
6.89338
5.44358
9.56159
10.3574
7.70543
4.94717
2.58462
2.02581
2.30333
2.66972
1.8303
2.15439
6.66096
3.13258
12.0229
14.2248
5.91221
5.49488
1.18681
2.672
0.962185
1.78392
0.881579
0.691275
0.711656
0.782787
0.712803
1.09664
1.02092
1.15741
1
1
1.18981
0.687943
0.754325
0.692857
0.742958
0.859259
0.926829
1.03448
0.207483
0.822695
0.868852
0.865672
1.01639
1.05738
1.11009
0.919028
0.895131
0.859259
1.04878
0.990826
0.890756
7.86861
8.33071
1.76042
10.4368
14.7484
22.3895
6.42254
12.1302
11.5802
1.85911
1.80714
1.88603
1.82353
7.61765
1.60333
2.23208
13.2672
11.5809
10.621
2.28997
3.80997
12.0179
9.7906
10.8845
7.46047
7.36496
2.84397
3.13478
2.41007
2.4629
8.21012
2.55431
2.28114
2.27645
1.76282
11.2216
18.6254
10.0154
11.128
7.66102
14.75
4.02119
6.32132
12.1613
6.31469
12.9567
12.2594
3.87383
1.92222
2.64251
1.40171
2.04036
1.90909
1.52716
2.04583
1.47945
1.47222
5.35854
2.76331
20.5714
17.1867
22.1765
1.11688
1.47581
1.30814
1.70079
1.69231
1.77049
1.09804
1.38667
12.9384
9.168
7.96377
15.1149
7.20521
3.32227
12.6294
8.40408
6.36364
8.56233
6.72816
2.04297
1.41418
1.33333
1.23958
1.74007
1.60547
1.42606
1.39262
1.46479
1.46043
1.36194
1.00645
0.491228
5.85145
0.713355
0.889381
0.757475
1
0.843511
0.939271
1.01639
1.08475
1.17431
1.17431
1.17431
1.17431
1.17431
0.917431
0.763889
1
4.35169
10.0923
3.88177
7.09756
6.66279
7.58176
16.5825
9.18894
9.14667
4.88547
1.28836
2.26423
1.93617
6.5069
1.54194
1.52291
2.0996
1.51527
2.21757
2.12791
5.69295
5.99727
16.6878
12.7955
9.35223
10.5759
10.1456
12.7821
8.2253
9.96154
4.57047
1.98165
2.33333
2.8018
2.13289
0.571429
3.40991
2.4916
3.26293
8.70681
15.2851
0.649015
1.07568
0.928793
1.28436
0.803704
0.700361
0.892857
1.18018
0.965812
0.83045
0.798319
0.742049
0.863469
1
0.957944
0.669091
0.910448
1.16514
1.32877
0.904762
0.788679
0.267857
0.811594
0.976378
0.852459
0.839695
1.01667
1.03226
1.05263
1.08475
1.17431
1.17431
1.17431
1.17431
1.17431
1.17431
1.10092
8.30932
22.6748
7.26642
14.4915
10.2553
15.0573
8.6867
14.2099
20.9585
10.1063
8.77778
8.90493
17.45
9.14683
8.64885
7.49064
13.8919
26.0844
5.18217
2.67114
2.76856
1.93824
3.12844
2.71721
2.17557
1.69832
2.06667
0.595865
12.3871
11.3941
8.37013
2.04348
5.7147
8.95102
9.42636
18.7255
2.12713
5.52139
6.52381
6.13836
2.77174
1.77778
0.362143
2.52036
1.62816
1.98127
1.41299
1.22118
1.73841
1.52281
2.27715
7.31915
15.5738
13.375
11.206
1.61069
1.52695
0.196429
1.4881
1.99083
1.46269
1.52318
1.89286
1.42029
1.56716
1.49825
5.95324
4.41026
12.6544
12.0424
17.9773
9.05285
11.5154
7.00769
7.64516
7.22712
7.40559
1.97308
1.72669
6.07473
1.39116
1.751
1.62882
3.44444
1.18069
1.44484
1.57143
2.54688
2.07595
1.40637
0.976636
1.05691
0.683502
0.854093
0.90678
0.725424
1.03448
0.862595
6.5748
0.593103
0.785235
1.01639
0.918033
0.888889
1.15254
1.02752
1.01587
1.17431
8.23394
7.8008
10.1906
7.47692
7.80769
3.07203
1.6729
1.69519
2.16236
1.97468
2.37324
9.69302
1.72059
1.25552
1.65161
1.70397
3.22674
1.59164
2.09623
2.16034
2.00697
2.04661
2.56316
1.81882
7.52158
2.70528
12.9121
7.82079
9.08718
5.63934
7.90132
6.25325
7.86364
12.874
7.22881
2.50685
2.03607
1.91195
1.92834
2.17405
2.46538
2.33103
2.7247
14.2724
11.0082
6.00308
0.595078
0.630728
0.469388
0.363354
1.66667
1.37821
1.5219
1.3913
1.39355
1.63077
1.43284
1.46939
1.24231
1.03226
0.796429
1.0892
0.780488
0.889764
0.847656
0.852234
0.877049
5.58389
0.788732
0.885246
0.834532
1.05738
1.09322
1.18349
1.10092
0.881356
4.1791
5.91914
8.19763
11.1071
7.80741
7.80519
0.896074
1.56442
1.64407
1.47403
1.27338
1.48113
6.39384
6.11654
14.232
8.96853
8.78056
12.8076
9.54435
8.24335
16.3074
12.56
8.34959
8.27165
21.9598
5.02
1.81081
1.64948
2.05797
1.91566
2.18403
2.26056
2.1791
1.8858
1.03311
0.878788
0.726619
0.840149
0.850394
0.233929
0.830769
0.72449
0.774648
0.935484
0.868852
0.842105
0.934426
1.06542
0.895522
0.919492
1.25346
1.09322
7.44954
8.13504
9.8022
8.78157
10.0211
7.84859
11.8297
10.6579
8.82258
13.6158
1.96311
1.98425
2.10432
2.07456
0.448129
3.07647
1.64264
2.09489
1.90909
1.73611
1.81618
4.34155
12.942
5.73454
20.8756
1.94884
1.71841
1.74561
0.234127
1.1345
1.31724
1.32484
1.7406
1.68033
1.40909
1.44218
1.8806
9.19573
12.8692
14.3484
7.89716
7.5
13.634
7.27626
8.09836
9.14394
4.45608
4.04264
2.54615
1.70588
6.81685
2.47761
1.31329
1.33333
1.45255
1.30868
1.34494
1.7377
1.23684
1.9607
1.09206
0.751773
0.754647
1.12295
1.02752
0.957983
1.03333
0.901639
1.06542
0.163265
0.659218
1.03448
0.852459
0.888889
0.966102
1.06542
0.858209
0.933333
0.888889
7.33475
9.30137
6.19149
2.2004
7.45274
16.6688
3.00743
2.83186
2.33553
3.05505
0.699534
1.65176
2.41704
2.1992
1.74903
1.89256
6.75093
6.54397
9.88321
4.66046
7.7619
14.9586
11.4745
7.6037
8.54365
11.0247
8.12281
6.75375
2.50388
2.30201
2.10476
2.44074
3.0852
2.22917
2.24101
5.90878
14.9552
7.13992
76.6845
0.894382
1.36
1.33803
1.35032
0.748148
0.75
0.837037
0.88189
0.866142
0.928571
0.991525
0.88189
0.97561
0.121693
0.774834
7.32051
1.51037
6.50476
2.50602
7
22.5
18.09
1.98893
1.56429
1.43581
1.46269
1.37748
1.53737
1.66923
11.1548
0.624204
0.818182
1.08333
10.3478
12.1395
14.4139
11.4384
7.92188
8.57252
5.51955
7.83206
1.17917
11.2114
13.0852
11.8619
0.454048
2.95359
2.41228
1.90503
2.87156
1.77104
1.27374
2.14732
2.0124
1.81356
0.934932
0.828794
0.71118
0.837545
0.918033
0.10582
0.733333
1.05
1.00806
1.02542
0.983051
0.983607
1.01639
1.00917
0.933333
0.870229
1
0.918033
0.861538
8.55285
13.0311
10.6765
10.6116
8.25692
9.93069
14.6534
5.09449
1.72308
2.74742
2.11787
2.93048
2.08571
1.73973
1.63028
1.64835
24.1626
13.0653
7.11211
0.836478
2.77481
0.64214
0.710145
1.32862
1.76654
1.39493
1.3871
1.66165
1.72222
1.57692
1.51049
1.42308
1.52532
2.30275
2.24051
3.21673
1.49857
9.50378
10.3779
18.9528
10.6852
9.05179
7.29461
7.99104
1.58507
1.97835
1.50325
1.74909
2.05106
2.26295
1.79268
2.05993
2.27049
1.42857
2.07692
1.49765
1.01646
0.840741
5.95522
0.632911
0.748201
1.07937
1.01695
0.898305
0.865672
1.01639
1.05738
1.18349
1.17431
7.77064
9.81495
17.6603
10.4712
8.10222
6.09864
2.28387
1.66854
1.80488
6.49051
2.33218
2.73684
2.05822
1.9966
4.67169
16.7216
3.65731
14.1051
11.9095
0.702827
6.37037
11.2143
10.4221
5.48127
15.1915
4.69884
2.35816
1.97333
2.13889
2.49787
2.01911
2.17073
2.29304
6.97183
1.83191
19.331
11.5655
6.53147
1.3096
1.33333
1.64925
1.61905
1.49296
1.82288
1.29197
1.25301
1.52518
1.58209
1.77869
3.07571
7.57706
2.88945
7.08917
8.59336
8.06452
16.7409
10.4865
6.86268
5.98765
4.3245
1.77075
1.24036
1.61194
0.248677
1.36709
1.61832
1.44776
1.39869
1.66165
1.74603
1.5754
1.48333
16.1674
23.6872
13.1419
3.93709
9.33466
17.3565
16.2828
9.05976
16
36.2081
10.2721
1.62626
1.45484
1.65972
1.688
1.3662
1.53676
3.4698
7.05929
1.38636
2.15962
1.89286
1.4037
0.84188
0.822695
0.965665
0.832714
1.01575
1.02752
0.868217
1.05085
0.918033
0.976378
1.17431
1.17431
1.17431
1.17431
1.17431
1.17431
1.17431
0.455357
8.36066
8.25
9.04889
7.68462
2.15821
10.1226
1.92208
2.01235
3.2844
2.73305
2.25926
2.10265
2.17391
18.5097
26.4581
53.0738
15.1613
1.35016
1.72059
1.38608
0.266534
1.48252
1.6194
1.75397
1.69841
1.36264
1.32298
1.58209
4.12313
10.873
9.96923
3.68037
11.3636
8.72038
7.39216
13.6367
9.05652
10.8352
3.80498
1.75912
1.92017
4.23134
3.2067
1.63258
7.00368
1.73597
2.34545
2.26027
1.75417
2.05862
9.23828
10.1847
12.2364
14.6753
13.3791
9.73477
9.63265
15.8398
9.71939
10.7212
4.85542
2.19863
1.60326
1.85625
6.06481
1.71629
1.91096
2.03049
2.69266
10.3793
19.0479
9.80377
11.7692
8.46182
11.4943
16.6875
7.09294
15.7309
19.8739
9.7644
2.29457
1.20225
1.12914
1.45423
1.23513
2.03774
1.6898
0.959885
1.39465
7.12992
1.21084
14.4231
13.3425
21.0107
8.51351
1.72757
1.42806
1.37086
1.6726
1.54745
1.43284
1.34194
1.58993
1.52381
1.34194
6.46763
1.69018
8.42917
11.729
10.9019
14.3825
12.3206
9.30935
14.2982
21.2206
1.73029
1.3869
1.72174
1.5256
1.40753
1.30282
1.40909
1.76
1.9918
5.45
3.05026
9.59155
12.5193
12.9344
11.895
6.62059
10.3383
17.1411
11.5348
6.94845
6.60915
1.04255
1.73307
0.322751
2.17928
1.84646
1.88031
1.58446
2.29412
2.04464
2
2.39216
1.19196
0.926923
0.820513
1.1907
0.923077
0.919492
1.14747
0.838951
6.68293
0.788321
0.793893
0.820896
1.05
1.00806
1.02542
1.08475
1.17431
1.17431
6.24771
9.70741
22.3853
5.75758
2.53731
2.53358
1.9172
2.30556
2.14643
2.06557
2.24823
2.08955
5.46471
1.04598
1.31856
1.58696
4.56767
14.461
4.22167
1.54772
1.2314
1.07563
3.18821
0.711429
1.13095
2.95413
1.07983
0.692568
1.08969
0.743772
0.759259
0.785425
1.20354
1.30645
0.47046
1.43636
1.39815
1.52381
1.35065
1.4964
1.5
6.68662
1.37542
1.33779
1.44667
1.8
1.80952
2.98547
11.1424
3.75122
10.9132
8.608
5.73743
11.4188
8.2953
14.7561
13.0216
3.83197
2.15556
1.95402
2.29114
2.90503
1.75655
3.56069
2.66359
0.350128
2.22845
1.96139
1.87748
12.6823
13.1381
3.57422
14.5145
3.3777
6.45965
10.6567
13.9603
9.65299
10.27
2.29021
1.70093
1.47059
2.12203
2.22183
6.69966
1.6586
2.15436
2.15672
13.9222
18.1932
8.47529
8.47876
10.2692
13.9772
11.7091
9.244
7.98419
13.9874
6.31068
2.48844
1.49821
2.05607
2.28019
1.0413
1.2872
1.63433
1.20942
0.721116
0.955774
1.25348
0.365602
14.7651
15.0791
16.7417
5.47893
3.95238
1.46479
1.52817
1.52459
1.25153
1.23944
1.97037
1.66803
1.6194
0.24794
1.29747
6.86644
19.7067
15.9731
8.06897
12.2544
6.82759
12.7981
10.7388
7.42606
4.22835
2.25541
1.80714
1.0546
1.34311
1.81746
1.58065
1.4404
1.62698
1.7007
8.62727
1.28477
1.25714
2.94371
2.83085
3.29595
2.76707
1.0757
0.923729
0.87218
0.910569
0.957983
1
0.901639
2.66355
1.43056
8.15094
6.25076
9.93304
12.0752
5.02817
9.80569
6.35174
7.55172
8.19903
0.262919
1.41447
2.00772
1.56949
1.75251
2.5907
1.86
1.65693
2.2541
1.83444
2.0166
4.32117
9.38258
6.3538
8.43462
6.9104
6.62776
15.0038
6.62216
9.25446
6.73759
2.42182
6.27532
2.12014
1.78614
1.98734
2.11552
2.03086
2.93852
2.4
18.3839
3.46088
0.570297
1.55625
1.03683
0.663866
0.746575
0.867188
1.08929
1.09091
0.724739
1.16102
0.955556
0.913043
5.85305
0.729452
0.979253
0.648649
0.795918
