0.613445
1.07042
0.291005
0.518868
0.516509
0.790614
1.07042
0.879518
0.52019
0.513064
1.04587
1.87302
2.09735
0.312169
0.516432
0.509434
0.582447
1.07042
0.879518
0.522565
0.509434
0.823308
1.05869
0.316138
1.17413
0.814815
0.518868
0.509434
1.04587
1.05164
0.514085
0.513064
0.604972
0.313492
0.939914
0.522565
1.42857
1.01852
0.568421
1.04587
1.05164
0.663636
0.522565
2.17099
1.07798
1.05164
0.516432
0.490566
1.18182
1
1.64384
1.11443
0.555838
0.522565
0.313492
1.07042
1.05164
0.514085
0.510689
0.604972
1.57516
2.0614
1.35593
0.556604
0.516432
0.310847
1.04587
1.05164
0.663636
0.532067
0.516509
1.07042
1.00461
1.42675
1.34091
2.91038
0.509434
0.935897
1.05869
0.884848
0.522565
0.516509
1.07042
1.05164
0.621387
1.01357
4.80729
0.818182
0.663636
1.07042
0.879518
0.522565
0.516509
1.07042
1.05164
0.879518
0.52019
0.300265
1.6069
1.36025
1.34911
0.737374
0.522565
0.509434
0.876
1.07042
0.879518
0.522565
0.314815
0.943662
1.76259
1.86047
0.82807
0.516432
0.509434
0.604972
1.07042
0.879518
2.24466
0.507042
0.876
1.05164
1.50685
1.47945
1.13402
0.518868
0.509434
1.04587
1.05164
2.15141
0.498845
0.604972
1.07042
0.84739
0.592179
1.5493
1.52778
0.683544
1.04587
1.05164
0.697452
0.316138
0.516509
1.07042
1.07512
0.52019
0.52019
1.07042
1.56849
1.93443
1.05164
2.32614
0.508083
0.516509
1.07042
1.05164
0.534146
0.510689
0.587131
1.65957
1.87705
1.70213
0.312169
0.516432
0.518868
1.04587
1.05164
0.697452
0.532067
0.516509
1.03286
1.2973
4.6068
1.63889
0.718954
0.509434
0.876
1.07042
0.879518
0.522565
0.516509
1.07042
1.05164
0.308201
0.972851
1.97458
1.22034
0.632948
1.07042
0.879518
0.522565
0.509434
0.935897
1.05869
3.70303
0.489607
0.920168
1.28729
1.856
1.63448
0.753994
0.516432
0.509434
0.876
1.07042
0.879518
0.316138
0.501179
1.3297
1.19588
1.55333
1.15122
0.516432
0.509434
0.632948
1.07042
0.328297
0.512821
0.509434
0.935897
1.05164
1.58904
1.47945
1.06796
0.774648
0.516509
1.07042
4.1073
0.508083
0.509434
0.663636
1.07042
0.863454
0.911392
1.63014
1.63433
0.737374
1.07042
1.05164
0.284392
0.512821
0.516509
1.07042
0.879518
0.507126
0.575558
1.01878
1.42405
1.61644
4.93915
0.516432
0.518868
0.516509
1.07042
1.04147
0.522565
0.509434
0.632948
1.46497
4.55366
1.2
0.880597
0.516432
0.537736
1.04587
1.05164
0.663636
0.551069
0.516509
1.05164
0.309524
1.09278
1.51282
1.00917
0.593407
0.876
1.07042
0.879518
0.522565
0.516509
1.07042
4.49531
0.650888
0.939815
1.95868
1.74419
0.79927
1.07042
0.879518
0.522565
0.509434
0.876
1.07042
0.284392
0.494172
1.02703
1.07042
1.71739
1.56863
0.746835
0.516432
0.509434
0.823308
4.33568
0.811111
0.522565
0.516509
1.50336
1.02752
1.44304
1.07463
0.814815
0.509434
0.604972
4.3216
0.865613
0.508083
0.509434
0.876
1.07512
1.67376
0.730897
1.00917
1.01852
0.516509
4.33568
0.920168
0.522565
0.509434
0.632948
1.07042
0.863454
0.977376
1.65068
2.17431
1.51724
1.07042
4.33099
0.621469
0.518868
0.516509
1.07042
0.939914
0.503563
0.725166
1.07746
1
1.59333
4.45139
0.554156
0.518868
0.516509
1.07042
1.04147
0.522565
0.509434
0.632948
1.16098
4.05895
1.04398
1.11888
0.659639
0.56057
1.04587
1.05164
0.632948
0.570071
0.516509
1.05164
0.313492
1.13706
0.786667
1.00917
0.857143
1.04587
1.05164
0.879518
0.522565
0.516509
1.07042
0.30291
0.909091
1.01389
1.67376
1.57333
1.56863
1.16585
0.947791
0.516432
0.509434
1.04587
1.05164
0.284392
0.494172
1.12621
0.953917
0.88189
1.11111
0.936508
0.516432
0.509434
0.935897
4.31221
0.8577
0.518868
0.516509
1.25926
1.0892
0.713805
1.09259
0.92437
0.509434
0.632948
4.51878
0.947791
0.516432
0.509434
0.935897
1.35758
1.61644
0.640379
1.11111
1.01852
0.774648
4.3216
1.0181
0.508083
0.509434
0.632948
1.07042
0.863454
0.977376
1.55137
1.55776
1.53595
1.52866
4.46948
0.577428
0.518868
0.516509
1.07042
1.04147
0.515439
1.00459
1.07042
0.863454
0.977778
0.312169
0.691824
0.518868
0.509434
1.04587
1.05164
0.514085
0.494062
0.601648
1.05164
0.308201
0.652819
1.09259
0.866142
0.537736
1.04587
1.05164
0.663636
0.551069
0.516509
4.40376
1.49673
0.911392
0.595745
1.27168
1.01389
0.956332
1.05869
0.884848
0.52019
0.513064
1.04587
0.308201
1.17742
1.02817
1.67376
1.61644
1.50318
1.65248
0.744479
0.516432
0.509434
1.04587
1.05164
0.27381
0.579365
1.28177
1.01382
0.532067
1.11111
0.936508
0.516432
0.509434
0.935897
4.31925
0.8577
0.518868
0.5
1.00901
1.04587
0.654155
1
1.00917
0.72
0.663636
0.358516
0.879518
0.522565
0.509434
1.04587
1.68794
1.36994
0.637681
1.35632
1.08955
0.830189
4.3216
0.848837
0.522565
0.509434
0.697452
1.03286
1.21081
0.99095
1.67376
1.2132
1.55195
1.70213
4.35747
0.516432
0.518868
0.536765
1.07042
0.879518
0.513064
1.28824
1.40606
0.723906
0.805861
0.312169
0.866142
0.518868
0.509434
1.04587
1.05164
0.555838
0.503563
1.02703
1.05164
3.682
0.484848
1.07407
1
0.537736
1.04587
1.05164
0.604972
0.551069
0.501179
1.3297
0.313492
0.660661
0.609971
1.62329
1.24855
1.34831
1.05164
0.779359
0.522565
0.518868
1.07042
4.47653
1.10606
1.01408
1.06796
0.995475
1.38182
1.69504
0.744479
0.516432
0.509434
1.04587
1.05164
0.279101
0.791209
1.63699
1.05164
0.538071
1.01852
1.09259
0.728477
0.509434
0.663636
1.07042
0.284392
0.512821
0.516509
1.05164
0.876
0.52019
0.63388
1.00917
0.857143
0.632948
4.5
0.947791
0.516432
0.509434
0.935897
1.68794
1.07512
0.580902
1.0939
1.65248
1.06829
4.3216
0.904959
0.532067
0.516509
0.673846
1.05634
1.58904
1.11168
1.70213
1.17073
1.56849
1.35802
4.56944
0.539216
0.518868
0.516509
1.07042
0.879518
0.513064
1.25862
1.67376
0.699029
0.525822
0.312169
1.01818
0.518868
0.518868
1.04587
1.05164
0.579365
0.513064
1.02703
1.05164
0.333791
0.522565
1.07407
1.01852
0.850746
1.04587
1.05164
0.604972
0.551069
0.516509
1.69504
0.316138
0.656535
0.621387
1.2973
1.61644
1.47205
1.05164
0.715655
0.518868
0.518868
1.04587
0.308201
1.08416
0.826415
1.07042
0.922747
1.44304
1.07317
0.936508
0.516432
0.509434
1.04587
4.3169
0.748299
1
1.63699
1.15122
0.525822
0.743243
1.09259
0.866142
0.509434
0.776596
1.07042
0.284392
0.494172
0.765734
1.05164
0.876
0.522565
0.481132
1.11111
1
0.697452
4.32629
0.852713
0.518868
0.518868
1.02582
1.13447
0.876
0.52019
1.01408
1.60274
1.64539
1.33898
0.312169
0.516432
0.509434
0.697452
1.05164
1.61644
1.11168
1.26984
1.05869
0.820202
1.23596
4.45833
0.532688
0.518868
0.516509
1.07042
0.863454
0.648649
1.25862
1.67376
0.763754
0.61385
0.312169
1.07407
0.820896
0.537736
1.04587
1.05164
0.604972
0.532067
1.02703
1.05164
2.23537
0.493072
0.852336
1.01852
0.869048
1.07042
1.05164
0.632948
0.52019
0.505938
1.58667
5.05026
0.627907
0.604972
1.0939
1.62411
1.61268
1.36416
0.642659
0.518868
0.537736
1.00917
5.26536
1.47771
0.73
1.07042
1.06452
0.769231
1.11111
0.936508
0.516432
0.509434
1.04587
4.30751
0.785455
1.00459
1.68085
1.24868
0.516432
0.528302
1.09259
1.00917
0.524272
0.734899
4.33099
0.852713
0.5
1.02703
1.05164
0.823308
0.522565
0.516509
1.59589
1.16757
0.986486
1.07042
0.284392
0.512821
0.5
1.03095
1.07801
0.876
0.52019
1.0892
1.1122
1.4303
1.69504
0.312169
0.516432
0.509434
0.734899
1.05164
1.61644
0.865613
1.07042
1.05164
0.863454
1.03111
0.312169
0.691824
0.509434
0.555838
1.07042
0.863454
0.977376
1.38608
1.68085
0.744479
0.525822
0.312169
1.00917
0.873016
0.509434
1.04587
1.05164
0.514634
0.625714
1.07042
0.879518
2.17696
0.545035
0.990826
1.26437
1
1.04587
1.05164
0.579365
0.522565
0.536765
1.37572
4.37559
0.529412
0.663636
1.01408
1.56849
1.61268
1.36416
0.589474
0.518868
0.518868
1.02752
6.33904
1.27168
0.601648
1.07042
0.939914
0.503563
1.11111
1.09259
0.516432
0.509434
1.04587
4.29108
0.941176
1.01389
1.68085
1.11443
0.516432
0.5
1.01724
1.00917
0.857143
0.697452
1.07042
0.284392
0.494172
1.12621
1.05164
0.663636
0.522565
0.516509
1.0939
1.62411
0.969027
1.07042
0.284392
0.512821
0.490566
0.969027
1.07512
0.893878
0.52019
1.07042
1.07042
1.34118
1.35632
0.312169
0.516432
0.509434
0.697452
1.14146
1.59589
0.681388
0.935897
1.05869
0.868687
2.67989
1.09259
0.866142
0.518868
0.536765
1.07042
0.863454
0.977376
1.28824
1.4902
0.699681
2.19834
0.518868
1.00917
1.01852
0.568421
1.04587
1.05164
0.545685
0.811111
1.07042
0.879518
2.19834
0.509434
0.935897
1.59589
1.41176
1.31034
1.05164
0.514085
0.522565
0.536765
1.05164
3.682
0.51049
0.673846
1.07042
0.863454
1.55333
1.17413
0.601093
0.518868
0.509434
1.02752
0.353022
1.04286
0.52019
1.07042
0.879518
0.579572
1.01852
1.09259
0.769231
0.509434
1.04587
0.309524
1.42857
1.01389
1.68085
1.06787
0.516432
0.509434
0.622222
1.00917
0.857143
0.823308
4.4061
0.947791
0.530266
1.48408
1.05164
0.536585
0.518868
0.516509
1.03756
1.62411
1.61268
5.29558
0.842857
0.516432
0.5
1.00901
1.07042
0.663636
0.52019
1.07042
0.995305
0.866142
0.31746
0.936508
0.516432
0.509434
0.734899
1.50336
1.61644
0.690852
1.07042
1.05164
0.879518
0.305556
1.09259
1.00917
0.555556
0.536765
1.07042
0.863454
0.99095
1.32727
1.13433
0.826415
0.308201
0.484848
0.990991
1.01852
0.869048
1.07042
1.05164
0.558201
1.1466
1.07042
0.883534
0.335165
0.509434
0.876
1.0939
1.62411
1.6
1.05164
0.514085
0.503563
0.655689
1.05164
0.333791
0.52019
0.642229
1.07042
0.863454
0.977778
1.09259
0.835821
0.518868
0.518868
1.02752
0.298942
0.761905
0.516509
1.07042
0.939914
0.522565
0.606383
1.09259
0.866142
0.509434
4.27064
1.05164
1.62329
1.01389
1.36416
1.08451
0.582011
0.518868
0.528302
1.43791
1
0.811111
0.313492
0.811321
0.657658
1.67376
1.24309
0.649275
0.518868
0.518868
1.04587
1.46104
1.92
6.86525
0.75641
0.516432
0.5
1.00901
1.07042
0.514085
0.52019
1.07042
1.05164
2.50967
0.960699
1.09259
0.516432
0.509434
0.776596
1.68794
1.25397
0.606648
1.07042
1.05164
0.826415
0.320106
1.09259
1.00917
0.857143
0.582447
1.05164
1.34118
1.06829
1.4698
1.15122
0.946939
0.316138
0.505896
1.14568
1.04762
0.869048
1.07042
1.05164
0.495305
1.06829
1.69504
0.744479
0.316138
0.509434
0.776596
1.07042
1.56849
1.61268
1.24868
0.516432
0.516509
1.07042
1.07512
0.313492
0.52019
0.74744
1.07042
0.815261
0.652819
1.09259
0.866142
0.518868
0.490566
5.15659
1.36471
0.699681
0.540741
1.07042
0.883534
0.54717
0.5
1.09259
1.00917
0.568421
4.26835
1.05164
1.42857
0.915254
1.04587
1.05164
0.579365
0.522565
0.507353
1.59589
1.62411
1.25862
0.358516
0.863454
0.92827
1.67376
1.24309
0.649275
0.518868
0.518868
1.04587
0.995305
1.32584
1.65248
0.312169
0.510563
0.560819
1.05869
0.884848
0.52019
0.541568
1.04587
1.05164
0.647399
0.31746
1.09259
0.866142
0.509434
0.734899
1.51592
1.07512
0.559796
1.07042
1.05164
0.879518
0.315476
0.545229
1.00917
0.857143
0.555838
1.05164
1.61644
1.11168
1.18378
1.07042
0.879518
0.316138
0.509434
1.04587
1.59589
1.08955
1.13433
1.06338
0.563707
1.06829
1.69504
0.744479
2.17254
0.509434
0.734899
1.07042
1.31765
1.61644
1.1122
0.552764
0.516509
1.07042
1.07512
2.57843
0.51049
0.708738
1.07042
0.879518
0.532067
1.09259
1.00917
0.555556
0.490566
1.52597
0.308201
0.697452
0.540741
1.07042
0.879518
0.522565
0.528302
0.887097
1.01852
0.857143
4.22477
1.11491
1.42208
0.699681
1.07042
1.05164
0.555838
0.510689
0.555838
1.07512
1.61644
1.46584
0.351648
0.931727
0.986486
1.68085
1.67376
0.516432
0.518868
0.509434
1.04587
1.07042
1.37059
4.7122
0.951613
0.497653
0.862205
1.05164
0.876
0.522565
0.509434
1.04587
1.05164
0.515228
0.316138
1.09259
0.866142
0.509434
0.814126
1.05164
0.876
0.52019
1.07042
1.05164
0.776596
0.316138
0.481132
1.11111
1
0.693038
1.07512
1.67376
1.11168
0.779359
1.07042
0.879518
0.316138
0.509434
0.990826
1.49367
1.65248
1.44578
0.909871
0.728477
1.05288
1.68085
0.744479
2.17254
0.509434
0.734899
1.07042
0.851406
1.42012
1.09259
0.628571
0.516509
1.07042
1.01382
0.316138
0.509434
0.663636
1.07042
0.879518
0.532067
0.893939
1.00917
0.873016
0.490566
1.2809
0.308201
0.628571
0.516509
1.07042
0.879518
0.522565
0.518868
0.718447
1.04762
0.915254
4.32339
1.49367
1.64539
0.694006
1.04587
1.05164
0.579365
0.532067
0.536765
1.07042
1.56849
1.61268
0.31746
0.672464
0.986486
1.68085
1.21081
0.582011
0.518868
0.509434
1.04587
1.03286
0.641399
0.31746
0.936508
0.504695
1.12871
1.08451
0.899598
0.518868
0.518868
1.04587
1.05164
2.4246
0.517321
1.01852
1.00917
0.571429
0.79927
1.05164
0.876
0.52019
1.07042
1.05164
3.25
0.508083
0.521226
1.62329
1.16757
0.986486
1.07512
1.67376
0.768421
0.790614
1.07042
0.879518
0.316138
0.518868
1.04587
1.07042
1.51299
1.70213
0.839858
0.990826
1.16489
1.68085
0.744479
0.316138
0.509434
0.823308
1.07042
0.899598
1.11111
1.09259
0.785185
0.690852
1.05046
1.01288
0.316138
0.509434
0.776596
1.07042
0.879518
0.497625
0.56338
1.00917
0.873016
0.490566
4.07965
1.02703
0.507075
0.555838
1.07042
0.879518
0.52019
0.56057
0.734043
1.59589
1.05366
4.94072
1.62329
1.65248
0.549618
1.04587
1.05164
0.555838
0.513064
0.555838
0.995305
1.31844
6.5922
1.30864
0.890625
1.01389
1.68085
1.11443
0.607735
0.518868
0.509434
1.04587
1.05164
0.538071
0.31746
1.09259
0.587432
1.48052
1.05634
0.825623
0.518868
0.537736
1.04587
1.05164
2.53177
0.517321
0.72973
1.00917
0.84127
0.920168
1.05164
0.876
0.52019
1.07042
1.05164
0.826415
0.316138
0.509434
1.04587
1.56849
0.961538
1.2861
1.55333
0.681388
0.734899
1.07042
0.879518
0.316138
0.509434
1.04587
1.07042
1.58904
1.40127
0.936508
0.990826
1.08416
1.23243
0.779359
2.19834
0.509434
0.776596
1.07042
0.869478
0.588387
1.09259
0.850394
0.935897
1.07042
0.879518
2.19834
0.509434
0.734899
1.07042
0.879518
0.522565
0.518868
1.00917
0.988426
0.759099
1.07512
0.313492
0.510689
0.555838
1.07042
0.879518
0.522565
0.509434
0.776596
1.5
1.62411
1.42169
0.304233
0.894309
0.516509
1.07042
1.05164
0.534146
0.510689
0.587131
1.07042
0.863454
1.55333
0.312169
1.35802
1.01389
1.67376
1.08451
0.607735
0.518868
0.509434
1.04587
1.05164
0.525822
0.31746
1.05556
1.06311
1.58904
1.47771
0.676923
0.518868
0.509434
1.04587
1.05164
0.663636
0.321429
0.529412
1.00917
0.84127
1.02703
1.05164
0.579365
0.52019
1.07042
1.05164
2.91879
0.505774
0.513064
0.990826
1.58904
1.60584
1.75373
1.44304
0.580902
0.83908
1.07042
0.879518
0.316138
0.516509
1.07042
0.976526
0.843137
1.04762
1.05357
0.986239
1.08955
1.07042
0.879518
2.17696
0.498845
0.823308
1.07042
0.879518
0.503563
1.01852
0.990826
1.23034
1.68085
0.932806
2.16667
0.509434
0.582447
1.07042
0.879518
0.522565
0.490566
0.830827
0.981481
1.38608
1.15122
3.77755
0.518868
0.536765
1.07042
0.879518
0.522565
0.509434
0.734899
1.07042
1.56849
1.62676
6.59247
0.694006
0.509434
1.04587
1.05164
0.555838
0.513064
0.555838
1.07042
0.863454
3.75486
1.09259
1.50685
1.05882
1.1068
1.05164
0.697452
0.522565
0.516509
1.07042
1.07512
0.540741
0.320106
1.07407
1.36709
1.56164
1.55705
0.634783
0.522565
0.509434
1.04587
1.05164
0.697452
0.316138
0.507075
1.38272
1.01389
1.23243
0.826415
0.522565
0.518868
1.07042
1.07512
3.14164
0.51049
0.52019
1.07512
1.33333
1.61644
2.13761
1.05263
0.516509
0.83908
1.07042
0.879518
0.308201
0.503497
1.04587
1.05164
0.713376
1.09259
1.42857
1.35
0.920168
1.07042
0.879518
0.314815
0.509434
0.876
1.07042
0.879518
0.532067
0.818182
1.01376
1.52083
1.45223
0.779359
0.316138
0.509434
0.632948
1.07042
0.879518
0.522565
0.509434
0.935897
1.00952
1.6
4.88095
0.501166
0.503497
0.604972
1.07042
0.879518
0.522565
0.509434
0.876
0.995305
1.49275
7.00746
1.5302
0.724919
0.566038
0.556604
1.07798
1.05164
0.628571
0.566038
0.556604
4.29128
0.903361
1.56164
1.88095
0.842105
0.556604
1.07798
1.05164
0.914286
0.566038
0.556604
4.36468
1.05164
0.601093
1.00917
1.66667
1.55263
0.814815
1.07042
0.960699
0.566038
0.556604
1.07798
0.308201
0.866142
0.566038
0.642424
1.2
2.0614
1.82171
0.630499
0.512821
0.556604
4.18578
0.967213
0.914286
0.566038
0.556604
1.04128
1.68794
1.96721
0.842912
0.566038
0.556604
0.316138
1.07042
0.960699
0.566038
0.556604
1.07798
1.03286
1.65957
1.7623
1.11675
0.631579
0.312169
1.07798
0.877551
0.512821
0.556604
0.700637
1.07042
0.960699
0.528302
1.10891
1.66667
0.312169
1.07798
1.05164
0.628571
0.566038
0.556604
1.07798
0.877551
0.512821
0.537736
0.316138
1.55263
1.61644
1.41212
0.566038
0.566038
0.556604
1.07798
1.05164
0.512821
0.312169
0.635838
1.07042
2.07018
1.81008
0.578065
0.566038
0.556604
1.07798
1.05164
0.658683
0.31746
0.556604
1.07798
0.956332
1.23729
1.03286
0.952381
0.556604
1.07798
1.05164
0.978166
0.31746
0.556604
1.07798
1.05164
0.628571
0.624277
1.42857
1.09259
0.728477
1.07042
4.131
0.566038
0.556604
1.07798
1.05164
0.914286
0.566038
0.566038
1.47945
1.42857
1.69504
2.96602
0.508083
0.556604
1.07798
1.05164
0.978166
0.566038
0.556604
1.09633
1.67376
1.66197
0.314815
0.566038
0.556604
0.700637
1.07042
0.960699
0.566038
0.556604
1.07798
1.05164
0.320106
1.36646
1.01852
0.606061
0.578431
1.07042
0.960699
0.566038
0.556604
0.738255
4.36385
0.92827
0.54717
1.13402
1.11111
0.936508
1.07798
1.05164
0.575916
0.556604
0.598985
0.310847
0.86
0.512821
0.54717
0.753425
1.09259
1.61644
1.03286
0.566038
0.566038
0.316138
1.07042
0.960699
0.566038
0.556604
0.738255
0.976526
1.76866
1.16757
0.543689
2.22995
0.556604
1.07798
1.05164
0.601093
0.566038
0.578431
1.07042
0.960699
0.780142
1.01852
0.31746
0.556604
1.07798
1.05164
0.814815
0.566038
0.556604
1.07798
1.05164
0.575916
0.312169
1.20879
1.09259
0.780142
1.07042
0.960699
0.566038
0.556604
1.07798
1.05164
0.769231
0.31746
0.528302
1.81746
1.42857
1.69504
0.695793
0.512821
0.556604
1.07798
1.05164
0.914286
0.31746
0.556604
1.04128
1.39873
1.51034
0.782918
0.566038
0.556604
0.700637
1.07042
4.19869
0.516432
0.556604
1.07798
1.05164
0.865306
1.50685
1.14583
0.722892
0.556604
1.07798
0.284392
0.512821
0.556604
0.700637
1.07042
0.960699
0.537736
1.26455
1.11111
0.936508
4.26606
1.06306
0.628571
0.566038
0.556604
1.07798
0.877551
0.512821
0.537736
0.685015
1.66667
0.31746
1.21547
0.566038
0.566038
0.556604
1.07798
0.938865
0.512821
0.556604
2.76515
1.06019
1.78462
1.72
0.641834
0.566038
0.556604
1.07798
1.05164
0.628571
0.566038
0.312169
1.07798
0.844898
0.978166
1.375
1.11111
0.556604
1.07798
1.05164
0.914286
0.566038
0.312169
1.07798
1.05164
0.579235
0.679887
1.58904
1.3758
1.06796
1.07042
0.960699
0.566038
0.312169
1.07798
1.05164
0.814815
0.566038
0.556604
1.07798
2.07895
1.88
0.602241
0.512821
0.312169
1.07798
1.05164
0.914286
0.566038
0.556604
1.04128
1.54667
2.04386
1.24294
0.566038
0.312169
0.738255
1.07042
0.960699
0.566038
0.556604
1.07798
1.03286
1.1134
1.21277
1.52778
0.312169
0.598985
1.07042
0.960699
0.566038
0.556604
0.780142
1.07042
0.960699
0.556604
0.321429
1.75182
1.06787
1.07798
1.05164
0.552764
0.556604
0.606383
1.07042
0.960699
2.27712
0.556604
1.09633
1.66667
2.07895
1.02871
0.512821
0.566038
0.556604
1.07798
1.05164
0.314815
0.556604
0.585635
1.32402
1.61702
1.3012
0.921875
0.566038
0.556604
1.07798
1.05164
0.314815
0.556604
0.598985
1.07042
0.960699
1.05556
1.50685
1.5125
0.678161
1.07798
1.05164
0.314815
0.566038
0.556604
1.07798
1.05164
0.575916
1.01724
1.06335
1.67376
1.23596
1.07042
0.314815
0.566038
0.556604
1.07798
1.05164
0.769231
0.54717
0.633245
1.01408
1.78195
6.76642
0.645161
0.566038
0.556604
0.780142
1.07042
0.960699
0.566038
0.556604
1.05963
1.56849
0.301587
1.04762
0.952381
0.556604
0.738255
1.07042
0.960699
0.566038
0.556604
1.07798
4.32629
1.50955
1.17073
1.50685
1.09259
0.598985
1.07042
0.960699
0.566038
0.556604
0.780142
1.07042
0.311508
0.614597
1.64384
1.98347
1.5302
1.30899
1.01843
0.566038
0.556604
0.606383
1.07042
0.314815
0.566038
0.556604
1.07798
1.07042
1.80952
1.07317
0.533981
0.566038
0.556604
0.31746
1.05164
0.512821
0.556604
0.596685
1.59589
1.52866
1.29412
1.01852
0.759494
2.21108
1.07273
1.07512
0.610687
0.556604
0.606383
1.05869
1.19182
1.07407
1.45455
1.16346
0.936508
0.31746
1.05164
0.691824
0.566038
0.556604
1.07798
1.05164
0.521739
1.16832
1.40606
1.66667
0.309524
1.38462
0.623188
0.540793
0.556604
1.07798
1.05164
0.691824
0.556604
0.88
4.34507
1.37952
1.16402
0.820896
0.566038
0.556604
0.940171
1.05869
0.984615
0.566038
0.556604
0.30291
1.28022
0.811388
1.00917
1.11111
0.572816
0.827068
1.07042
0.960699
0.566038
0.556604
0.313492
1.07512
1.56863
1.05556
1.61644
1.07463
0.850746
1.07042
0.960699
0.566038
0.556604
3.61466
1.07339
0.831325
0.737201
1.61644
1.25405
1.25967
1.60274
0.869565
0.566038
0.556604
2.47207
1.07798
0.877551
0.512821
0.556604
1.07798
0.886463
0.973333
1.12676
0.820896
0.566038
0.312169
1.07798
1.05164
0.552764
0.556604
0.595745
1.59589
1.15736
0.672464
1
3.65675
0.526786
1.07798
1.05164
0.575916
0.556604
0.598985
1.03286
1.46296
1.17413
1.41772
1.69504
0.312169
1.14078
1.05164
0.728477
0.566038
0.556604
1.07798
1.05164
0.552764
1.13462
1.7234
0.284392
1.58904
1.4698
0.711246
0.566038
0.556604
1.07798
1.05164
0.728477
0.556604
4.29587
1.05963
0.725166
0.995475
1.01852
0.582524
0.556604
0.88
1.07042
0.960699
0.566038
0.306878
1.4321
1.10952
0.963855
0.940171
1.11111
0.936508
0.827068
1.07042
0.960699
0.566038
0.312169
1.07798
1.03286
1.38272
0.84507
1.12919
1.41176
0.866142
1.07042
0.960699
0.566038
2.22052
0.88
1.07042
0.960699
1.09259
1.61644
1.44379
1.18274
1.40127
0.820896
0.566038
0.556604
0.316138
1.07042
0.960699
0.556604
0.700637
1.07042
0.960699
0.666667
1.01852
0.952381
2.22995
0.556604
1.07798
0.938865
0.512821
0.556604
0.654545
1.17822
0.944206
0.537736
1.00917
0.320106
0.621053
1.07798
1.05164
0.531401
0.556604
0.607735
1.03286
1.57333
1.24868
0.954955
0.312169
1.68794
1.42169
1.07512
0.695652
0.566038
0.556604
1.07798
1.01408
0.631579
1.16832
6.79078
0.64486
1.60274
1.27168
0.78
0.566038
0.556604
1.07798
1.05164
0.728477
0.556604
0.313492
1.07512
0.604775
0.940171
1.01852
0.952381
0.556604
0.827068
1.07042
0.960699
2.22995
0.54717
1.25275
1.04587
0.830189
0.566038
1.00917
0.936508
0.780142
1.07042
0.960699
2.22995
0.556604
1.04817
1.3297
1.65248
0.744479
1.09633
1.68794
1.896
1.16915
0.823755
0.512821
0.312169
0.827068
1.07042
0.960699
1.09259
1.61644
1.53691
0.691824
1.16402
1
0.54717
0.312169
0.607735
1.07042
0.960699
0.556604
0.940171
1.07042
0.960699
0.566038
1.00917
1.11111
0.31746
0.556604
1.07798
1.05164
0.512821
0.537736
0.641834
1.07512
1.03004
0.556604
0.291005
1.11111
0.936508
1.07798
1.05164
0.531401
0.556604
0.607735
1.07512
1.70213
1.06787
0.291005
1.0892
1.66667
1.45062
1.05164
0.575916
0.566038
0.556604
1.07798
1.01408
0.881633
5.07181
1.56209
0.695793
1.10606
1.02113
0.894212
0.566038
0.556604
1.07798
1.05164
0.639222
0.312169
1.19588
1.07512
0.556604
0.633333
1.01852
0.952381
0.556604
1.07798
1.05164
0.978166
0.31746
0.556604
1.07339
1.07042
0.570292
0.568365
1.56863
1.09259
0.92437
1.07042
0.960699
0.31746
0.556604
1.04128
1.55333
1.70213
0.676218
1.04128
1.54248
1.62329
1.67376
0.694006
0.31746
0.556604
0.88
1.07042
1.03286
1.09259
1.61644
1.18274
0.631579
1.00917
1.01852
0.314815
0.556604
0.607735
1.07042
0.960699
0.556604
1.61644
1.07042
0.9869
0.537736
0.827068
0.316138
0.952381
0.556604
1.07798
1.05164
0.531401
0.556604
0.738255
1.07512
1.03004
0.312169
1.09633
1.28042
1
1.07798
1.05164
0.552764
0.556604
0.606383
1.07512
1.70213
0.312169
0.738255
1.0892
1.69504
1.82946
1.24277
0.540793
0.566038
0.556604
1.07798
1.03286
0.309524
1.16832
1.52229
0.720137
0.558376
1.01852
0.873016
0.566038
0.556604
1.07798
1.05164
0.314815
0.797297
1.28495
1.05164
0.512821
0.566038
1.00917
1.11111
0.678161
0.940171
4.33803
0.9718
0.566038
0.556604
1.07798
0.939914
0.522565
0.566038
1.52597
1.51592
1.06796
4.34977
0.92827
0.566038
0.556604
1.04128
1.55333
1.17073
0.625995
1.07798
1.07042
1.46296
1.67376
0.314815
0.566038
0.556604
0.940171
1.03286
1.44304
1.07463
1.61644
1.16098
0.580902
1.04977
0.314815
0.952381
0.556604
0.666667
1.07042
0.960699
0.556604
1.61644
1.38182
0.776699
2.22642
0.626444
1.01852
0.952381
0.556604
1.07798
0.877551
0.512821
0.556604
1.07798
1.05164
0.314815
0.556604
0.957265
1.71631
1.09259
1.14078
1.05164
0.575916
0.566038
0.558824
5.7956
1.53896
0.744479
0.88
1.03286
1.35758
1.61268
1.01852
0.566038
0.566038
0.556604
1.07798
0.284392
0.96
1.1828
1.16585
0.877551
0.484848
0.997706
1.04429
0.631579
0.556604
1.07798
0.309524
0.658683
1.09259
1.30337
0.960699
0.566038
0.537736
0.780142
1.11111
0.936508
0.940171
0.311508
0.962637
0.531469
0.626781
1.05164
0.92437
0.566038
0.556604
1.04128
1.68794
4.71907
1.02703
0.960699
0.566038
0.556604
0.905983
1.28022
1.07042
0.556604
1.07798
1.07042
1.15263
0.314815
0.873016
0.566038
0.556604
0.88
1.03286
1.55333
1.24868
1.35057
1.05164
0.663174
0.316138
1.01852
0.952381
0.556604
0.635838
1.07042
0.925764
0.677778
1.61644
1.5302
0.757282
0.31746
0.566038
1.00917
1.11111
0.746835
1.07798
0.938865
0.512821
0.556604
1.07798
0.309524
0.575916
0.556604
0.896
1.38182
1.66667
1.42169
1.07512
0.610687
0.566038
2.23467
1.64539
1.30899
0.684058
0.827068
1.07042
0.978166
1.16402
1.01852
0.648352
0.566038
2.23467
1.03286
1.30939
1.17413
1.06796
1.07042
0.960699
0.566038
0.864
1.03704
0.952381
0.556604
0.314815
1.05164
0.658683
1.09259
1.61644
0.794224
0.566038
0.556604
0.635838
1.06422
3.72421
1.02703
1.05164
0.978166
0.556604
1.07798
1.05164
0.92437
0.566038
0.556604
1.09633
6.80851
1.64539
1.50318
0.750853
0.566038
0.537736
1.25269
1.04587
0.883534
0.556604
1.07798
0.976526
0.308201
1.04977
0.873016
0.566038
0.556604
1.07798
1.03286
1.55333
1.06787
1.07798
1.05164
0.314815
0.537736
1.00917
1.11111
0.678161
0.666667
1.07042
0.960699
0.951613
1.61644
1.56863
0.314815
0.566038
0.537736
1.49367
1.07317
0.936508
1.07798
0.938865
0.512821
0.588235
4.35446
0.907173
0.512821
0.556604
0.88
1.03286
1.70213
1.82946
1.1561
0.566038
0.566038
0.306878
1.46835
1.07042
0.557252
0.794224
1.07042
0.960699
0.827068
1.01852
0.920635
0.566038
0.312169
1.04128
1.55333
1.27568
0.966102
1.07042
0.960699
0.566038
0.560142
1.03464
1.01695
0.312169
1.07798
1.05164
0.658683
1.09259
1.61644
0.842912
0.566038
0.556604
0.618785
6.85816
1.18
1.32584
1.05634
0.920755
0.556604
1.07798
1.05164
0.691824
0.566038
0.556604
0.339286
1.21081
1.60563
1.67376
0.694006
0.566038
0.54717
1.04854
1.04587
0.883534
0.556604
0.358516
1.07512
0.610687
1.00917
1.01852
0.659341
0.556604
1.07798
1.07512
1.70213
0.744479
0.337912
1.05164
0.691824
0.566038
0.780142
1.03704
0.936508
0.700637
1.07042
0.960699
1.09259
6.35959
1.52614
0.616034
0.540793
0.556604
1.09633
1.56863
0.867647
1.07042
0.960699
0.556604
0.316138
1.07042
0.960699
0.566038
0.556604
1.07798
1.0892
1.69504
1.82946
0.869565
0.566038
0.312169
0.588832
1.05505
0.883534
0.556604
0.940171
1.05869
0.938462
0.614597
1.01852
3.83929
0.566038
0.556604
1.05505
1.62329
1.17413
0.691824
1.07042
0.960699
0.566038
0.528302
0.316138
1.11111
0.746835
1.07798
1.01408
0.894309
1.09259
1.61644
0.794224
0.566038
0.556604
0.294974
1.34831
1.66667
1.42169
1.05634
0.868327
0.556604
1.40588
1.05164
0.601093
0.566038
0.312169
1.07798
1.01408
1.34706
1.15873
0.830189
0.566038
0.556604
1.05963
1.04587
0.830189
0.312169
1.07798
1.05164
0.552764
0.738255
1.01852
0.952381
0.556604
0.905983
1.32402
1.70213
0.312169
1.07798
1.05164
0.728477
0.566038
0.566038
1.00917
1.09259
0.666667
1.07042
4.03275
0.983333
1.61644
1.40606
0.776699
0.566038
0.556604
1.09633
1.71631
1.68794
1.19192
0.842912
0.312169
1.08911
1.07042
0.960699
0.566038
0.556604
0.940171
1.05869
1.1867
1.26437
1.01852
0.31746
0.54717
0.626781
1.07512
1.03004
0.556604
0.88
1.07042
0.960699
0.566038
4.24541
1.11111
0.722892
0.556604
1.05505
1.62329
0.932806
0.635838
1.07042
0.960699
0.566038
0.306878
0.890688
1.11111
0.936508
1.07798
1.03286
1.13402
1.09259
1.48734
0.733788
0.512821
0.312169
0.666667
1.0892
1.66667
1.76119
1.07512
0.672464
0.668555
1.4321
1.07512
0.610687
0.362637
0.556604
1.07798
0.877551
0.904959
1.03286
0.873016
0.566038
0.556604
1.05963
1.07042
0.314815
0.556604
1.07798
1.05164
0.612022
0.578431
1.00917
0.952381
0.556604
0.796992
0.304233
1.3022
0.625995
1.07798
1.05164
0.628571
0.566038
0.537736
1.64384
1.07463
0.866142
0.306878
1.25967
0.977778
1.61644
1.16244
0.779553
0.566038
0.556604
1.00459
1.30387
1.58389
6.05882
0.678233
0.498845
1.29412
1.42012
0.794224
0.566038
0.556604
1.07798
1.05164
0.925764
4.23165
1.07407
0.632184
0.556604
0.88
1.05164
0.92437
0.556604
0.666667
1.07042
0.960699
0.301587
0.687898
1.03704
0.952381
0.556604
1.11005
1.43827
0.794613
0.607735
1.07042
0.960699
0.31746
0.556604
0.896
1.39884
1.09259
1.07798
1.03286
1.20879
1.09259
1.21649
0.960699
0.362637
0.556604
0.635838
1.0892
1.69504
1.82946
1.36943
0.569975
0.893939
1.55195
1.05164
2.38191
0.566038
0.556604
1.07798
0.938865
0.522145
1.01852
0.873016
0.566038
0.588235
4.34507
0.945148
0.566038
0.556604
1.07798
1.05164
0.628571
0.566038
1.00917
1.11111
0.786667
0.282407
1.54754
1.07042
0.535452
1.10329
1.05164
0.658683
0.566038
0.54717
1.2967
1.66667
0.291005
1.03286
1.55333
1.24868
1.61644
1.05634
0.821549
0.566038
0.556604
1.07798
1.07042
5.94904
1.4902
0.702875
0.578431
1.39241
1.69504
0.695793
0.512821
0.556604
1.07798
1.05164
3.98367
0.833333
1.01852
0.952381
0.556604
1.07798
1.05164
0.658683
0.556604
0.738255
1.07042
4.02402
0.566038
0.566038
1.00917
1.01695
0.54717
1.52
1.32584
0.794613
0.700637
1.07042
0.314815
0.566038
0.556604
1.04128
1.69504
1.37572
1.23684
1.03286
1.02804
0.936508
1.07798
3.72449
0.508083
0.556604
0.700637
1.02113
1.16624
1.59589
1.14286
0.652174
1.09259
1.61644
1.16244
0.31746
0.566038
0.556604
1.07798
0.877551
0.484848
1.00917
1.01852
0.746835
0.700637
0.308201
0.914286
0.566038
0.556604
1.07798
1.05164
0.628571
0.528302
0.621469
1.01852
0.312169
0.724832
1.20103
1.10599
0.556604
1.07798
1.05164
0.691824
0.566038
0.556604
4.33257
1.55263
1.60563
1.16418
1.65248
1.15122
1.32584
1.05869
1.01027
0.566038
0.556604
1.07798
4.38263
1.13472
1.03286
0.873016
0.719512
1.29412
1.69504
0.695793
0.512821
0.556604
1.07798
1.05164
0.314815
0.566038
1.00917
1.09091
0.556604
1.07798
1.05164
0.531401
0.556604
0.700637
0.31746
0.877551
0.512821
0.566038
1.00917
1.11111
0.865672
1.46835
1.07042
0.634783
0.676923
0.313492
0.897959
0.566038
0.556604
1.05963
1.34054
1.66667
1.37349
1.31034
1.09453
0.880597
4.27064
0.866142
0.566038
0.556604
0.700637
1.07042
0.943231
1.11111
1.01852
0.696203
1.09259
6.42123
0.995475
0.566038
0.566038
0.578431
1.07042
0.960699
0.566038
0.738255
1.01852
0.936508
0.31746
1.05164
0.769231
0.566038
0.556604
1.07798
1.05164
0.575916
0.556604
0.598985
0.316138
0.983051
0.850394
1.0939
1.03004
0.556604
1.07798
1.05164
0.601093
0.566038
2.29779
1.04128
1.68794
1.60563
1.68085
1.38728
1
1.07798
1.05164
0.914286
0.566038
0.556604
0.333791
1.07512
1.44321
1.27523
0.6
0.921986
0.404332
0.325472
0.316038
0.322674
0.591549
0.445783
0.170635
0.256532
0.474359
0.591549
0.445783
0.263658
0.31829
0.611111
0.611111
0.325472
0.414634
0.611111
0.52381
0.177249
0.393617
0.591549
0.445783
0.263658
0.289786
0.577982
0.591549
0.373737
0.266033
0.316038
0.541284
5.44771
0.727273
0.393617
0.591549
0.921986
0.587302
0.57277
0.591549
0.307479
0.266033
0.316038
0.577982
0.445783
0.266033
2.01297
0.353503
0.591549
0.445783
0.244656
0.757576
0.611111
0.492063
0.314917
0.713514
0.6
0.325472
0.316038
2.13624
0.577982
0.445783
0.263658
0.299287
0.417293
0.591549
0.445783
0.263658
0.299287
0.56422
0.781065
0.492537
2.0283
0.611111
0.611111
0.426667
0.338415
0.591549
0.445783
0.263658
0.261283
0.577982
0.591549
0.445783
0.266033
0.316038
0.17328
0.553991
0.418868
0.544601
0.863014
0.683938
0.62439
0.89726
0.629442
0.498113
0.325472
0.316038
0.577982
0.591549
2.72054
0.260563
0.289786
0.577982
0.591549
0.271394
0.256532
0.611111
0.611111
0.433333
0.577982
0.591549
0.445783
1.9228
0.309859
0.591549
0.445783
0.263658
0.256532
0.353503
0.591549
0.445783
0.263658
0.270784
0.577982
0.577465
0.950355
0.169312
0.600917
0.653659
0.542373
0.308333
0.591549
0.445783
0.263658
0.256532
0.444
0.591549
0.445783
0.263658
0.171958
0.577982
0.591549
0.31307
0.35906
0.89726
0.653659
0.670103
0.784314
0.921986
0.383387
0.325472
0.316038
0.577982
3.88498
0.393617
0.266033
0.316038
0.577982
0.591549
0.282443
0.258907
0.276215
0.950355
0.611111
0.358586
0.611111
3.9
0.325472
0.316038
0.577982
0.591549
0.321739
0.266033
0.316038
0.577982
0.476395
0.266033
0.316038
0.18544
0.57277
0.468354
0.544601
0.781065
0.879433
0.828025
0.393617
0.591549
0.445783
0.263658
0.261283
0.417293
0.591549
0.445783
0.170635
0.299287
0.577982
0.591549
0.354633
0.256532
0.5
0.611111
0.47619
0.685714
0.662722
0.44
0.325472
0.177249
0.577982
0.591549
0.445783
0.266033
0.316038
0.577982
0.591549
0.307479
0.266033
0.316038
0.541284
0.89726
4.29695
0.445946
0.611111
0.52381
0.316038
0.577982
0.591549
0.373737
0.266033
0.316038
0.577982
0.591549
0.271394
0.166667
0.293651
0.591549
0.429719
0.266667
0.612245
0.842466
0.771084
0.591549
0.659898
0.591549
0.307479
0.266033
0.316038
0.170635
0.489083
0.325472
0.316038
0.338415
0.591549
0.445783
0.263658
0.251781
0.568807
0.574074
0.630682
0.550459
0.484716
0.171958
0.316038
0.417293
0.591549
0.445783
0.263658
0.299287
0.577982
0.591549
0.354633
0.266033
0.316038
0.17328
0.57277
0.659898
0.596244
0.74
0.525822
0.338384
0.577982
0.591549
0.418868
0.266033
0.316038
0.577982
0.591549
0.170635
0.266033
0.272059
0.591549
0.445783
0.254157
0.287918
0.611111
0.590426
0.596244
0.950355
0.629442
0.337408
0.18254
0.316038
0.577982
0.543779
0.266033
0.316038
0.322674
0.591549
0.445783
0.263658
0.256532
0.440171
0.89726
0.179894
0.75
0.611111
0.396552
0.318396
0.283887
0.591549
0.445783
0.263658
0.256532
0.393617
0.591549
0.445783
0.170635
0.289786
0.577982
0.591549
0.360269
0.544601
0.984615
1.05785
0.313043
0.338415
0.591549
0.445783
0.263658
0.261283
0.146825
0.591549
0.445783
0.266033
0.316038
0.577982
0.591549
0.307479
0.247031
0.395349
0.611111
0.888889
0.915493
0.641618
0.171958
0.325472
0.316038
0.577982
0.591549
0.261792
0.256532
0.308333
0.591549
0.445783
0.263658
2.01781
0.437008
0.553991
0.869863
0.683938
0.781065
0.44
0.325472
0.316038
0.577982
0.445783
0.266033
0.316038
0.353503
0.170635
0.476395
0.263658
0.270784
0.577982
0.591549
0.418868
0.244656
0.815068
0.863014
0.893617
0.325513
0.57277
0.445783
0.171958
0.316038
0.417293
0.591549
0.445783
0.263658
0.299287
0.577982
0.591549
0.354633
0.266033
0.29717
4.75287
0.617284
1.10084
0.93617
0.416404
0.325472
0.316038
0.577982
0.591549
0.445783
0.266033
0.316038
0.577982
0.591549
0.170635
0.266033
0.316038
0.577982
0.429719
0.544601
0.89726
0.950355
0.39759
0.316038
0.577982
0.591549
0.261792
0.166667
0.308333
0.591549
0.445783
0.263658
0.256532
0.444
0.591549
0.445783
0.263658
0.308789
0.611111
0.890411
0.484716
0.170635
0.457143
0.325472
0.316038
0.372483
0.591549
0.445783
0.263658
0.280285
0.577982
0.591549
0.395018
1.9323
0.316038
0.541284
0.769697
1.01587
0.886525
0.378223
0.325472
0.316038
0.474359
0.591549
0.445783
0.263658
1.98456
0.609091
0.596244
0.419453
0.325472
0.316038
0.577982
0.476395
0.247031
0.577982
0.822785
0.476395
0.263658
0.57277
0.170635
0.395018
0.266033
0.316038
0.577982
0.591549
0.271394
0.256532
0.293651
0.591549
0.445783
0.263658
0.166667
0.390977
0.90411
0.888889
0.790123
0.382253
0.325472
0.316038
0.353503
0.591549
0.445783
0.263658
0.270784
0.577982
0.170635
0.429119
0.325472
0.316038
0.577982
0.553991
0.428
0.834395
0.56338
0.337408
0.316038
0.417293
0.591549
0.210165
0.263658
0.299287
0.577982
0.591549
0.354633
0.266033
0.316038
0.577982
0.591549
0.261792
0.23753
0.645349
0.167989
0.417293
0.56338
0.56338
0.449799
0.325472
0.316038
0.577982
0.591549
0.307479
0.266033
0.316038
0.577982
0.146825
0.266033
0.316038
0.353503
0.539906
1.08772
1.01538
0.56338
0.337408
0.325472
0.316038
0.577982
0.591549
0.170635
0.256532
0.293651
0.591549
0.445783
0.263658
0.256532
0.417293
0.591549
0.401606
0.380137
0.506787
0.52381
0.177249
0.353503
0.591549
0.445783
0.263658
0.270784
0.577982
0.591549
0.418868
0.266033
0.316038
0.577982
0.591549
0.170635
0.266033
0.245098
0.910448
0.606965
0.549505
0.591549
0.445783
0.299287
0.316038
0.577982
0.591549
0.354633
0.171958
0.316038
0.577982
0.591549
0.261792
0.256532
0.308333
0.591549
0.407115
0.977612
0.629442
0.382271
0.325472
0.177249
0.577982
0.591549
0.29443
0.266033
0.272059
0.591549
0.445783
0.263658
0.256532
0.372483
0.591549
3.26305
0.221445
0.49115
0.591549
0.445783
0.263658
0.591549
0.591549
0.261792
0.256532
0.308333
0.591549
0.445783
1.98931
0.260563
0.453061
0.591549
0.445783
0.266033
0.316038
0.541284
1.08772
0.955224
0.716763
0.395018
0.327791
0.316038
0.17328
0.591549
0.373737
0.266033
0.316038
0.577982
0.591549
0.282443
0.258907
0.283887
0.591549
0.461847
0.436735
0.174603
0.608295
0.325472
0.316038
0.577982
0.591549
0.321739
0.266033
0.316038
0.577982
0.476395
0.266033
0.177249
0.338415
0.591549
0.445783
0.263658
0.261283
0.74026
0.789809
0.37884
0.56338
0.591549
0.271394
0.256532
2.14947
0.577982
0.484716
0.266033
0.316038
0.417293
0.591549
0.445783
0.263658
0.299287
0.577982
0.842466
1.13158
0.93617
2.38227
0.325472
0.316038
0.353503
0.591549
0.445783
0.263658
0.270784
0.577982
0.591549
0.418868
0.266033
2.04717
0.577982
0.591549
0.322581
0.693122
0.862745
0.417722
0.316038
0.577982
0.591549
0.321739
0.266033
0.316038
0.577982
0.152116
0.266033
0.316038
0.338415
0.591549
0.445783
0.263658
0.24228
0.504505
0.890411
0.805369
0.828025
0.596244
2.04009
0.318396
0.283887
0.591549
0.445783
0.263658
0.256532
0.393617
0.591549
0.445783
0.263658
0.289786
0.577982
0.166667
0.921986
0.93617
0.698413
0.325472
0.316038
0.322674
0.591549
0.445783
0.263658
0.256532
0.474359
0.591549
3.26305
0.254005
0.308789
0.577982
0.591549
0.298551
0.344615
0.634615
0.921986
0.337539
0.373737
0.591549
0.445783
0.266033
0.177249
0.577982
0.591549
0.395018
0.266033
0.316038
0.577982
0.591549
0.282443
0.258907
0.276215
0.863014
0.921986
7.58716
0.46473
0.325472
0.325472
0.316038
0.577982
0.476395
0.266033
0.316038
0.338415
0.591549
0.445783
1.92993
0.242697
0.577982
0.591549
0.605405
0.640884
1.08772
0.442688
0.316038
0.293651
0.591549
0.445783
0.263658
0.256532
3.16353
0.577982
0.445783
0.270784
0.316038
0.577982
0.591549
0.354633
0.275534
0.578704
0.593583
0.893617
0.549505
0.56338
0.449799
0.18254
0.316038
0.577982
0.591549
0.418868
0.266033
0.316038
0.577982
0.591549
0.29443
0.266033
0.27451
0.174603
0.893617
0.795181
0.611111
0.44
0.325472
0.316038
0.577982
0.591549
0.337386
0.266033
0.316038
0.577982
0.18956
0.261792
0.256532
0.322674
0.591549
0.413655
0.545
0.975806
0.964602
1.02869
0.663793
0.846154
0.82392
0.893617
1.08403
0.934783
0.931408
5.65529
0.685294
0.668394
0.517413
0.664671
0.958647
1.10769
2.93657
2.19708
2.01987
1.62432
1.56842
1.18832
1.14711
0.371693
2.7053
1.86495
1.52721
2.05607
1.86986
2.06507
3.55963
2.09187
1.56553
1.03273
4.56522
1.02785
1.71667
1.24462
1.75309
1.30519
0.844037
0.902913
0.877934
0.809623
1.56204
1.22695
1.3642
0.870892
1.44781
0.33664
4.56464
7.33099
4.65766
3.66667
3.44637
2.13878
8.1118
2.48108
2.96084
2.56233
1.7101
1.18421
1.77348
2.08333
1.70903
4.49078
0.731092
0.739946
1.13693
1.74854
1.81609
0.848993
0.78174
1.09091
2.36416
1.87692
0.428571
1.7766
1.04965
0.972182
0.847497
0.846561
1.18223
0.888476
1.07492
0.604286
6.67901
2.17708
3.17974
2.50149
1.27126
1.61429
1.61637
1.21154
0.442857
0.594524
0.812253
2.04918
1.20718
0.628037
0.895141
0.848131
0.885593
0.837838
1.37975
1.71067
10.3385
3.7418
9.63786
3.20238
2.55337
2.21538
3.0354
1.45794
3.06354
0.519953
0.672245
0.868613
0.892
1.1445
0.891026
1.12355
3.95266
11.4733
2.4527
1.39252
1.75973
1.18431
0.673387
1.1023
1.52738
1.79947
1.61494
3.13488
4.16379
5.07042
4.24627
2.24031
1.41883
1.91379
1.26667
1.67164
1.86525
0.359788
1.42857
1.94417
2.88855
1.16844
2.29861
0.764543
0.602941
0.807107
3.3617
1.6338
0.980843
1.19512
2.10236
1.83333
1.57252
1.908
0.794715
1.25979
1.24855
0.826291
0.784
3.23962
1.1122
0.819703
1.35
1.98361
2.41667
3.4
2.95205
3.21081
2.16667
1.8973
5.48656
1.17317
1.52809
1.24018
2.34516
2.40602
1.76023
1.61386
1.87278
0.787234
0.911074
0.94709
2.96154
4.72
4.2
2.97977
2.1831
3.31566
9.96364
2.58333
4.68952
2.22892
1.63433
1.76419
2.99684
2.39526
3.42437
10.7762
3.12821
5.42735
2.90647
2.52688
5.38532
4.29104
4.49593
12.0043
1.79137
1.91825
2.70227
2.76866
3.81985
3.95041
2.42012
1.60094
7.51342
1.62983
1.09565
0.890335
0.809717
2.69048
3.31481
3.27595
3.05491
0.619505
3.01357
1.68293
2.34746
1.87288
2.73684
1.49254
1.98246
2.76923
3.01754
2.3945
3.06422
9.95175
1.02521
1.26582
1.65217
1.70213
0.70922
1.19554
1.68582
2.52212
1.68846
1.55631
1.26027
0.768657
1.70053
8.21429
2.37302
2.59649
2.5
1.65605
1.1245
1.85714
2.54545
3.12295
2.16514
1.71311
1.68807
2.03509
1.80263
0.343915
1.83333
2.05505
2.17431
1.64234
1.83217
1.35714
1.87591
2.45
1.64042
0.890511
1.15464
1.24731
0.339286
1.30982
2.46296
1.97619
2.59091
2.08257
2.38532
1.90984
1.83007
0.835341
1.45455
1.64341
1.11892
6.15141
1.48438
2.10246
2.3945
2.02752
2.44672
2.28144
2.7809
1.87768
1.23223
2.13551
2.02158
8.58333
2.33088
1.58257
1.48413
1.6789
1.16
1.86777
2.06422
1.51376
2.17431
1.32468
1.08738
1.50725
2.66456
2.82569
7.71429
2.34091
1.06991
2.25789
2.23383
2.56
4.04452
1.1068
1.51316
1.85259
1.8524
0.349206
0.811448
0.6
2.22222
1.57746
1.36017
1.27899
1.06052
1.11243
2.14706
4.85321
12.114
5.16
5.08636
4.08182
4.10455
3.27157
4.60965
2.62979
3.27451
1.72819
0.348214
1.28097
1.08287
1.06188
1.86032
3.01835
2.83486
1.16063
1.39295
0.902357
1.40376
1.96307
8.32377
2.24373
4.50382
6.99231
8.61404
2.78992
2.83051
1.55789
1.30597
0.611201
2.33607
1.30303
1.64458
1.41549
2.34586
3.77686
3.33028
1.45455
1.364
2.7562
8.13553
2.73846
1.16084
2.48973
2.52489
2.09402
1.71333
1.21316
1.81227
1.98529
1.65043
2.14597
0.454286
3.21491
3.61502
3.21226
2.9292
2.15406
3.25725
5.48837
4.43421
3.55046
9.23636
1.51538
1.7726
3.01702
3.05116
2.592
1.82011
1.78398
3.21884
4.42063
11.6101
1.97232
2.6422
1.89262
2.40127
1.59116
1.59477
1.98361
2.18103
1.66265
1.29353
7.30278
3.6
4.39416
4.03158
5.66116
2.52055
1.312
2.12013
8.11197
2.12319
2.95413
2.13694
1.69048
1.40596
1.45392
1.71642
1.71805
2.02752
1.544
1.47368
1.20115
0.402473
3.63158
1.97541
1.81579
0.852853
2.45306
2.85593
2.40164
2.73684
2.75229
2.75424
2.84211
7.03986
0.839161
1.35235
2.12461
1.89933
1.56329
0.711429
0.833787
0.70566
0.670433
1.30233
4.20507
0.658824
0.820552
0.478207
1.31387
1.09259
1.10976
1.47857
0.935484
1.03046
0.884615
0.638889
0.838235
0.808023
5.57233
1.11194
0.741935
0.354801
0.470229
0.819095
0.970414
0.601504
0.455556
0.5
0.436364
0.52669
0.540541
0.224868
1.21951
1.12112
0.920354
1
0.989418
1
0.838323
0.791209
1.56054
0.895522
0.705151
0.934066
1.30667
0.742747
0.317308
1.10335
0.94186
1.15607
0.982456
0.697509
0.646465
1.15016
1.18694
0.989011
0.863158
0.671698
1.07979
1.46667
0.300824
1.65854
1.41391
1.15152
1.21053
1.01724
1.20161
1.35207
1.35714
1.27746
1.24731
1.03209
3.3966
11.2116
3.43096
1.98944
1.73529
1.03549
0.796875
0.841137
0.94523
1.84298
1.71667
5.56787
0.960825
0.933761
1.38462
1.78667
1.87591
1.18505
0.919571
1.47074
2.5375
7.86429
1.87376
3.18149
2.45977
1.514
1.08602
1.42951
1.71898
1.57509
0.691781
2.43495
0.62716
0.96
1.30056
0.548753
0.900137
1.21806
1.81884
1.9593
1.47395
0.402778
1.46413
0.919565
1.21918
1.25828
1.35786
1.22785
1.1962
0.912371
1.53226
2.41434
1.34293
1.66102
1.37989
0.338624
1.73259
0.826471
1.28545
1.18349
1.8046
0.871795
0.660107
0.878613
1.62868
0.732906
2.42192
0.534615
0.601828
1.51253
1.64371
1.51724
1.11354
0.88755
0.928571
2.488
3.88492
0.641429
1.7517
2.10189
2.16438
1.41935
0.988439
1.5198
2.31651
2.35842
2.69004
1.52632
3.88675
1.75738
1.42727
1.21376
0.737542
0.813758
0.811688
1.58478
1.55732
1.41246
1.19412
5.68243
5.05385
5.66538
4.71181
5.78241
4.82203
1.51027
1.75704
1.2359
5.36631
1.45771
1.72993
2.67797
2.36239
1.73057
1.01024
0.645503
0.846
1.90228
1.57143
2.19444
6.3082
1.55414
1.99291
1.49733
1.42118
0.706499
1.54374
2.39203
3.29605
2.55385
0.562169
0.827114
1.08385
1.66857
1.58025
0.755973
2.07182
2.52162
0.884058
0.431878
2.11688
0.524675
0.936937
0.931193
1.77273
1.2637
1.42545
2.46311
2.36957
1.19728
1.93377
5.87228
2.02915
2.45528
2.28879
1.67333
2.8125
5.3642
1.24523
2.62705
6.3268
1.52475
0.994505
1.69655
4.80874
7.08907
2.95029
3.46186
2.36842
2.03704
6.71429
10.1234
5.73756
7.80734
6.84862
2.05263
8.05474
1.99227
1.6335
2.27393
0.983333
1.03226
0.692941
0.957602
2.64706
6.43558
1.93548
1.64875
2.14648
2.75
1.49343
3.03571
2.43648
2.46831
5.02558
2.1917
2.68454
3.59763
2.74224
3.41472
2.79518
2.49724
9.65044
3.76271
3.41818
3.30597
2.7438
2.568
2.71269
2.81579
1.75912
1.68634
2.07025
2.62338
2.3211
0.333995
1.39865
1.36778
1.86441
1.90351
1.76119
1.66154
1.73394
2.03968
2.6453
1.67458
1.11408
1.24119
0.654804
0.30754
1.27273
1.35517
1.05747
0.895238
0.664032
1.29234
2.30159
2.43421
2.43657
2.36283
1.62069
2.80822
0.517196
2.8595
2.48
2.16929
3.65438
2.08027
1.59477
1.57595
2.224
2.29762
3.14474
3.04382
0.480082
1.74359
2.76636
2.43443
1.71196
2.1194
1.51299
2.86517
3.09524
3.55963
1.81169
2.13139
4.54306
1.86735
0.710602
1.42574
1.76882
1.97692
1.95041
1.95985
1.47302
3.19841
1.73224
1.55758
6.53049
2.02516
2.23913
2.4386
4.2844
4.73246
3.61885
3.20134
3.21154
1.96753
3.18502
5.20111
2.65986
3.11475
4.24561
4.00917
4.80165
15.6838
2.4723
2.60884
2.99688
2.47523
1.42362
5.39231
2.92754
9.83884
6.15175
5.48291
1.28112
2.17544
2.03846
2.34921
2.26241
2.58475
2.27397
2.50355
0.689153
3.13953
3.432
2.62333
1.50749
1.77465
1.984
1.81579
1.95935
1.68639
1.72928
7.66541
3.39189
4.0614
1.76945
2.31915
2.27885
3.25978
1.96316
7.13876
6.17857
4.08765
4.10526
3.66883
2.38926
2.90303
3.04196
2.81159
8.41667
2.08571
0.878689
1.03955
0.988827
0.716189
2.60903
3.52273
2.44483
0.465561
2.78195
1.73034
2.8
2.84701
2.89344
2.8843
3.4955
2.38961
1.42986
0.378307
1.83529
1.95294
1.53012
2.61812
5.76754
6.26984
4.9633
11.7727
4.2875
2.5
2.9115
2.30914
3.80909
4.4
2.48507
1.90411
2.21212
1.61143
0.344577
1.95816
3.01465
1.24444
1.53355
2.16867
3.84653
4.66972
10.54
4.21684
2.83178
4.70435
5.82883
5.6124
2.02308
2.13462
2.36134
8.68487
1.81208
2.00546
1.47959
1.60802
2.88889
2.42342
2.18349
1.83824
1.95935
1.53279
2.42628
1.86182
7.88462
1.54639
1.94309
1.73246
1.52308
1.70079
2.96947
3.82018
2.41897
3.29832
3.58772
2.65468
1.57353
0.345714
2.13974
1.52893
2.12273
1.09761
1.46809
1.17277
0.527356
1.06656
1.08369
1.49309
0.885185
7.62174
1.54167
2.05217
3.11885
2.49231
1.72059
2.47975
1.25403
1.59596
1.87319
2.60593
0.948473
1.69355
0.395408
3.27397
3.74771
2.25688
2.56875
2.52843
1.86585
4.54472
3.22541
7.25847
1.03429
6.788
1.31959
1.66667
2.17568
1.20833
2.23891
2.22951
1.42268
1.84868
5.53243
1.05762
0.936267
1.28947
1.83082
2.44872
2.65926
2.17123
2.27273
1.69175
1.55313
0.54739
2.75207
2.40945
2.12671
2.70796
1.058
0.644254
2.13761
2.36923
1.87687
1.77733
3.74272
3.6821
1.73824
1.29
1.00278
1.1357
2.94737
2.01124
0.320767
1.63345
3.028
3.78161
4.63636
4.54592
3.18343
2.7963
4.97706
1.51568
0.975791
1.92821
1.72353
2.54511
2.61301
1.74051
2.10749
11.4108
6.6129
10.9861
30.4024
11.8053
5.89916
4.48185
3.63953
1.66729
4.41719
2.54135
1.38636
1.28082
1.57447
1.49815
1.25
1.13876
1.33684
1.51712
1.12467
1.71168
2.15385
8.868
2.19942
1.90129
1.61376
3.26291
2.1181
2.86788
4.20522
6.0554
1.54379
0.990704
1.12482
1.33939
1.75229
3.19958
1.24873
8.53659
1.62162
1.0963
0.671733
1.0689
1.20058
1.1137
1.09406
1.19802
1.70679
2.79462
2.08077
0.31746
0.442105
0.571721
1.36997
1.70501
1.23733
1.10771
2.83905
10.6778
7.21005
5.52101
6.35556
5.03167
3.92126
3.07143
12.7022
3.72807
2.94231
4.06623
3.83846
6.8265
7.28226
10.0551
1.86441
4.72881
6.6338
6.67974
3.60769
3.38462
2.21186
2.66667
0.464286
2.16228
1.86411
1.19149
0.857143
1.13433
1.20172
1.1055
1.92562
1.5
3.72018
3.5339
7.16456
1.55517
1.14451
2.46104
2.16781
2.21642
2.88235
2.38148
1.64211
1.16312
0.396164
2.53333
4.896
4.99123
1.96032
2.35321
2.06439
1.90678
1.85965
1.68852
1.01053
1.17647
4.52488
0.807339
1.07527
2.20438
4.15541
4.00935
4.66972
4.30275
1.52486
1.65206
3.25926
7.38722
2.41259
4.04508
2.73451
1.28608
1.64029
1.76033
1.56688
0.673684
0.625475
0.774194
0.939623
7.88652
1.69896
1.78755
2.07519
1.33333
3.47222
3.893
6.06422
1.10189
2.35882
11.8991
3.60148
1.5336
0.957576
2.6015
2.51515
1.91901
1.5229
1.94715
1.92488
1.13475
1.06771
0.829787
0.312169
1.45455
1.53383
1.38824
1.29197
1.25547
0.994595
2.23446
1.64789
1.18567
1.41325
0.765101
1.10714
5.75696
2.57792
4.29699
3.67713
5.46614
4.84211
2.8806
2.93431
2.90071
2.35461
0.554894
1.98052
2.10169
2.34404
1.79264
1.53763
1.52973
0.782842
0.745721
1.30043
1.8366
0.320767
3.91667
4.51754
2.61751
1.70614
1.67273
4.43038
3.0411
6.32873
2.09247
1.05997
1.61983
2.66667
4.93836
3.11538
1.46154
1.27746
2.53478
0.669276
0.878641
0.780612
0.608924
0.621547
0.670213
0.530488
1.48731
1.23267
1.17803
7.44828
1.16632
1.2898
0.908517
1.18359
1.69799
1.9183
1.09804
1.12116
1.90414
10.8991
2.69672
2.32877
2.28169
2.0578
2.13861
1.89247
1.81471
2.92857
2.76147
4.07895
11.3624
3.58197
4.99083
3.48175
2.22222
2.44915
3.91743
2.86076
4.6281
8.07911
4.61832
4.73394
3.31967
3.73394
3.02632
3.43651
2.54128
4.75424
4.4693
7.61268
4.77966
3.52941
4.50794
4.59633
2.88073
4.18519
3.63761
2.48375
2.93077
6.39118
1.63677
2.86861
3.24832
1.83133
0.834302
1.43506
2.53211
2.75688
1.91743
2.216
6.59783
1.96575
2.4876
2.36885
2.06422
1.48684
2.08148
2.22936
1.91176
2.16423
1.20231
1.65351
1.64567
1.37607
1.74359
1.73394
0.277778
1.28105
1.22826
1.63273
2.42202
1.95798
2.37281
1.42683
2.3211
1.88034
1.2
1.7193
1.93578
1.73636
2.16667
7.55645
1.23684
1.72881
1.81818
1.66949
1.86364
1.70796
1.89474
1.61314
1.19745
1.34228
1.04242
1.20261
1.37662
1.4964
1.97368
1.69266
8.24561
1.59524
2.10744
1.21986
1.66234
2.2839
2.58065
2.64407
2.87156
1.68807
1.61066
1.29191
1.35738
1.04865
1.09677
0.301429
1.78814
1.90351
1.82707
1.51449
0.837945
1.66116
1.9875
1.84426
2.22936
1.72603
1.40123
1.4717
1.56507
1.18182
0.376323
0.848485
1.13171
1.02669
1.46831
1.51111
1.68443
1.80645
2.28947
2.21014
1.75316
2.05128
2.38532
0.271164
1.88095
1.88034
3.94403
4.34921
2.14762
0.943114
2.20231
1.60556
1.3494
0.761243
3.29524
7.90826
5.69725
6.46789
5.55505
3.14286
0.833995
1.2806
2.59317
3.28139
3.97248
3.30088
1.30159
1.85526
1.98131
2
0.69697
0.313492
0.865979
0.761261
1.64167
1.63333
2.10092
1.06716
1.14806
1.69663
2.57252
3.90678
2.48944
3.12094
0.99262
1.94048
1.91781
1.32468
1.41791
2.14925
2.43307
2.50355
2.09877
2.79825
2.01775
3.98163
0.938017
2.14789
2.58564
2.72183
4.17123
5.00355
4.35391
4.22936
10.2982
2.6194
1.60558
3.69262
2.41581
1.70297
1.31579
3.97541
6.82937
4.49083
0.71978
1.58556
2.4186
3.00752
2.47015
1.07168
2.06886
3.04762
4.08898
2.856
0.67791
3.06803
1.86934
2.23494
1.51379
1.61224
1.27753
0.783964
1.48188
1.91209
0.306878
1.1453
1.11659
1.028
0.9375
2.70803
3.03509
1.94538
1.79365
1.49367
1.21477
1.90909
1.736
0.354497
1.79747
2.26271
3.02193
5.55263
2.25197
1.50529
0.766917
0.776812
0.766773
0.876
7.16096
1.47778
1.80612
1.55556
2.07143
2.5
1.61364
0.732167
0.946309
2.06548
2.16477
7.48684
1.2028
3.06283
5.7156
9.0463
5.9927
4.02713
7.11333
3.48772
3.29825
6.20183
4.02685
3.28947
1.13761
1.6185
4.23052
8.74777
3.7551
2.50885
0.725381
0.739691
0.443503
0.712963
0.694581
0.864865
3.61017
0.418212
0.89759
0.898089
0.987097
0.747475
0.344086
0.471299
0.370068
0.314548
0.925325
1.21344
1.37868
0.982673
0.8
0.263571
0.878873
0.766968
0.618868
0.925134
0.775862
0.891304
0.737668
0.346056
0.560606
0.773148
1.24359
0.949045
0.935484
1.02394
0.219577
0.575758
0.792
0.455621
0.723404
0.847826
0.865801
0.549708
0.559367
0.723906
1.07254
1.72485
8.224
7.63755
3.67808
6.88846
4.52745
2.90678
2.67593
2.27692
0.380952
1.34603
1.42553
1.10057
0.960557
1.03883
0.920188
1.05981
2.32558
1.48737
4.53287
17.0575
4.60593
3.77982
1.31742
1.64151
2.56667
4.82895
5.87054
9.38571
1.7492
1.0237
2.02848
2.10219
3.30275
2.71475
1.31767
2.02757
2.86111
4.13253
0.447802
5.98056
11.7052
5.56884
0.821918
1.21471
6.50794
2.45455
1.18227
0.812121
0.630952
0.84472
1.9
1.33173
1.28108
1.24227
1.60317
2.20543
8.50617
3.17769
1.23077
1.04444
1.10847
1.00539
2.04518
1.098
11.5272
5.98291
4.74684
3.45758
3.82946
2.50862
1.47436
1.41418
1.95763
1.1478
2.95506
1.11579
0.946237
0.79602
0.783599
1.94366
4.30275
2.37134
1.51963
1.8674
1.92208
1.38608
0.388889
0.877358
0.687831
1.15566
2.70339
2.36293
2.80351
2.21184
1.99363
1.65746
5.88506
1.40833
2.72109
6.34252
1.40364
1.88153
1.00858
0.895928
1.0553
1.15128
1.38249
6.53082
2.02113
3.41228
4.0695
2.36066
3.1913
1.96961
2.68831
2.35533
4.50439
2.54365
8.30159
1.67353
1.60471
2.52045
2.61728
1.34466
1.7663
1.16667
4.85821
9.0292
2.72857
1.27867
1.57519
3.58297
3.03509
3.18876
0.924092
0.952229
0.264423
0.793893
1.02229
1.01587
1.93913
1.55702
0.756098
0.69936
0.746032
4.16791
3.10794
2.44231
1.52036
0.328704
1.8539
1.03004
0.777244
0.910299
3.82609
2.65663
2.91765
3.28701
9.52
3.83333
2.90811
3.35385
2.58602
3.35714
2.65649
2.82051
2.08805
0.808862
3.28515
4.21739
3.69937
3.56182
2.33166
0.542989
4.13303
6.13043
5.93578
4.984
3.12667
4.78378
3.75
7.00309
2.04065
1.73134
4.03247
2.28365
2.79558
2.28571
2.29553
2.08029
1.77049
8.27869
1.7377
2.38532
2.36325
1.62278
2.08547
3.48165
2.52419
3.61404
3.60092
2.74286
3.17949
2.44144
0.330026
1.16121
0.674745
0.963104
3.12281
2.66949
2.21186
1.98381
2.11972
1.67353
0.980435
0.293651
1.08458
1.07192
1.18391
0.994949
1.23776
0.760925
2.2707
3.53333
2.45455
1.87755
1.51579
4.67381
1.23944
1.41045
1.49645
1.92411
1.03152
1.64024
2.1028
2.55046
2.38034
2.0186
1.2071
1.0023
1.03888
2.47887
0.418571
1.64754
3.90351
4.74312
4.21186
3.83186
4.0292
2.63158
3.53211
2.76147
1.68595
8.29661
1.97131
1.82573
1.72807
1.64103
1.57377
1.66055
1.15423
1.76667
1.38742
2.1886
0.785377
1.12673
1.58209
1.9322
8.25877
1.61194
2.15385
2.09091
2.05505
2.1
1.88073
1.81197
1.43791
0.701754
1.7554
2.17544
2.14912
2.17431
1.25444
3.42171
0.833333
1.62667
1.86667
1.39826
0.880081
3.89509
5.22826
2.70395
8.69444
8.73707
4.33065
7.42105
3.30237
2.11765
3.85841
7.36525
1.81988
2.82787
1.91791
1.86861
0.992424
1.272
1.4375
1.21271
1.63497
1.69014
2.75667
8.79412
2.74783
1.89831
2.40708
1.47183
1.66879
2.42909
4.97458
5.24444
3.95
2.15217
2.6
0.649725
2.35535
1.41049
1.32692
1.43396
1.04822
1.53239
1.78723
2.39041
1.68508
0.732095
0.398148
0.915978
2.86154
2.52055
2.23512
2.45415
2.7
2.44248
1.92982
1.77174
0.852608
1.17582
5.55263
5.09058
8.23932
4.42264
1.51807
2.74561
2.42982
0.44246
0.784783
1.04545
1.32544
1.54135
1.49673
0.769811
0.544444
1.12698
2.16296
3.304
2.2029
0.411376
1.73196
1.39614
2.15942
1.0318
1.91729
2.38406
2.57937
2.72727
3
2.9375
7.90574
2.81646
3.58029
1.3373
1.01935
1.25974
1.91505
1.94103
2.60759
2.5
9.98684
3.09746
3
2.1789
1.828
1.83648
1.7328
1.65445
3.61885
2.32312
3.36777
10.5695
9.03759
2.15385
1.89683
2.43103
1.78007
1.11345
0.963265
2.36567
2.03846
0.403439
1.91304
2.38674
3.12295
2.71053
2.76147
2.45872
5.47863
6.3254
2.73793
0.57672
3.99091
4.74561
3.29204
0.870229
2.48305
2.54135
1.91912
1.3401
1.01493
1.40845
1.69048
0.243386
1.72308
1.15423
0.960199
1.26531
2.14685
1.41573
0.910596
1.49697
1.71006
2.3578
1.88034
1.85385
0.323413
0.727273
0.560647
1.43103
1.71429
1.69421
1.9562
1.09402
2.12418
1.76404
1.78571
1.94545
8.21377
1.12443
2.42368
2.11834
1.26048
0.681694
0.927928
1.84
1.87692
1.57042
0.866142
0.522487
1.61039
1.91549
2.30137
2.31847
2.84228
7.84133
16.4834
6.01538
8.15132
5.1
2.275
2.07087
1.30734
1.59624
2.93385
0.821256
1.7809
2.94706
9.71818
3.51293
1.51244
4.52214
2.34526
1.88627
0.561571
1.96739
2.79016
4.00847
18.0791
1.61111
1.49609
1.63899
1.74497
1.51741
0.812308
0.781792
2.7468
4.22124
5.26818
1.18742
1.42748
1.2004
2.30321
2.75
2.37299
2.95687
8.17993
2.13483
1.33166
1.07718
1.3494
1.0307
1.17958
1.3759
1.28489
5.61915
1.98187
2.64706
1.50422
1.25802
1.34219
1.48404
1.56568
1.51351
1.58127
0.385302
0.703252
1.0061
1.19883
0.956679
0.516588
0.975369
0.696927
1.29724
1.15771
0.333995
1.34216
1.06154
1.74684
2.24731
0.731458
0.700441
1.33043
1.36563
2.01948
5.88218
1.60393
2.02336
3.6016
6.35172
3.876
3.22895
7.31818
2.96746
1.89247
1.85794
3.09136
2.15682
2.40306
1.43182
2.75265
7.02048
7.44867
1.91429
2.24812
0.42239
2.76285
1.35556
1.79661
2.00877
2.42202
2.18349
1.87857
1.65659
1.44838
2.41284
2.31356
2.21818
9.29545
2.57851
2.31579
2.55085
2.43269
2.11409
1.97368
2.51056
2.72667
4.15789
2.22876
2.52597
7.71014
2.36017
2.39526
3.39764
3.51754
2.76147
2.69912
1.91538
2.77686
2.46923
2
1.14806
5.67826
1.95333
2.84211
3.42202
4.80734
3.34211
2.34815
2.9633
2.5
9.03468
2.34882
1.46619
1.27586
0.423841
1.64951
0.558798
0.781991
0.376847
1.38532
1.35309
1.4015
1.14048
1.35181
1.25806
1.26683
2.49576
1.33763
1.09217
0.449735
0.513944
1.05396
1.58333
2.14384
1.25301
0.871005
1.12188
1.71228
0.607179
0.901361
1.19455
0.853081
0.846402
1.91954
2.0241
1.0302
0.328042
1.02584
0.907143
0.893082
0.854749
1.42204
1.15385
0.545012
1.34579
5.02138
0.891986
0.664122
1.5
1.21127
0.772358
1
1.09829
1.26
1.36279
2.24779
4.58266
6.02674
4.23977
5.15723
4.47041
4.55128
0.950255
11.3658
1.04713
1.43781
1.06803
1.86567
1.78201
0.443122
2.10429
3.05505
2.49174
1.82264
1.49051
1.28342
1.25688
1.94839
3.48148
2.66923
2.08955
0.380952
1.10648
2.29225
2.25896
2.26872
1.37349
2.01987
2.572
2.91566
3.07746
2.93452
7.37676
1.64972
1.59328
1.97647
2.7259
2.78986
3.33607
2.83333
5.64912
2.95614
2.64407
8.15041
2.68852
2.5036
4.17544
3.32203
2.77612
2.52174
3.89912
3.31967
2.86923
1.81855
0.503827
2.56338
2.34694
2.81818
4.46491
3.07937
4.23043
4.40465
3.13781
2.70345
0.75
4.55046
3.2193
3.94375
2.9
3.28512
2.83607
4.24779
2.48148
2.608
0.323413
1.38062
1.79182
1.29464
0.892919
1.19473
0.918462
0.486957
1.05
1.23043
5.71916
1.82234
1.76923
2.58232
2.2766
3.81081
2.00608
1.97993
1.86905
2.14506
0.423469
1.69036
4.72727
2.94268
2.59908
3.8956
2.51515
3.31481
0.412698
0.892966
0.869762
1.18537
1.55441
0.885457
1.13376
1.18182
1.03459
5.73885
12.9178
3.46933
1.68338
4.41241
2.72897
4.60669
2.56151
1.55376
1.62629
1.88531
1.87307
2.48035
3.94492
1.87558
1.8292
1.78082
0.892704
0.353175
1.2809
1.60773
0.87218
0.922078
1.7
1.31316
1.41176
1.43824
1.31868
0.730539
3.0607
1.00485
1.64667
2.22314
1.86842
1.44516
2.59016
2.51695
1.58442
1.57668
0.744792
0.70229
3.15646
0.697044
0.751732
0.572948
1.50162
2.52
2.43846
4.56557
4.25455
2.52913
1.0744
4.47706
5.29508
5.15574
3.47368
4.62385
4.05159
5.06912
8.75182
13.6927
18.6667
7.25957
2.8068
1.20364
1.23478
0.828767
0.870091
0.930693
1.80165
1.59929
1.20447
0.960187
1.89922
1.39007
2.22603
1.40149
1.53455
5.2006
0.678846
0.861386
0.552846
0.669935
0.945701
0.961353
0.59517
0.925433
1.33078
2.35507
1.45205
0.409226
2.4661
3.1626
1.40526
2.15603
2.90385
4.16667
1.76423
2.3855
2.35088
2.98165
2.23729
7.03873
1.46835
1.78512
2.24561
3.15487
2.77778
2.35169
3.66102
2.40672
2.19231
0.724528
0.974359
1.41542
0.409392
3.79109
7.3913
6.96774
4.69
4.04527
2.40134
8.036
2.85776
3.80282
1.8255
1.47907
2.49635
1.86628
2.07724
2.20242
1.34404
0.831541
1.24607
0.365079
1.27719
1.25778
1.35842
0.727729
1.05725
1.15534
1.90152
1.14493
1.40315
0.398352
0.669384
0.660793
0.980916
1.68293
0.810496
0.721763
1.00159
3.87595
1.0873
1.54658
1.49533
0.73875
0.90795
1.30512
1.10943
0.689362
2.00496
1.14313
1.09168
1.20378
1.77299
0.804422
0.795024
2.78676
1.01031
1.72239
1.13793
0.42328
1.37017
1.02041
3.92199
6.28315
5.40152
4.53892
8.57627
3.43711
3.29204
1.65226
2.37166
3.00308
3.64646
2.13928
2.21739
0.950595
10.291
8.84722
3.49609
3.04274
1.94928
2.15385
8.56422
1.22222
0.990244
1.33981
2.09091
1.76623
1.4589
1.71311
2.12389
1.72368
1.64179
1.5614
1.34911
0.940171
2.69622
1.69032
1.86111
1.1358
0.641768
1.18519
2.41772
2.82171
3.61864
2.35371
2.46957
2.81651
2.85593
9.59174
2.7381
3.62385
2.53509
2.7623
3.36697
2.40678
2.38532
3.05426
2.82083
3.30275
3.4693
9.27459
3.65789
4.11504
5.90351
3.08264
2.70175
4.7807
3.61009
6.94091
12.1057
7.41077
7.49823
1.29555
1.41393
1.53623
1.13578
2.38849
2.10993
6.6426
1.64629
1.10482
0.576786
0.505922
1.06122
0.759259
2.20886
2.052
1.56349
1.46053
1.19786
0.854209
0.997487
4.28802
1.11856
1.40599
0.956311
1.53788
10.695
18.3069
10.0599
3.7
2.22515
0.68401
1.55275
20.6987
10.6061
12.0126
8.39764
8.43825
8.99091
8.76754
12.322
17.5663
32.6549
41.5697
14.4145
7.88532
6.18288
8.58841
4.59551
8.57463
11.178
5.53005
7.04545
5.1453
1.99109
1.97427
1.44323
2.82051
2.65455
6.34807
15.8439
3.54647
1.93103
4.05281
3.03247
2.32215
1.88837
2.54595
1.01173
1.52644
2.84859
2.74545
2.56723
1.6453
0.296958
1.86331
1.51899
1.37895
0.522947
2.04741
2.28803
2.46175
1.1
0.58227
1.74941
1.8425
2.83658
7.182
3.22
0.971561
3.22018
5.31884
2.72982
6.35
3.19366
3.60341
0.919312
5.3662
4.99687
4.43162
2.25977
8.56229
2.66544
3.21642
3.43911
4.85656
3.13514
5.83103
8.21186
9.28713
8.45806
8.9
9.03509
9.60915
2.69349
1.36364
4.30172
6.2
5.36697
4.25664
18.1364
14.2034
10.6491
21.2671
5.33803
18.5459
23.0219
8.49576
4.96053
4.02532
2.75135
11.0805
4.45424
3.62921
2.94142
4.24101
1.69256
11.7008
6.14765
11.1376
4.20642
7.1617
18.5932
12.4823
7.69163
5.34426
3.21535
10.3474
2.34694
1.91176
1.24878
0.930233
1.53659
2.03425
2.06711
2.43636
7.00575
16.5635
10.3394
23.557
13.8955
5.30153
6.67727
12.2943
2.12815
3.88846
4.76211
7.23239
6.66364
6.37698
10.9502
3.19651
8.52
18.396
9.82329
0.886243
2.31847
1.48131
2.36165
4.29444
8.87558
23.9182
10.728
6.17431
4.29675
4.17925
4.4486
14.9693
15.5434
18.8297
17.3783
15.2129
10.6681
7.19828
17.2706
6.69484
17.1558
4.49315
19.4103
6.82759
26.0191
32.623
30.1017
3.7807
2.52174
2.19403
1.87654
1.09412
1.03543
5.63107
5.70079
2.84615
2.96238
1.28025
1.0736
1.69162
2.95879
0.632275
8.92466
11.5721
7.29508
15.9868
7.18456
6.8934
2.19753
3.26543
4.68667
14.1814
4.87097
4.06481
33.5678
3.60839
10.4048
10.9
12.1043
3.65254
1.28409
1.61742
2.14806
1.49296
2.83835
2.15172
13.3521
7.60211
5.45614
2.53333
2.46154
5.94954
26.7974
7.26778
10.1063
4.71937
4.05901
10.4249
3.09772
2.57966
1.48352
1.13008
1.40797
3.68204
19.599
13.9482
4.07583
9.95946
3.06213
1.44056
1.26697
6.33557
4.77016
2.58766
3.47727
1.14218
0.429209
4.49531
2.97909
19.7984
13.9908
1.95391
3.20238
2.49367
2.57323
1.75182
1.45
9.47714
6.06962
11.4236
12.7207
25.4009
10.7913
8.12687
9.10954
13.3291
5.52756
6.66423
8.36986
8.57018
14.1654
2.91103
3.04762
1.80303
1.17572
1.61373
2.7323
5.664
0.830026
4.06993
5.34667
4.43962
6.22381
1.375
13.9153
39.6792
33.1053
3.57265
2.61809
1.47246
2.22872
3.87356
15.4771
13.5
6.32627
8.21739
7.36441
9.61154
7.65672
13.4182
5.44954
3.43116
1.85546
7.70181
3.54848
1.07563
1.50575
1.6
1.26761
0.912458
1.84324
3.25135
6.08857
2.5601
4.27815
3.80385
4.03687
1.49801
2.64
4.03175
9.57438
3.84416
3.12651
4.19333
7.52308
10.4404
11.8987
10.8537
7.20073
8.9646
12.1019
5.1478
13.2377
12.4931
17.2422
8.5
6.04412
3.71304
5.73043
4.42958
3.16389
11.3991
3.7
3.00683
3.75745
5.11284
4.2047
4.25541
6.69953
14.3868
6.43369
8.25424
8.14179
7.46491
7.34862
0.763393
7.36283
2.29944
1.44346
2.02545
1.70115
2.99231
4.40942
13.1103
12.9462
13.7091
22.633
13.5812
7.13396
6.6732
12.403
10.6309
26.5088
9.70175
5.73725
5.7156
3.42513
3.54598
4.52425
1.2884
2.22849
2.3662
2.31169
4.37113
12.6133
0.623677
2.25373
1.14618
6.95854
13.2068
3.18478
4.12403
5.91337
20.4508
5.73276
2.64583
2.5229
2.14163
2.53306
2.28114
6.62667
2.15862
1.68788
3.2377
4.43578
1.69796
1.42931
0.592021
1.44521
1.80142
1.00485
0.330688
1.55491
2.27778
2.65734
2.58442
1.12781
2.13405
3.41444
4.67692
2.64644
3.43046
3.34932
7.04231
5.66125
1.79424
9.43056
1.56983
1.36493
1.28017
3.21307
2.81208
1.99189
2.63118
3.80952
3.57357
4.04836
2.50714
2.4075
2.11781
1.26295
2.28947
2.95153
0.685847
9.02362
4.86239
4.02252
3.39404
3.69512
3.21067
10.4903
14.2801
2.51812
3.15084
1.82766
8.13058
4.10233
1.87945
2.30449
2.40937
2.40411
3.62778
3.84211
3.12059
3.58755
0.40728
2.18701
0.97541
8.52273
5.18939
15.7976
3.49259
4.83784
21.9948
19.625
20.8836
1.29808
7.82911
2.12923
4.44805
3.86232
7.67857
1.31707
3.39558
7.92754
3.78731
3.54135
12.773
11.2448
8.67123
3.56383
7.62324
3.55396
6.50476
4.19394
4.82847
16.3432
13.4115
7.25197
7.64679
1.51515
3.63081
2.16981
7.38889
5.71233
7.73913
12.2119
7.68067
3.87786
3.11927
4.00877
2.85124
2.44966
9.82576
9.9322
4.39545
3.18121
2.11443
1.26608
1.51289
1.17442
0.776486
0.834559
0.728836
4.44521
4.57895
1.23171
3.99693
2.9193
6.47041
2.35572
3.43386
2.81928
3.12925
3.13699
3.22936
11.1886
13.3114
7.77064
2.82456
5.13808
3.95038
6.88235
3.4918
6.11022
2.67029
2.41633
2.74615
2.88034
1.93713
3.64502
2.76793
2.7623
2.89908
12.3399
13.7851
9.55932
5.92222
7.07727
12.1096
3.92857
2.6755
6.95578
8.98507
18.8991
7.91667
7.59545
17.0685
6.97674
14.7976
11.2454
5.88073
11.3091
14.2054
4.48519
2.30538
2.71255
5.83243
11.1825
8.22368
16.3945
5.83735
3.32667
10.0514
7.56923
4.8
1.92
2.10063
4.36486
9.43662
4.4106
3.05587
3.69538
6.62338
5.11728
4.91807
2.85848
4.52151
4.3481
4.95302
3.31928
7.30962
2.22145
2.4186
2.51493
2.25912
1.32657
1.28696
2.61634
8.08209
5.83446
5.55797
15.4213
9.00439
17.5367
7.792
10.6322
3.52577
2.384
6.61957
3.31287
6.86905
3.90351
2.90598
1.96471
1.76699
1.68396
0.847884
22.1404
1.95669
1.91791
3.7807
0.752646
5.66949
6.13761
5.75214
2.80385
3.18039
3.20979
9.43791
5.24348
4.8502
8.19841
14.2692
2.67816
13.1886
15.2696
8.96653
11.0377
8.1748
9.53247
4.97945
5.14729
13.0496
10.8287
6.27679
5.02727
5.78947
4.46721
0.818783
2.39494
3.28077
4.05245
3.92
4.23967
3.95
20.8553
11.9263
9.36475
4.63057
8.70699
3.20079
3.38131
37.7
30.4683
13.9866
22.709
6.25
3.09328
0.962037
9.62327
13.2706
3.13525
1.46137
1.00876
1.35524
10.0652
21.6081
7.59565
5.38182
4.33871
14.9085
9.46377
3.90288
1.96452
2.2536
4.45968
22.7367
8.3227
17.2685
26.3158
6.11111
7.15789
10.9877
19.1474
11.4847
5.12741
4.55477
6.61468
0.786491
5.28058
2.12676
3.96893
2.19952
1.98691
2.92487
4.23064
4.48214
6.57095
6.97865
6.32895
5.8985
9.35507
3.00362
2.77551
4.11872
2.85463
1.45614
1.49474
2.7875
3.17089
1.76035
1.67666
18.7839
5.70339
16.2343
6.9875
5.29042
10.0806
21.0785
8.04365
12.1762
18.9035
9.77044
14.6565
27.3265
6.0241
5.96642
8.97059
21.4049
14.5696
9.75983
5.87654
8.99239
1.75265
2.55734
2.56338
2.78235
1.58363
1.42819
6.41791
4.57193
5.79386
4.25325
6.44737
1.55389
17.5489
33.9775
44.0696
8.65766
4.51376
2.89977
4.52528
2.73712
10.959
5.9661
6.29817
6.55124
2.76815
2.13077
2.64179
2.83088
0.753968
4.37607
2.77692
11.6468
9.78723
6.9386
11.076
8.79739
22.4267
26.5085
12.1435
3.31173
2.89344
1.84507
3.21642
1.075
0.774869
1.14483
2.59394
1.68785
2.38365
8.62411
8.45604
7.30496
12.1296
6.27193
16.2176
8.14015
5.71429
4.62963
10.1092
5.09091
9.84328
4.9633
6.99673
9.18978
13.5603
1.69974
6.72047
5.38433
4.15086
6.70614
8.37162
4.96992
7.86864
4.36905
4.77737
2.54301
23.513
10.5734
3.08127
6.75255
0.61
1.71168
3.03351
1.73323
37.8641
11.6483
12.7788
9.15472
14.1436
10.0042
12.6867
10.9913
5.33813
12.5993
2.69944
8.10377
10.4186
1.05797
9.71186
8.65
9.11255
13.8318
11.1474
1.85906
2.0303
3.30612
0.25596
0.329681
0.611557
0.35608
2.62894
0.487569
0.300221
0.570402
0.544846
0.299189
0.336842
1.08475
0.685131
0.391304
4.04389
1.70188
1.59774
0.491971
0.941053
0.687045
0.782979
0.346667
0.607903
0.808765
0.425926
0.913462
0.57377
1.02791
1.28947
1.3168
0.42711
0.530612
0.553073
2.28658
0.868321
1.29977
0.866538
0.731707
0.793249
0.660099
1.01718
0.861264
0.84058
4.39956
1.03089
0.784483
0.699488
1.25602
1.26289
1.74242
1.69643
1.09235
0.630915
1.57407
3.7735
0.612717
0.455508
1.39548
1.25649
1.4012
0.743316
2.55723
2.56154
2.83045
3.16807
5.39055
1.12934
1.69495
1.99167
1.39655
1.84254
5.23016
2.38811
0.2912
0.314043
0.622103
0.536653
0.16199
0.431259
0.867442
0.401837
0.259232
0.542816
0.308824
1.16176
1.65424
0.35443
0.441667
2.5124
5.336
3.19149
4.07012
4.99638
1.97368
0.370044
0.982993
2.72894
0.43909
0.530806
1.188
1.29915
1.29339
1.29333
1.424
1.54918
1.29508
1.2931
1.03309
1.15385
0.9075
1.54231
1.40164
0.81768
3.40161
0.727273
1.08117
1.63033
1.47368
2.05963
2.51101
2.88496
2.20339
1.95437
2.19008
1.48288
0.872017
0.702586
1.13433
7.66803
2.21721
3.0892
1.83607
3.34862
2.49558
3.33333
2.99123
3.55357
2.15455
2.45149
2.49434
1.73548
9.58696
2.60075
4.00952
1.79613
1.97514
1.88605
0.425414
0.486166
2.88571
0.794118
0.841975
0.60354
0.308077
0.48688
0.884477
0.381801
0.554849
0.858628
1.2583
1.05348
0.194015
0.301391
0.938538
0.578297
0.481121
0.355609
0.95914
0.625767
0.154485
0.669145
0.84507
1.26978
1.65992
0.850202
0.952381
1.31646
0.777457
1.08829
0.927273
0.309524
0.608939
0.694785
0.760469
1.09557
0.613953
0.455224
0.495575
1.22828
4.97333
1.3892
0.901173
1.67489
0.910017
0.544053
0.942708
0.860075
1.39898
2.5822
0.637313
1.09756
1.28365
1.04975
0.740047
0.530806
0.853186
0.716332
1.2132
1.37006
0.387363
0.985447
0.380368
1.05988
0.83237
0.914141
0.497006
1.74603
0.742718
1.12717
0.390909
0.928322
0.456349
2.41192
6.33904
17.9366
3.02857
0.228604
0.573066
0.340833
0.336174
0.573487
0.328594
0.179499
0.491643
0.300221
0.574713
0.714552
0.607306
0.326597
0.338756
0.563877
0.16985
0.351944
0.515419
1.56401
1.39826
0.547739
0.514364
0.873494
1.32854
0.934164
2.48212
1.47607
1.1592
0.578947
0.537736
1.09551
1.22887
0.886747
0.4375
0.51446
1.44598
5.03931
1.43103
1.1171
0.494253
0.488757
0.826645
1.88703
1.38155
0.55305
0.609221
1.01527
3.41889
1.3011
0.882629
0.552419
0.37277
0.315436
1.1523
2.30741
2.80443
1.80137
3.76147
0.712963
2.82743
2.0836
1.29073
1.19658
2.43789
1.63504
2.78571
1.6
3.09649
0.550595
2.68807
3.07339
3.74312
3.12705
1.30906
2.46867
3.0855
1.24427
1.27233
0.287088
0.916168
0.823219
1.14964
0.522562
0.689858
0.630691
1.14839
0.665116
0.480154
2.1233
1.05128
1.19677
0.829574
0.554913
1.55696
2.19748
2.05965
0.808475
1.95181
1.02286
0.792
0.708589
0.766881
0.150641
1.08904
1.52318
2.01709
1.73392
1.18182
0.982833
0.624772
0.719033
0.623596
0.8
0.845238
0.319832
0.195742
0.630072
1.41
1.42609
1.65405
0.913649
0.97166
1.64691
1.22892
1.04673
0.988889
1.28571
0.456349
0.82556
1.15121
1.35734
1.82707
1.45431
1.66921
2.5931
2.34521
3.2415
0.510582
0.651282
1.13978
1.27273
1.07143
1.53642
1.19397
1.19516
0.737255
1.55732
1.22943
0.340659
1.15765
1.08597
1.76286
1.76437
1.37349
2.13475
3.95763
3.81395
4.00862
4.72764
0.276455
0.646667
0.305833
0.432432
0.602134
0.293176
0.468254
0.608232
0.614263
2.67176
0.485748
0.320327
0.546256
0.920188
0.570402
0.328798
0.47004
0.642121
0.208925
0.138889
0.741573
0.69697
0.915033
0.917293
1.07563
1.15487
1.01115
1.0884
1.27811
1.1027
0.694175
0.554072
0.873085
1.45819
7.50602
1.90678
1.65
0.807207
0.639423
0.626728
0.796218
0.893506
1.3665
0.975369
0.751969
0.938811
4.63723
1.23121
3.9879
0.798337
0.70073
2.41818
1.06504
0.596939
1.215
1.1592
1.59467
1.45217
5.44258
1
1.25967
1.43514
1.75477
1.68852
2.82584
1.98165
2.23656
3.42692
6.25341
3.54348
3.94776
4.9633
2.37324
2.71642
2.5035
3.37705
2.92537
1.41294
1.97541
0.326466
0.431527
0.767442
0.347044
0.651969
0.962963
0.505731
0.253146
0.401361
0.206219
0.247021
0.867532
0.795154
0.227948
0.568528
0.686275
0.714706
1.125
1.63393
1.67857
1.04348
1.392
1.28571
0.175223
1.33712
1.03607
1.70417
1.96209
1.607
1.11504
0.722581
1.36636
0.855072
2.12719
2.26199
0.853835
4.29757
1.51504
1.07353
1.28505
0.523232
0.509934
0.680798
0.746702
0.3433
0.376923
0.372308
0.659777
0.706708
0.280423
1.05328
1.07974
1.59227
2.74888
1.92674
3.13761
2.55245
1.28471
2.40948
2.03571
2.70796
0.279101
2.36441
2.15126
2.01299
1.25855
1.68358
1.46471
2.14961
2.14754
2.35833
1.19718
1.19397
4.064
2.75424
2.59649
3.53211
3.0531
2.54128
2.27523
2.6055
2.81579
1.98165
1.4292
1.65328
0.620199
0.228968
0.404853
0.700787
0.264861
0.364146
0.402198
0.714286
0.398208
0.207798
0.524655
1.16879
0.320201
0.346614
0.681574
0.472596
0.33394
0.807692
0.922907
0.191964
0.413712
0.72479
0.937965
0.347009
0.44
0.68709
0.722467
0.311131
0.374046
5.85235
0.664987
0.419722
0.426593
0.553191
0.599099
0.254762
0.469364
0.886179
0.860177
0.646914
0.345899
0.65779
1.01639
1.10511
1.01908
0.694534
0.479858
0.826645
1.17869
2.08013
0.331349
1.02688
0.973899
0.473579
0.816153
1.32609
1.07002
0.712177
3.77314
1.5
1.20851
1.33636
0.935065
0.826203
0.517212
0.620853
1.30591
1.30568
0.3125
1.06221
1.24958
2.23499
2.31755
2.68634
7.86923
14.2939
5.42544
4.36404
2.38953
0.769679
2.0367
4.14557
5.25472
0.128536
0.547307
0.297561
0.274385
0.663446
0.411546
0.589413
0.498768
0.144518
0.727829
0.339286
1.32203
1.31197
1.0902
0.88024
0.875
0.472441
0.898148
0.515258
0.435208
0.356429
1.48117
1.50368
0.860636
0.501678
1.12397
1.38732
1.05215
1.00583
0.462963
0.708835
0.572298
1.36634
1.57265
8.49569
2.06154
2.27477
1.69434
0.869658
1.16381
1.27647
2.51327
1.38172
0.765957
1.16162
1.62006
1.81369
9.81166
1.4169
1.45756
2.23853
1.80738
1.78082
2.85
1.6
2.68807
1.93077
2.80717
1.8374
2.62308
8.76496
2.33043
2.30508
2.40678
2.76147
1.65116
2.15986
3.01835
2.9246
2.43701
2.90119
1.63846
2.00704
2.74569
0.433862
1.75102
1.78543
2.21538
1.83099
2.336
1.49576
0.434954
0.291139
0.514382
0.551471
0.651899
0.721893
0.13417
0.380488
0.39322
0.630901
0.711061
0.6946
0.333685
0.28
0.599723
1.60638
5.98883
1.33138
1.63226
0.976415
0.754955
0.826972
1.30094
0.739535
0.365408
0.541825
1.04348
1.19077
0.800454
1.74043
5.26409
0.53207
0.373976
0.744141
0.549618
0.350064
0.965909
1.69298
1.25191
3.41949
118.629
26.1325
32.6414
26.3755
33.8558
117.35
93.67
29.5236
40.9467
96.0633
155.677
73.0233
16.7094
14.686
13.4106
115.392
45.3889
18.2711
24.7605
27.7311
84.2748
54.7225
61.5254
132.668
52.1233
24.9174
14.8301
17.7008
75.0756
68.9815
40.8686
39.0263
54.5909
92.0151
4.17972
29.6939
29.4495
26.4919
76.8433
87.7545
50.6625
26.892
32.5318
27.3018
20.1621
99.9009
6.38235
3.88664
3.54795
6.99495
6.59932
11.1464
2.00319
2.90438
1.51887
5.57047
2.76259
1.95116
0.588624
1.43015
2.70055
3.67416
3.77193
2.78077
2.85317
3.51911
10.3053
5.96386
3.51724
3.71101
1.11268
3.04428
2.66803
2.83045
1.66497
2.06164
7.00355
3.36508
3.63399
2.96721
3.38017
2.09477
3.16442
3.67178
3.34717
10.0133
1.48168
3.428
3.33191
3.64639
2.34192
3.8777
2.29487
2.42466
13.0194
3.08711
14.0792
6.7619
3.14159
3.32377
1.62234
0.50463
2.13249
1.86745
1.85629
1.98592
4.92857
6.79323
8.67692
7.2549
7.50877
5.24348
2.63291
3.35122
3.67978
8.65
4.16443
3.30909
1.98079
3.05574
6.50442
7.04673
11.9107
3.00342
1.71596
2.19649
1.89085
2.69727
5.83641
8.19531
0.484127
5.97152
9.05328
7.06987
5.93939
5.25641
13.3453
4.33466
9.09442
9.04484
8.73171
9.66312
13.7181
11.1229
5.91129
9.58077
2.55372
1.97626
1.85079
1.50409
1.73377
1.53295
3.2
4.35965
4.65044
2.00992
8.91213
10.4591
10.1147
3.98329
3.76471
6.06504
9.204
7.74194
14.9474
9.34538
12.0043
6.76056
5.33607
5.84052
1.44444
6.65758
4.62353
6.11839
5.09778
12.0308
5.49576
3.80258
3.35165
2.55325
2.19071
1.38367
2.08108
5.48101
8.15126
3.79091
4.78295
3.06849
3.08442
5.81784
3.73799
0.306122
1.27804
1.08521
1.83219
1.4712
1.25543
1.08995
1.32245
1.8479
3.78523
9.82018
4.85294
7.71064
4.78761
3.35088
2.03175
3.07759
3.39231
1.64737
1.93784
0.631378
1.5297
3.04924
1.99666
2.19722
4.01158
5.6569
3.65248
7.72464
1.56289
7.16077
6.49356
7.83258
10.9814
