1.33333
1.44025
1.87288
7.54365
1.40079
1.2619
1.52239
1.48944
2.12093
1.40604
1.75926
1.82533
1.18929
1.22099
1.55
1.23264
1.22156
1.54545
1.71429
0.396259
1.49664
1.85965
1.43151
1.53979
1.67681
2.17273
1.53358
1.42657
1.55634
1.85882
2.05963
1.61168
1.46763
1.5
6.57143
1.4139
2.26957
1.75641
1.36301
1.41275
1.61905
1.6746
1.48148
1.5137
1.68254
1.58088
1.60526
1.42545
1.66538
1.38188
6.69853
1.22414
1.39925
1.14465
1.22727
1.56184
1.70238
1.6037
1.51673
1.47887
1.34043
1.30795
1.47333
1.7839
1.47826
1.35211
0.391234
2.0367
1.4037
1.22293
1.4
1.74603
1.76587
1.40549
1.3156
1.23009
1.57037
1.48881
1.53512
1.84091
1.16772
5.73006
1.4943
1.28617
1.55479
1.81532
1.31579
1.49254
1.49296
1.8155
1.91837
1.5748
1.4966
1.74603
1.82787
1.50853
1.55118
6.19588
1.17151
1.59932
1.88073
1.46154
1.46269
1.26667
1.40764
1.61111
1.30612
1.39355
1.82308
2.05963
1.41401
1.32948
1.54909
0.37585
1.38667
1.42754
1.50658
1.41844
1.49296
1.64925
1.72619
1.61993
1.49838
2.07054
1.79825
1.54545
1.89683
1.88073
5.98675
1.35689
1.39286
1.58955
1.50181
1.33564
1.33856
1.49664
1.71724
1.72034
1.5493
2.14679
1.44118
1.40397
1.86154
1.412
4.96774
1.07196
1.66154
2.11659
2.0181
1.18831
1.28097
1.58209
1.64179
1.97222
1.28859
1.39333
1.53237
1.58955
1.5
1.40594
0.324074
2.02752
1.5873
1.46599
1.76923
1.46429
1.54545
1.77778
1.74153
1.59524
1.83482
1.54452
1.95
1.22378
1.17714
6.47018
1.18519
1.15584
1.31677
1.57037
1.12778
1.29114
1.52113
1.68846
2.3516
1.8125
1.72222
1.70385
1.28097
1.62313
1.58333
0.290344
1.48148
1.34247
1.5493
1.77778
3.45395
1.51773
1.58423
1.57736
1.58993
1.71429
1.51984
1.32063
1.62319
1.87288
7.69915
1.35915
1.11076
1.31776
1.49643
1.58741
2.04741
1.45736
1.35714
1.61765
1.81746
1.72936
1.22619
1.53901
1.65873
1.57951
6.03548
1.52555
1.56884
1.18012
1.48043
1.51056
1.51493
1.46831
1.52727
1.56475
1.75299
1.68846
1.7
2.26606
1.85849
1.38365
7.38492
1.51568
1.77119
1.50685
1.64925
1.74603
1.74206
1.34733
1.37342
1.631
1.55556
1.49007
1.65678
1.19344
1.26923
1.64794
0.406656
1.42586
1.45397
1.76154
1.43443
1.17919
1.70769
1.57937
1.43046
1.70385
1.69048
1.64207
1.34354
1.25926
1.56643
7.60656
1.924
1.4321
1.86134
1.69841
1.62313
1.57955
1.34043
1.5539
1.57621
1.56522
1.63846
1.63889
1.5322
1.59615
1.68214
7.75
1.35294
1.94037
1.45918
1.47328
1.34768
1.54007
1.62698
1.38276
1.51748
1.55597
1.48551
1.57778
1.3141
1.38462
1.38776
6.16549
1.40476
1.50794
1.20615
1.42667
2.05505
1.45548
1.49291
1.38267
1.13565
1.35583
2.13761
1.65873
1.62963
1.82278
1.32394
0.265714
1.19505
1.23856
1.12577
1.48889
1.40502
1.46667
1.69048
1.75556
1.80275
1.39667
1.64748
1.91102
1.43922
1.28313
1.51538
0.266534
1.65734
1.78715
1.37319
1.11295
1.5189
1.75397
1.75397
1.25382
1.35793
1.35161
1.38849
1.86071
1.4841
1.425
6.0274
1.07463
1.62595
1.62687
1.63934
1.5137
1.61111
1.51449
1.50719
1.4965
1.55172
1.43144
1.55725
1.56643
1.69262
1.28136
0.249256
1.2
1.75688
1.42492
2.35814
1.94495
1.55385
1.51299
1.73684
1.29452
1.49658
1.48339
1.62329
1.69728
2.27273
1.98174
0.248677
1.40823
1.83556
1.08767
1.57439
1.68077
1.22259
1.32515
1.7582
1.4216
1.30275
1.66154
1.7
1.89474
1.67045
6.85294
1.45051
1.41516
1.50685
1.71429
1.48148
1.40067
1.53425
1.83607
1.81557
1.12
1.50333
1.76378
1.89474
1.35211
1.57756
0.292857
1.25926
1.33803
1.35032
1.42593
1.22684
1.29032
1.53061
1.79762
1.90083
1.66667
1.50333
1.64754
1.55782
1.62302
1.29352
0.287698
1.62977
1.76984
1.94397
1.42122
1.64394
1.60755
1.40299
1.48701
1.85417
1.29677
1.43537
1.4964
1.5942
1.71032
6.83273
1.36552
1.65873
1.33333
1.53846
1.78689
1.67153
1.69492
1.38356
1.56028
1.65873
1.29259
1.24768
1.46885
1.79237
1.35777
7.28731
1.22353
1.51449
1.41007
1.37333
1.25874
1.32335
1.59449
1.32414
1.49315
1.65468
1.45638
1.94355
1.50746
1.45804
6.85075
1.37011
1.36667
1.30241
1.33333
1.72593
1.53214
1.51667
1.19591
2.15745
1.92727
1.27465
1.25228
1.51246
1.08143
1.20231
6.43011
1.47452
1.63559
1.23548
1.69742
1.71223
2.15385
2.02703
1.53846
1.40541
1.5942
1.89286
1.52
1.20728
1.71429
1.67939
7.23413
1.31902
1.27707
1.58451
2.01747
2.16055
1.58935
1.52817
1.57692
1.05028
1.53767
1.63525
1.34007
1.1987
1.41558
1.50368
0.303571
1.60593
1.41509
1.55755
1.24444
1.4589
1.48889
1.51361
1.3588
1.53957
1.43885
1.39799
1.1697
1.4129
1.29012
6.2
1.46835
1.40169
1.77912
1.16
1.38509
1.71489
1.36054
1.48649
2.13717
1.55738
1.34603
1.82308
1.99561
1.67073
1.43662
0.326786
1.1828
1.39683
1.56494
1.65672
1.48413
1.30636
1.91213
1.57756
1.82727
1.32609
1.41641
1.86842
1.4854
1.60142
7.70168
1.65637
1.47586
1.31803
1.34247
1.43
1.86758
1.3253
1.59921
1.45205
1.66791
1.39799
1.63768
1.45397
1.52508
1.92273
6.60563
1.17868
1.44156
1.07761
1.3503
1.83621
1.37544
1.47333
1.48413
1.44918
1.26689
1.61511
1.00267
1.3805
1.44444
1.27431
0.232804
1.26316
1.7
1.67063
1.43793
1.94977
1.57143
1.65283
1.37821
1.35294
1.39355
1.70769
1.28041
1.43396
1.97727
6.49643
1.16399
1.32635
1.49051
2.19266
1.79237
1.52878
0.994859
1.32258
1.53791
1.17647
1.43493
1.4403
1.40823
1.47782
1.58736
0.304945
2.22018
1.75
1.6791
1.56098
1.21854
1.21472
1.41722
1.52985
1.49831
1.87097
1.72901
1.92558
1.31731
1.26688
5.97351
1.49481
1.59328
1.39552
1.48726
1.98157
2.13393
1.09804
1.24713
1.82377
1.81655
1.77444
1.6194
1.74603
1.57143
1.44408
6.9403
1.52381
1.63077
1.36264
1.24576
1.46154
1.71053
1.75089
1.4403
1.38816
1.5053
1.59328
1.73881
1.87719
1.48148
1.46233
0.285714
1.56098
1.38024
1.84305
1.36054
1.33803
1.31962
1.46739
1.23693
1.30514
1.54231
1.42958
1.33893
1.45734
1.65926
7.11111
1.9004
2.23318
2.01835
1.6746
1.43506
1.43651
1.25688
1.61172
1.67717
1.73571
1.47917
1.31561
1.47535
1.65942
2.20183
6.6807
1.98174
1.68382
1.60169
1.28616
1.60211
1.65934
1.59375
1.46233
1.74074
1.97248
2.21296
1.75573
1.9148
1.42754
1.40878
0.402597
1.59322
1.36709
1.43462
1.22154
1.25594
1.71321
1.53909
1.31212
1.26367
1.32432
1.53425
1.4797
1.43493
1.36641
6.06796
1.52
1.27746
1.44056
1.57037
1.3913
1.37742
1.54348
1.46269
1.50685
1.8254
2.14679
1.7314
1.46181
1.53435
1.66429
6.39855
1.42405
1.91244
1.43243
1.57746
1.67213
1.28146
1.28846
1.24422
1.28247
1.43234
1.78889
1.72202
1.46565
1.42208
1.72428
0.365646
1.31013
1.15616
1.60465
1.6422
1.15325
1.956
1.66794
1.59924
1.55
1.65873
1.5
1.66901
1.57658
1.41935
7.15385
1.35338
1.20181
1.3913
1.57394
1.96714
1.42763
1.79478
1.31868
1.36709
1.53623
1.76866
2.07339
1.17089
1.29012
1.41667
5.87908
1.61022
1.97934
1.95968
1.77358
1.41935
1.82143
1.97034
1.62605
1.31613
1.51056
1.79116
1.91968
1.43385
1.59489
1.67213
0.281746
1.81148
2.09402
1.64407
1.71622
1.4527
1.3614
1.45484
1.83333
1.56066
1.54511
1.20944
1.34667
1.37143
1.57308
6.16197
1.41214
1.36102
1.61481
1.86758
1.49834
1.7561
1.7541
1.45483
1.81893
1.44928
1.56338
2.05505
1.85507
1.79832
1.48571
0.30763
1.37003
1.70902
1.77308
1.63014
1.50523
1.7
1.74603
1.68651
1.51601
1.34307
1.44516
1.61475
1.52443
2.08491
6.44718
1.66541
1.51481
1.58451
2.26415
1.81466
1.35548
1.38732
1.34314
1.48944
1.66421
1.44538
1.26286
1.68321
1.75397
1.38369
7.80508
1.29966
1.57192
1.61475
1.51656
1.90678
1.8125
1.52612
1.58276
1.56552
1.38978
2.17489
1.55224
1.3913
1.47742
1.54661
0.275714
1.09195
1.35032
1.75185
1.29641
1.73993
2
1.74621
1.56184
1.49603
1.31563
1.40351
1.56849
1.86441
1.75794
5.63889
1.59925
1.45548
1.61957
1.81955
2.04186
1.32404
1.23794
1.36774
1.48462
1.44079
1.70472
1.69742
1.78541
1.61268
1.98305
7.06716
1.55072
1.49071
1.39726
1.65942
2.01695
1.51128
1.375
1.62329
2.0367
1.52157
1.31169
1.49655
1.55556
1.37748
1.60145
3.82313
1.36264
1.28097
1.52239
1.47183
1.55914
1.68729
1.23897
1.61953
1.47143
1.56794
1.58333
1.24092
1.35849
1.71154
2.06047
0.291667
1.41528
1.76538
2
1.90789
1.36982
1.49026
1.51111
1.5
2.13761
1.48561
1.30175
1.15976
1.53082
1.64315
5.52885
1.2069
1.62681
1.58091
1.21519
1.42581
1.71825
1.62825
1.52672
1.45205
1.64179
1.93254
1.45016
2.01186
1.37423
1.34448
0.253968
1.43506
1.17915
1.17665
1.37748
1.64748
2.09633
1.5189
1.73881
1.69298
1.32258
2.27619
1.45548
1.60294
1.53357
7.13492
1.91538
1.5873
1.37193
1.38111
1.58824
1.71923
1.34557
1.71536
2.21834
2.08372
1.5942
1.79918
1.34713
1.30581
1.6194
0.435374
1.70339
1.35526
1.24709
1.673
1.90625
1.44805
2.11207
2.14286
1.32237
1.51724
1.60145
1.74603
1.55159
1.36156
5.59133
1.52414
1.36585
1.32476
1.38983
1.38869
1.43662
1.66901
1.85321
1.20408
1.28529
1.53623
1.74046
1.70769
1.40065
1.30769
6.26354
1.05211
1.64179
1.97222
1.1497
1.47333
1.81746
1.89407
2.66667
1.4539
1.46835
1.38062
1.58993
1.6
1.55597
5.38739
1.47735
1.56849
1.88559
1.65145
1.16828
1.34177
1.52817
1.41852
1.35962
1.60339
1.62222
1.44882
1.28221
1.46763
1.37413
5.51757
1.10649
1.5916
1.51449
1.42958
1.52721
1.30986
1.30408
1.47826
1.60145
1.68254
1.51825
1.56522
1.8373
1.86385
1.36422
6.75373
1.36538
1.31343
2.67568
2.06422
1.55738
1.47712
1.97321
1.46269
1.60627
1.53061
1.73984
1.77273
1.65596
1.28035
1.71942
0.281746
1.38235
1.47333
1.72222
2.35849
1.60163
1.32258
1.34965
1.56522
1.48101
1.92202
1.31469
1.35514
1.6
1.48507
6.20134
1.72263
1.44118
1.44667
1.56818
1.47163
1.44128
1.4
1.319
1.30061
1.63704
1.80932
1.42756
1.46713
1.49254
1.5034
7.19841
1.42997
1.57983
1.2375
1.30464
1.68231
1.50794
1.23659
1.52667
1.97368
1.95238
1.6391
1.75527
1.2987
1.62587
1.52015
0.35989
1.58955
1.52963
1.5704
1.76154
1.53086
1.508
1.29524
1.61268
2.13303
1.65164
1.59589
1.6748
1.20219
1.21136
5.87419
1.52113
1.63077
1.63177
1.78947
1.43662
1.63433
1.6791
1.60938
1.37324
1.26059
1.48701
2.09633
1.40453
1.46816
1.43046
6.89231
1.29755
1.34365
1.48077
1.38978
1.54615
1.73485
2.43891
1.53455
1.51273
1.48551
1.56643
1.58607
1.1358
1.35583
1.77778
0.293478
1.29412
1.52574
1.7474
1.7807
1.48322
1.79741
1.40411
1.4965
1.43431
1.39333
1.39394
1.25767
1.5
1.87547
5.35159
1.70412
1.38291
1.47267
1.55603
1.20299
1.53952
1.63525
1.33861
1.64286
1.80263
1.65942
2.13596
1.69767
1.54723
1.84615
0.293155
1.3012
1.55
1.51342
1.72541
1.72075
1.60656
1.2589
1.45392
1.60662
1.51986
1.65543
1.72222
1.68651
1.31959
1.42
0.189153
1.06373
1.64231
1.52985
1.53623
1.74603
1.69048
1.44649
1.1
1.13743
1.44262
1.72222
1.69084
1.14634
1.38365
8.07175
1.6791
1.60392
1.40719
2.3271
1.52239
1.47535
1.45652
1.30612
1.38312
1.625
1.72222
1.49615
1.47138
2.23982
1.39924
5.25305
1.13966
1.55435
1.27541
1.42295
1.55952
1.33993
1.62329
1.87156
1.38028
1.45695
1.16964
1.70526
1.74138
1.33221
1.57377
0.262117
1.28528
1.58993
1.44841
1.4586
1.78571
1.70763
1.61871
1.78986
1.36054
1.38667
1.47826
1.45455
1.48921
1.42907
6.42308
1.5365
1.53237
1.43704
1.26059
1.25633
1.36545
1.57818
1.6627
1.55422
1.26708
1.44718
1.54839
1.59615
1.37037
1.35616
6.46181
1.5969
1.69853
1.48944
1.26715
1.30645
1.39016
1.43284
1.13143
1.70714
1.41096
1.44056
1.50725
1.86923
1.78409
1.0593
0.276099
1.34036
2.16744
1.45038
1.29206
1.53901
1.55556
2.23684
1.63115
1.39216
1.5754
1.52288
1.94298
1.55556
1.36129
1.38742
0.232804
1.17169
1.39016
1.52612
1.2017
1.55172
2.14224
1.13312
1.40909
1.64286
1.3986
1.45205
1.43284
1.30323
1.45392
8.3018
1.40764
1.77381
2.05195
1.77966
1.55755
1.47059
1.30137
1.40127
1.8373
1.26791
1.51786
1.39493
1.47386
1.79186
1.46769
8.7814
1.61628
1.63889
1.38111
1.69456
1.4472
1.98624
1.48913
1.47703
1.46014
1.57194
1.66538
1.66667
1.32581
1.64158
2.16667
0.290584
1.10156
1.57091
1.62308
1.39711
1.42951
1.51923
1.30667
1.49175
1.56746
1.67881
1.27184
1.23377
1.43791
1.81746
7.64407
1.33103
1.39355
1.69847
1.44048
1.24702
1.5942
1.87705
1.65079
1.42029
1.43709
1.50763
1.19536
1.25449
1.48364
1.50704
7.85593
1.52852
1.07542
1.24465
1.5438
2.22535
1.3829
1.36482
1.53405
2.09633
1.50746
1.41837
1.82288
1.65873
1.36957
1.16667
0.286376
1.39932
1.30612
1.19936
1.38019
1.55385
1.28136
1.44025
1.90351
1.55159
1.4085
1.86853
1.41143
1.31148
1.47333
7.22619
1.64789
1.41754
1.22667
1.25926
1.4507
1.80784
1.45652
1.28136
1.3589
1.44898
1.70385
2.19355
2
1.5137
1.53175
6.30952
1.53968
1.59932
1.64706
1.56538
1.53025
1.37013
2.0991
1.69203
1.71053
1.47883
1.96875
1.37681
1.43506
1.63492
1.61871
0.317308
1.72874
1.18272
1.19764
1.51195
1.75397
1.81746
1.53689
1.18902
1.49673
2.06881
1.6627
1.70504
1.8211
1.30519
1.35254
0.232804
1.3253
1.72222
1.3245
1.39726
1.61268
1.83122
1.6306
1.53817
1.28146
1.34177
1.45965
1.42254
1.22635
1.24551
6.69784
1.35211
1.4129
1.19937
1.37333
1.49825
1.57778
1.6791
1.47292
1.41358
1.90351
1.37063
1.42
1.55224
1.52612
1.53147
8.97674
1.75397
1.73878
1.57971
1.32941
1.67841
1.46885
1.53175
1.37667
1.5371
1.56107
1.58741
1.93304
1.4529
1.63043
1.99561
0.36526
1.83193
1.58974
1.64961
1.23427
1.32229
2.01732
1.53175
1.3738
1.62909
1.74359
1.53425
1.69841
1.8247
1.55242
0.971576
0.21164
1.1828
1.97222
1.96154
1.48031
1.26452
1.35644
1.61806
1.99541
1.6
1.82528
1.90826
1.57246
1.46923
1.39172
8.11556
1.5
1.52632
1.57692
1.57042
1.96018
1.87891
1.31973
1.36688
1.56272
1.52756
1.35948
1.625
1.84416
1.64945
1.90164
7.5
1.31646
1.31338
1.39032
1.50549
1.55273
1.40672
1.28302
1.64179
1.49627
1.44604
1.33962
1.40672
1.40323
1.7
2.04128
6.21502
1.4331
1.68592
1.92469
1.94495
1.66052
1.68033
1.61957
1.83857
1.49669
1.94397
1.70635
1.41111
1.54785
1.88983
1.65079
6.72464
1.61852
1.59551
1.45896
1.47368
1.30363
1.63701
1.62698
1.12903
1.46415
1.44479
1.74561
1.37931
1.45424
1.7
1.52899
0.343168
2.34906
1.76587
2.25116
1.63095
1.49635
1.49324
2.09174
1.59615
1.41007
1.17757
1.37419
1.52985
1.36972
1.41176
1.7
0.31456
1.68443
1.44211
1.42857
1.59353
1.79762
1.75556
1.37864
1.54962
1.3686
1.43243
1.60741
1.57252
1.32993
1.22115
5.83861
1.68284
1.79736
1.46667
1.59921
1.33333
1.41391
1.54478
1.59011
1.89912
1.96063
1.27778
1.27829
1.55224
1.72015
1.70667
5.69255
1.88636
1.5873
1.40845
1.43289
1.72388
1.96567
1.72619
1.59843
1.4589
1.64925
1.61905
1.51748
1.67717
1.56923
1.40845
6.13014
1.4472
1.90254
1.92241
1.6875
1.67797
1.52159
1.94298
1.69231
1.82143
1.80995
1.51325
1.80263
1.51864
1.45238
1.18079
7.53175
1.76154
1.75424
1.60071
1.61435
1.30178
1.69444
1.66296
1.88745
1.37231
1.92275
1.40909
1.39568
1.0085
1.40252
1.98214
0.259259
1.44
1.63077
1.61567
1.59696
1.16992
1.69202
2.33953
1.74336
1.21474
1.14642
1.44051
1.48462
1.31511
1.67658
7.32927
1.22222
1.2006
1.55634
1.64286
1.44964
1.14876
1.55336
1.39934
1.7
1.84921
1.69298
1.52903
1.99083
1.55769
1.16517
6.28214
1.51656
1.68498
1.58475
1.31579
1.66052
1.52049
1.47468
1.95413
1.54348
2.07798
1.39249
1.46503
1.41304
1.5
1.43548
7.14122
1.76423
1.60385
1.4078
1.51007
1.85321
1.66781
1.72273
1.46104
1.5916
1.58672
1.625
1.50542
1.5572
1.43929
1.5
8.38318
1.24425
1.72358
1.49823
1.57463
1.45645
1.5036
1.48601
1.53704
1.86996
1.34731
1.61475
1.36054
1.46441
1.61538
1.40977
5.49846
1.11732
1.35714
1.49673
1.63136
1.29221
1.49485
1.76154
1.81651
1.37864
1.6616
2.16279
1.28782
1.17778
1.69373
1.72653
0.396259
1.42143
1.45161
1.85593
1.36232
1.26129
1.42157
1.59524
1.56849
1.90678
1.80738
2.01732
1.56993
1.18827
1.27273
6.62324
1.38621
1.48951
1.49259
1.39726
1.41549
1.42177
1.46269
1.35099
1.24658
1.34177
1.40299
1.3
1.56738
1.69048
1.85526
5.81905
1.54355
1.55185
1.36232
1.39241
1.63492
1.5625
1.46372
1.90826
1.45105
1.54348
1.73881
1.79825
1.42606
1.48123
1.73077
7.75
1.27414
1.62121
2.1267
1.58974
2.01835
1.56507
1.5678
1.35583
1.73228
1.53175
1.3543
1.44366
1.31707
1.47525
1.02174
0.356331
1.3738
2.00877
1.4964
1.44565
1.48161
1.81746
1.62712
1.30519
1.53846
1.85714
1.84746
1.64179
1.17582
2.07627
7.86441
1.48699
1.34932
1.50993
2.03774
1.66901
1.94954
1.50183
1.22945
1.31988
1.6791
1.81193
1.37662
1.53358
1.44444
1.64925
7.30556
1.44828
1.4291
1.37072
1.51538
1.41368
1.82895
1.45659
1.89333
1.55088
1.94068
1.88889
1.5748
1.77903
1.77652
2.02193
8.47907
1.70769
1.34539
1.27152
1.40909
2.21101
1.81746
1.23249
1.53623
1.48592
1.42969
1.36207
1.94444
1.65323
1.67176
1.46831
0.368506
1.44
1.65182
1.44014
1.49301
1.38806
1.40123
1.26542
1.58801
1.58209
1.48708
1.55782
1.72034
1.40614
1.51748
6.79231
1.41176
1.25246
1.36928
1.41007
1.5
1.97209
1.6413
1.86818
1.26415
1.44898
1.72015
1.77232
1.53896
1.8211
1.4471
6.91791
1.33544
1.50181
1.82661
0.973214
1.1497
1.22581
1.35032
1.45956
1.35739
1.31126
1.47157
1.69444
1.54444
1.56738
1.7381
7.79237
1.60714
1.81746
1.90756
1.80488
1.68534
1.32177
1.50909
1.48239
1.40714
1.43046
1.48846
1.43312
1.72881
1.3662
1.55333
8.19298
1.35915
1.37
1.5053
1.46125
1.31507
1.34194
1.50179
1.43214
1.41
1.30216
1.38532
2.09767
1.79231
1.8578
1.27055
3.17063
1.19274
1.57692
1.53169
1.74561
1.37329
1.67658
1.55642
1.53465
1.68872
1.41791
1.35669
1.58955
1.76984
1.59286
1.53383
0.232804
1.21557
1.59124
1.70896
1.83772
1.55396
1.63462
1.46324
1.51178
1.8952
1.44928
1.39726
1.57343
2.09211
1.96721
4.28297
1.47987
1.61852
1.93976
2.12093
1.72881
1.3468
1.42177
1.41367
1.32881
1.49831
1.59542
1.58423
1.55556
1.34932
1.45364
6.52256
1.05376
1.37671
1.38095
1.63509
1.80275
1.43854
1.56538
1.45548
1.45385
1.25157
1.31579
1.4863
1.52381
1.44599
1.47811
6.95113
1.45
1.76471
1.89407
2.04979
1.92887
1.45865
1.36928
1.6
1.71825
1.66535
1.16291
1.74118
1.52381
1.64789
1.50403
0.257937
1.37124
1.51087
1.37809
1.45151
1.47619
1.26059
1.36093
1.3913
1.35463
1.64925
1.56746
1.5596
1.83399
1.47931
6.85019
1.54167
1.41639
1.6
1.65942
1.49635
1.52098
1.64615
1.73881
1.72807
1.50179
1.52083
1.40672
1.27607
1.52518
1.49254
6.05705
1.25243
1.42581
1.51984
1.43949
1.74576
1.44746
1.81746
1.55932
1.28221
1.45878
1.41379
1.43662
1.48252
1.63806
2.02791
5.49221
1.11685
1.4386
1.59498
1.55435
1.59701
1.52878
1.55224
1.47826
1.99552
1.33333
1.58511
1.79556
1.47003
2.18807
2.18605
0.35559
1.45848
1.52239
1.44718
1.55088
1.65476
1.51812
1.41007
1.47619
1.55556
1.43377
1.68061
1.72222
1.58779
1.48551
1.64179
0.466964
1.12883
1.33642
1.64286
1.41197
1.30556
1.34839
1.44803
1.4863
1.62977
1.43478
1.35762
1.5189
1.52381
1.39355
7.60714
1.98734
1.49254
1.32042
1.48408
1.86842
1.63028
1.06957
1.24551
1.56115
1.52381
1.26332
1.48057
1.4965
1.77863
1.72807
6.12829
1.884
1.91163
1.38111
1.54815
1.50725
1.51493
1.44161
1.31481
1.60741
1.81538
1.86047
1.32877
1.33887
1.60507
1.78279
0.276099
1.2
1.41695
1.4964
1.5942
1.60714
1.55439
1.72222
1.83258
1.33133
1.76984
1.94606
1.78319
1.30667
1.43046
1.6
0.267196
1.71324
1.83922
2.02222
1.75304
1.69231
1.92063
2.04202
1.76068
2.16814
1.63704
1.8373
1.39365
1.25862
1.10112
5.77152
1.28783
1.47292
1.69841
1.55435
1.56061
1.64437
2.13761
1.94737
1.85153
1.4589
1.64615
1.53358
1.56643
1.52869
1.25076
6.8365
1.52632
1.78397
1.4959
1.1261
1.46358
1.74603
1.62698
1.41317
2.16667
2.13333
1.59058
1.54579
1.76604
1.57634
1.32867
0.278727
1.23269
2.0093
1.96818
1.29012
1.48889
1.51748
1.56107
1.57692
1.50391
1.31715
1.55254
1.79825
1.47826
1.55556
1.5
0.444643
1.77165
2.10329
1.53818
1.53114
1.28261
1.01015
1.38957
2.05581
1.40217
1.37419
1.7
1.78571
1.71951
1.60227
7.50794
1.58456
1.95089
1.54717
1.60067
1.89778
1.36232
1.39241
1.70635
1.23989
1.35185
1.3253
1.69048
1.43542
1.29316
1.26333
5.40566
1.11828
1.54348
1.48485
1.29836
1.27152
1.37662
1.55224
1.51439
1.51971
1.37313
1.29582
1.26667
1.27885
1.47667
1.71032
7.95964
1.13369
1.48846
1.43366
1.668
2.20179
1.58103
1.52465
1.67424
1.47348
1.43493
1.48913
2.16972
1.47735
1.64074
1.76587
7.20849
1.44295
1.86222
1.23659
1.64158
2.04225
1.59353
1.52381
1.62329
1.71756
1.44314
1.17485
1.41214
1.64754
1.42466
1.39855
0.420068
1.36859
1.53716
1.65
1.54074
1.45714
1.46479
1.44928
1.46479
1.47826
1.5122
1.62214
1.52239
1.5
1.50379
6.35117
1.96218
1.55556
1.33333
1.50853
2.05932
1.65546
1.49831
1.61905
1.32069
1.21543
1.30655
1.53053
1.57093
1.69957
1.38411
6.64074
1.27532
1.33333
1.30363
1.46358
1.84921
1.59211
1.10127
1.38769
1.68033
1.47826
1.23197
1.45205
1.51119
1.28814
1.33962
7.32143
1.70196
1.84921
1.87156
1.8524
1.88263
1.17647
1.32335
2.04386
1.65873
1.49259
1.25676
1.29814
1.55357
1.38095
1.45724
6.75368
1.29
1.42903
1.84921
1.68421
1.34194
1.44086
1.40816
2.36449
1.97706
1.50694
1.75
2.03286
1.58333
1.48754
1.47482
6.40141
1.29052
1.58123
1.83468
1.77974
1.39748
1.60317
1.44218
1.86508
1.57812
1.44089
1.42593
1.48014
1.43522
2.65385
7.94853
3.28652
2.46018
0.914894
0.90367
0.775801
1.06838
0.991453
0.844961
0.928571
0.958678
0.889764
1.05983
1.12281
0.991228
0.959016
0.878049
0.904762
1.23148
1.02542
0.12987
0.616022
1.0093
0.796491
1.02262
0.783217
0.850394
0.793893
0.888889
0.983051
1.05738
0.87156
0.753521
0.875969
0.984252
0.957627
1.14035
1.06838
0.932203
0.99115
0.854962
1.19266
1.03419
0.127329
0.611765
0.8
1.08475
0.918033
0.888889
0.88189
0.92623
1.09735
0.918033
0.854962
0.99187
1.06838
0.932203
1.06195
0.888889
1.17431
0.893443
0.824427
1.05263
0.866667
0.957265
0.832061
6.27953
0.723926
0.888889
0.835821
0.866142
0.832
0.859259
1.02542
0.893443
1.08333
0.896296
0.881356
0.984252
0.954128
0.766423
0.896825
0.92562
0.946565
1.18349
1.17431
1.21101
1.02752
1.05085
6.75
0.783217
0.92126
1.10092
0.852459
0.948148
1.10092
1.06422
0.88189
0.858268
0.913386
1.01695
0.918033
0.845528
0.81295
0.991453
0.920635
0.992126
1.00926
1.09735
0.888889
0.949153
0.868217
0.914062
0.116402
0.78
0.964912
0.866667
0.872881
1.13793
0.952381
0.889831
1.05983
0.885246
1.21101
0.920635
0.918033
0.868217
0.9375
0.881356
0.75
0.983051
0.824427
0.944882
1.05263
0.923729
1
0.148148
0.983051
0.839695
0.967742
1.04918
1.02752
0.857143
0.920152
0.682836
0.851711
0.88189
0.897638
1.03704
0.839161
0.949153
0.780488
0.762238
1.10619
1.01695
0.918033
1.10092
0.888889
0.949153
0.126984
0.76087
1.09402
0.852459
0.880597
1.10345
0.95614
0.878788
1.02542
0.957627
0.845528
0.8
1.0614
1.02372
0.990826
0.7
0.944882
1.08475
1.17431
1.07339
0.940171
1.19444
0.983051
0.121693
0.739437
0.77037
1.05932
0.96
0.934426
0.990826
0.797203
0.919149
0.805755
1.10092
0.888889
1.01695
0.949153
0.914062
1.09402
0.912281
0.862595
0.957265
0.954198
0.990826
0.859259
0.918033
0.156463
0.666667
0.896552
0.863309
1.01695
0.915254
0.711656
0.915254
0.88189
0.834646
1.03448
0.895522
1.21101
0.947368
0.832061
0.913386
0.983051
0.918033
0.918699
1.02479
0.959016
1.14815
0.957627
0.222789
0.784672
0.939394
0.92623
0.949153
0.882353
0.957627
0.968254
1.03419
0.932203
1.09292
0.906883
0.832061
1.11111
1.01587
1.13761
1.06422
0.949153
0.868217
0.914062
0.910256
0.787004
0.92126
0.133117
0.664773
1.02542
1.01695
0.865079
0.830769
0.837037
0.958678
1.04587
0.823529
1.08475
0.881356
0.953846
0.97807
0.848485
0.955752
0.854962
0.98374
0.869919
0.904
0.817518
1.05085
0.873016
0.163265
0.637427
1.02564
0.8
0.813433
0.991453
0.820896
0.9
0.82963
0.983193
1.02479
0.893443
1.0463
0.888889
0.915254
1.11009
0.843284
0.991453
0.857143
1.10256
0.949153
0.868217
0.914062
0.147727
0.674699
0.809524
1.25
0.963303
0.818841
0.794118
0.787402
0.82963
0.983051
0.842105
0.944882
0.847458
0.886447
0.859259
0.92623
0.868217
0.902724
0.878049
0.858268
0.944882
0.957627
1.12037
0.214286
0.822695
1
1
0.977099
1.17431
1.17431
1.13761
1.02752
0.858268
0.957265
0.82963
0.914062
0.957265
0.862595
1.09402
1.12281
1
1.05983
0.893443
1.0463
0.888889
0.915254
7.29817
0.656627
1.05983
0.801587
0.767528
1.08475
0.860656
0.952381
0.983607
0.923729
1.02564
0.92623
0.897638
1
0.759582
1.07339
0.896296
0.889831
0.613333
1.05983
0.888889
0.937984
1.02542
6.84322
0.8
0.768116
1.10345
0.873016
1
0.928571
0.991453
0.857143
0.858268
1
0.896296
0.889831
0.613333
1.05983
0.888889
0.852713
0.84127
0.77305
0.923077
0.885496
0.881356
0.82963
0.918699
0.145503
1.03448
0.803279
1.14655
0.858268
0.848
0.958678
0.807407
0.928571
1.03306
0.983051
1.10345
1.05932
0.949153
1.11765
0.99115
0.854902
1.0354
0.952381
0.915254
1.10092
0.814815
1.11111
0.162037
1.00465
0.820144
0.923077
0.911765
1.10092
0.881356
0.764706
0.797048
0.742754
1.03644
0.957627
1.11111
0.952381
0.923729
1.10092
0.748148
0.762238
1.02564
0.983607
0.918033
0.983193
1.02479
0.137566
0.769231
0.814815
1.03448
0.857143
0.915254
0.794118
0.736842
0.97561
0.92623
0.929134
1.05085
0.923729
1.075
0.89313
0.835938
1.09589
0.888889
0.923729
1.0463
0.888889
0.923729
1.21296
0.265038
0.933884
0.818898
0.807407
1.05983
0.825397
0.895522
1.08475
0.954128
0.854962
0.88189
0.947368
1.09322
0.951965
0.860294
0.943089
0.949153
1.15596
1.06838
0.898305
1.07407
0.810036
0.88189
0.238095
1.01587
1.17431
0.944954
1.16822
0.883212
1
0.965812
0.828897
0.990826
0.839161
1.08475
1.0367
1.09402
1.02542
1.0367
0.895522
0.949153
0.868217
0.9375
0.949153
0.88189
0.857143
0.22449
0.761194
0.867647
1.06897
0.852459
0.895522
0.949153
0.944882
1.01695
1.04918
1.10092
1.01695
0.902542
0.711475
1.05263
0.983607
0.918033
0.910569
0.92623
1.06195
0.888889
0.915254
1.10092
0.185374
0.759494
0.881356
0.914179
1.10823
0.970833
0.959016
0.910569
0.913386
0.918033
0.920635
0.966102
1.12037
1.18349
1
0.895522
0.949153
0.868217
0.921875
1
0.889764
0.991453
0.893443
0.261278
0.781746
0.879121
1.01695
0.813559
0.837037
0.957265
0.859259
1.08475
0.929204
0.88189
1.01695
0.885246
1.12281
1.01587
1.17431
1.17431
1.14679
1.14815
0.654696
0.77931
0.858268
1.11111
0.128307
0.816901
0.881356
0.902985
0.983051
0.746622
0.715789
0.81203
0.793893
0.882353
0.957627
1.12037
0.948148
0.899083
0.865169
1.11688
0.957627
0.919355
0.816176
0.813433
0.875
1
7.54128
0.529412
0.736196
1.01695
0.923729
0.909774
1.10092
0.793651
0.82963
0.855932
0.767606
1.05983
0.893443
1.06422
0.776978
0.915254
0.82963
0.914062
0.991453
0.944882
1.02752
0.88189
0.983193
1.02479
0.148148
0.793651
0.82963
1.05085
1.11475
0.852459
1.02612
1.11382
1.28315
1.6028
1.18533
1.20522
1
21.9239
6.63763
5.8676
7.20357
7.74021
14.5679
6.86822
6.55597
6.21
5.71751
11.3732
10.6403
7.51724
6.56634
9.70161
25.0145
3.61512
4.23305
5.55789
3.9083
4.68952
4.68773
3.90769
3.01286
10.5378
3.42231
3.40645
3.71233
3.36338
3.96346
4.20472
4.71698
10.1356
3.30872
2.83424
5.48077
3.00725
2.96907
4.28761
5.47674
10.859
4.329
4.37295
3.17974
3.30566
3.27778
2.55401
4.90152
4.92683
10.2047
4.04511
4.17455
5.58065
3.4552
3.22436
4.08636
4.5922
8.4313
4.8172
4.69534
4.14516
4.94366
4.47712
7.35865
10.2564
3.59786
5.05128
5.11062
3.6988
3.90076
3.05776
6.66667
3.29592
8.55401
3.88462
4.21481
3.58296
4.19776
3.72245
3.8876
4.28
3.27413
0.695617
2.80287
5.24783
4.21812
3.51133
4.99595
2.77522
3.57875
11.0446
4.90909
4.35039
4.14966
4.75954
3.60714
4.159
3.24825
2.76106
1.60714
7.37826
3.25694
3.29924
5.39834
3.74615
3.19565
13.6913
5.10156
5.81557
3.98913
2.39474
3.67778
4.80672
5.87264
0.976891
3.29825
5.0757
6.25692
4.11972
3.41558
3.94269
9.32283
5.94574
3.76408
5.07426
5.35986
3.82463
4.48837
2.92606
10.7468
3.22063
2.58635
3.88645
3.94406
4.0717
2.59091
5.65044
12.7315
10.3239
4.16807
2.51148
3.97445
6.50435
4.72325
7.78241
16.5091
4.85769
4.08889
4.97573
6.13688
5.1405
3.59839
2.51095
10.257
3.0404
3.41905
4.07843
5.54008
6.25532
4.89831
6.81026
15.1784
5.60769
6.40909
6.14151
4.23394
4.44828
6.09
9.52174
6.12438
5.54307
4.26852
9.26842
7.61364
4.49776
9.78244
7.76159
4.89803
3.23529
6.52153
2.68868
4.19844
4.33333
13.5052
6.25269
4.63545
3.86395
3.54804
5.92891
3.86296
3.24543
11.8578
6.13103
3.80069
3.0255
5.6996
3.84167
6.9083
8.97656
2.86364
4.40234
5.42202
5.81818
5.05814
3.63968
5.41497
9.97119
6.07979
5.84884
2.75547
3.06803
4.09302
6.06633
2.04902
9.47703
3.96463
3.18375
4.40909
3.66667
2.2125
2.81495
4.25182
5.10526
9.82869
4.11328
3.96063
2.99355
6.12963
4.19424
5.11806
3.80515
9.48188
6.45188
7.27962
4.9098
4.82918
6.24348
6.57674
0.796117
4.71825
5.05574
6.51531
4.40856
5.4375
4.93359
0.703405
5.66795
6.49479
5.42925
3.13174
5.99621
4.01347
12.6513
8.25373
5.67553
6.17749
6.63071
2.63818
3.84892
9.35357
4.74877
3.14286
4.02439
3.86711
4.23718
5.32937
5.65566
0.744916
3.52985
3.08273
3.4
2.91883
4.56485
4.28114
4.43725
19.8077
5.78667
3.44561
3.93103
4.44589
5.48936
4.02878
3.4635
3.93525
0.840774
5.10588
3.62857
4.47581
4.51971
5.42672
3.70455
11.8679
4.32423
5.67987
3.37791
3.5477
4.21708
2.90397
6.25253
13.4612
5.44604
5.436
9.32192
9.80702
4.34351
5.23506
17.6707
4.09124
5.49398
11.9496
4.80377
5.21138
4.02216
7.42715
4.33603
5.56223
4.96226
2.95395
4.52632
5.07819
4.72
12.1864
5.64055
6.94975
5.53378
4.66795
4.50211
3.77346
10.1518
8.13488
4.94502
7.36667
3.39803
4.95185
5.10409
0.719286
5.63281
5.05776
5.0036
4.75794
8.47368
8.9
8.64286
3.88918
5.82379
4.83871
7.88991
3.57509
9.60075
3.69456
4.93411
4.8209
3.71478
4.0754
5.27698
14.1964
8.62011
7.30374
7.94581
6.68302
4.23372
5.16878
11.3071
5.86268
5.0922
5.63514
4.2649
8.08658
9.83849
5.93578
6.02439
4.29104
3.51812
4.34173
6.25296
3.7803
12.3542
5.11765
3.97048
4.95668
6.6129
4.22222
5.8
1.00731
5.84232
3.2
7.41296
7.06159
3.73835
13.5251
4.51304
4.09034
7.19214
6.1841
8.15426
6.9243
0.939305
4.607
5.18478
3.64234
3.52011
12.0522
8.28395
0.898923
4.63028
5.91597
5.25373
3.33333
5.63768
10.2882
5.48413
4.63851
6.47967
6.04332
5.62963
4.49345
16.6203
3.80119
5.40157
4.63359
3.55429
5.59091
5.86719
0.781881
4.21233
5.01717
4.52721
6.80435
4.61069
9.39344
10.0586
4.06939
6.69196
5.32159
5.35887
6.8227
14.4299
10.8782
8.16034
5.36885
5.35968
5.04747
5.26027
14.0667
4.18815
5.26339
5.35082
3.85385
3.46689
3.32468
18.8254
6.15702
4.76316
3.44245
4.29213
6.77049
6.63415
11.5075
5.86667
4.49438
3.95392
4.83099
5.37262
11.4
9.26855
6.28571
7.21721
9.24
6.48718
5.82661
19.2812
4.45116
4.8209
3.37464
2.63813
3.525
4.21691
6.0173
10.8897
5.41751
7.04306
6.23611
7.29333
7.81466
12.1016
4.93697
9.97436
4.88136
4.98885
7.12134
13.705
9.26407
6.84588
7.51092
5.09474
4.84874
9.3574
8.18519
5.1954
5.4346
5.47387
7.55224
12.1547
7.11934
4.5411
7.5
4.04678
7.59459
13.9643
8.75141
5.3062
7.74
7.16099
6.22381
12.7277
5.20921
5.86873
7.121
7.08763
3.3869
4.31923
12.8269
8.32463
10.3642
9.14085
8.17964
5.95726
11.1311
5.2215
9.07071
5.38017
5.75862
4.88372
2.20261
11.1968
9.30058
10.728
7.37008
6.06569
12.291
9.27326
5.0709
7.40278
11.7254
9.85507
5.65234
9.22981
5.27941
4.544
5.06641
4.09124
7.72316
3.75294
6.30919
5.8
10.38
4.70863
4.49147
3.44073
5.75806
11.6346
6.21705
8.23849
5
8.58898
14.4351
14.7724
9.7947
5.51351
2.61097
6.44762
12.2167
7.01646
9.23171
4.94702
4.80422
4.62403
4.875
16.6222
6.00459
7.46097
7.31461
7.01422
6.84211
19.6069
6.52857
5.62332
7.95853
8.12963
3.92369
13.0847
6.8549
5.33486
5.54506
6.3447
5.436
3.50882
7.77874
7.16355
3.42627
6.39483
5.6566
7.52778
9.04717
5.2006
8.18143
4.70242
5.49787
5.05109
11.7535
10.3945
4.85408
5.53279
6.62128
9.18286
9.39527
5.37931
6.90698
6.96313
6.13478
6.07197
10.9007
4.99278
11.3503
7.73399
6.43893
7.75836
10.7368
6.8985
5.44286
7.69198
7.59459
6.95238
9.26408
4.3
5.94141
8.52941
5.03887
5.36364
14.1351
6.01845
4.25
6.46763
6.24638
7.38655
10.3528
8.41111
6.50593
5.72868
4.49425
7.92574
12.7092
4.88591
5.16434
10.7039
5.91873
6.57674
28.1778
5.34457
4.29252
10.5212
9.32673
10.2727
6.24907
7.00752
8.88889
7.89706
10.0759
1.01644
13.8897
4.78755
9.6129
6.13141
11.5799
7.75253
7.17787
7.45552
6.96491
5.24464
10.4612
3.33041
3.45041
3.20238
4.1049
4.24809
4.40234
4.53774
7.21429
4.24706
6.26141
4.76596
5.42925
6.38009
5.10127
11.8636
6.84252
3.98873
6.76957
7.4329
7.26943
10.7593
3.18021
5.10702
6.05246
6.64929
6.57586
13.3385
4.37217
4.3871
5.14
4.93949
3.98897
4.55298
12.9912
3.49679
4.45923
3.75232
5.29885
6.40513
4.4
14.0603
4.60671
6.96403
6.28253
4.11047
10.7149
0.618369
7.39313
5.56294
8.12903
4.61044
6.02703
11.6238
9.62911
3.72067
7.23016
6.54419
11.3562
6.51471
9.35345
6.63679
13.2276
6.51309
10.4058
9.46479
7.85887
5.27237
7.14078
5.22523
7.86462
8.91099
7.69591
4.36466
5.96903
7.93585
13.8072
12.1347
12.0629
7.13821
5.91746
9.77632
0.819757
11.0243
7.60364
6.77922
5.26923
10.337
8.46025
12.0096
15.8605
7.77451
8.50621
11.2822
14.5421
9.29688
9.67958
5.68166
6.15789
10.9286
14
15.1311
6.08491
14.6012
5.34056
16.3729
7.56299
5.95775
4.62278
8.95062
6.71654
12.8577
8.34118
5.8945
6.24219
4.44366
13.7683
10.5779
4.37063
6.52542
9.23045
8.32781
1.2619
10.0412
7.96629
3.91283
9.06706
8.40152
5.7191
10.7834
14.7243
26.2329
15.2051
7.435
13.9405
17.5364
14.0591
6.84375
6.42958
7.05102
13.6667
8.41923
8.76543
21.4885
16.9361
7.94139
6.58176
11.8409
13.2092
6.82353
13.1992
7.66279
17.5551
7.45149
4.84175
6.31765
5.94224
12.2316
14.4132
9.79612
11.6556
9.74552
0.998271
6.33224
6.2749
11.0854
7
1.00268
4.69341
6.69753
5.86607
8.83206
12.7402
6.4198
6.01095
10.5545
7.4467
16.2716
5.63492
18.3286
6.09122
7.15918
14.1468
9.4359
7.97143
5.31987
5.90336
7.15523
8.57096
5.45489
8.13757
10.2814
11.2908
6.664
0.711304
4.85547
6.23427
6.09934
12.404
12.436
8.82743
7.20956
6.88492
6.53782
13.9812
13.3156
5.88421
5.26073
7.45378
7.40574
11.9107
5.85185
6.38261
10.8646
6.34646
6.69082
9.24638
6.64474
6.88583
7.932
8.15
15.9107
4.66412
4.19466
4.61504
6.3677
7.9163
6.96959
0.847906
5.65203
5.77338
9.64378
7.20497
15.9722
15.9815
16.1416
12.5791
6.80952
7.81455
6.90698
8.4689
11.4479
1.40476
14.0147
11.2551
6.00407
13.4903
9.05952
14.7866
7.16071
16.2353
8.9243
8.80165
6.46457
4.279
6.65649
8.73651
6.97992
4.94444
6.97826
15.7964
18.1765
7.66245
9.48739
9.30961
14.393
6.61633
5.47973
8.16216
13.1329
10.0946
7.19531
9.32734
28.2065
9.54286
6.75781
12.5258
7.04418
18.8136
5.10487
6.28346
5.34979
7.68016
8.59766
10.7226
9.45643
10.6917
7.68584
19.1811
10.5285
11.5602
8.56977
27.4843
12.1533
7.11407
10.2816
16.8571
8.152
10.2818
9.24335
12.6176
15.4222
12.1538
12.2014
14.9191
10.3459
12.7458
11.415
12.3092
9.45515
10.0367
7.23897
15.4883
16.8987
5.30882
9.26459
8.948
1.30838
6.28525
4.07042
7.35547
8.78467
24.8138
15.4151
14.0333
7.34298
19.5783
12.3982
15.7837
12.0474
7.35986
4.76735
7.7561
10.5573
17.9587
6.15217
5.66403
8.65665
7.82117
17.3889
6.70205
6.87817
4.44377
7.62626
12.3384
9.32323
10.8036
12.9375
13.5018
10.7386
9.09746
7.73444
17.1992
14.687
13.165
9.6875
21.2195
9.23776
10.1757
6.38577
9.76208
2.27484
8.63033
8.82692
16.9926
7.38235
6.98855
11.2866
4.69
6.19231
15.242
6.26048
4.65625
5.05536
5.91903
5.44828
11.0195
11.525
6.39592
14.7561
9.24057
9.53651
13.4183
7.48035
4.84158
7.79558
19.3403
5.47163
6.18125
9.34855
8.15341
7.89326
11.2589
6.84685
4.94776
7.22346
3.44718
6.66667
4.35341
9.15407
4.85606
9.25359
7.46792
16.9437
16.7026
13.2441
10.6824
19.8364
11.2772
14.0628
6.86395
13.6367
11.58
11.2926
15.9101
7.17293
10.2374
5.66535
6.98846
12.4396
8.94355
8.21825
8.17593
11.4348
15.9754
16.9254
6.61265
4.06173
5.56458
27.2174
5.46503
13.2202
11.7353
21.7143
7.30366
7.59144
5.03846
9.05588
18.8721
15.7062
6.85849
7.12295
7.87907
14.8971
14.6578
12.8063
8.34634
1.15
5.59375
10.3361
8.97297
22.9119
9.89868
10.1214
4.96382
9.75648
12.9167
6.59732
11.8365
22.5827
15.4378
8.5618
7.32143
5.69595
6.31646
13.4017
6.12438
7.80435
7.17917
11.4472
32.3771
6.64537
4.41956
5.25084
6.47388
13.6087
7.72222
5.47222
7.11864
17.4122
23.8298
13.4171
7.98929
20.8927
13.4519
5.79539
7.69767
13.4936
7.01689
13.2802
15.5213
12.5294
19.9926
10.1754
13.0628
37.8056
12.1667
5.9771
8.189
15.9522
7.12554
10.3031
6.67279
14.4792
11.4224
10.7358
17.8862
15.5536
11.2874
18.5507
6.4053
21.6646
13.68
11.6786
4.86008
3.59143
5.04598
14.2578
15.0352
12.9918
7.13258
14.2024
8.10762
6.30924
8.19691
8.93863
22.7861
13.9603
7.21645
6.73305
9.25472
10.6606
5.65371
7.22835
6.28185
4.69529
4.73701
14.4633
8.33659
10.4392
7.38462
19.4667
4.2169
9.84358
10.2562
4.98966
6.39689
11.1438
3.89631
8.68056
6.81333
7.29482
12.2091
9.77976
6.57678
5.89764
4.85088
14.9119
13.4718
6.8719
5.97015
5.00573
5.43919
11.2862
6.66008
7.07531
8.94672
7.53696
6.17343
1.36235
17.5116
11.4922
10.436
8.48889
8.49796
6.39785
8.51613
16.4824
13.6872
6.69721
7.4977
6.16988
5.2921
1.10185
4.56364
3.65385
5.0181
4.30385
5.26275
3.57576
19.9803
4.02251
1.98077
4.84052
5.53817
5.61435
1.30058
1.83178
2.08264
2.03767
0.395408
1.75
1.62153
1.90943
1.11111
1.83607
1.40086
1.45878
1.75899
2.07018
1.91544
1.41319
1.46313
1.7166
1.42735
6.7782
1.40893
2.04508
1.79705
1.57823
1.44898
1.87793
1.60932
2.01779
2.18636
2.13953
2.91775
2.35514
1.62605
2.23675
6.86861
1.61538
1.79038
1.88889
2.08621
1.77023
2.18797
1.85892
1.32031
2.12941
2.02341
1.78008
1.36842
1.532
6.23288
1.44788
1.52397
1.39921
2.14458
1.87789
1.86331
1.69636
2.13455
2.18545
3.84545
6.45736
3.09486
2.97391
0.721939
2.74219
2.14493
2.31293
2.45312
2.28966
3.41579
2.58468
2.8893
4.24893
2.72313
8.70354
2.00573
2.11017
2.4878
2.40143
3.1204
4.07143
4.22705
3.68551
3.77733
9.43033
4.75253
5.06667
3.22642
3.96226
3.15444
2.75379
3.625
3.79688
3.21429
3.85776
0.710852
2.92949
2.40586
3.10039
3.61765
3.15409
4.3087
4.17391
4.03937
5.29949
4.996
7.61257
3.66393
1.76093
3.34897
11.4495
3.14575
2.70107
0.75
4.25275
4.83172
4.85401
4.18966
3.1413
3.16151
9.1058
5.10152
3.72222
5.95909
5.28358
3.40288
4.18395
3.67873
7.20151
4.45752
3.42562
5.27679
5.31174
6.109
6.22051
4.49393
14.8485
4.97287
3.42321
5.11719
4.00444
5.00766
5.81132
16.4293
3.83895
5.67984
6.76682
2.97396
4.41176
4.25
5.46226
10.0394
4.99308
3.41975
4.54198
3.1875
4.08984
6.08155
4.78715
11.5197
5.75641
4.17445
5.40672
5.43694
2.78231
3.22064
8.70199
7.28144
7.36413
3.64388
4.99275
5.46275
5.00392
4.036
11.3305
5.0991
4.70863
5.71163
7.95732
5.05515
6.16327
15.1882
3.0218
4.62097
4.50244
4.5229
5.57203
4.35521
3.99149
10.4648
7.58378
5.02642
3.699
5.19697
4.02035
2.81915
11.3911
6.59686
4.30503
5.75096
3.53091
4.73783
4.99281
5.89394
16.0284
5.71946
4.5107
6.03557
5.48899
4.13027
3.60311
6.36339
3.63475
4.87712
3.55903
3.45955
4.79399
5.20417
5.09091
9.15538
9.96026
4.19856
4.05078
3.81707
7.41667
5.15748
9.05975
3.82201
2.83019
2.62388
4.68679
3.42803
4.1097
4.25769
5.35055
18.4344
2.02247
2.78723
3.3541
4.65251
8.6
4.36102
6.35745
21.3659
4.41729
5.50896
4.22353
5.18265
3.77852
3.12132
5.10317
9.24113
4.88293
3.69853
4.75273
5.50355
3.89958
5.82397
10.0491
6.37572
7.7801
4.55
4.27419
4.0996
4.93304
4.80784
8.75227
4.80952
4.32819
6.65766
6.76344
4.85043
5.74737
4.3253
0.838393
4.35686
5.74118
5.56579
6.60086
4.15884
3.84965
11.3162
3.93561
4.53876
6.06926
6.16346
7.03286
3.656
9.30303
3.43182
4.06375
4.01887
3.57971
5.86466
5.64655
4.35968
12.4307
6.56024
3.97143
4.9359
4.45631
2.82353
3.77222
5.78626
7.82972
5.57756
6.48462
3.65267
6.2402
3.64725
4.39035
8.95425
6.4557
4.91561
4.04461
4.79447
3.71517
5.16667
6.53975
10.8295
4.07252
2.73684
5.45669
2.90476
4.75403
3.70381
10.5904
3.85866
4.47584
3.171
4.92278
4.62451
6.30918
4.46696
10.8553
7.3875
4.28214
3.30996
4.08696
3.56271
3.83032
4.66154
2.63924
7.71019
4.41848
3.32938
3.80505
4.44715
6.56863
4.63265
8.505
0.796542
3.70159
5.54902
3.71269
5.6746
5.1129
2.8248
10.016
2.81071
4.08582
3.50347
3.2
5.2607
4.01533
5.65278
14.6395
5.17647
4.65969
2.15976
3.96371
6.41038
3.77682
3.44828
3.47464
10.3804
4.79638
2.55313
6.88325
3.89965
4.13289
3.84677
6.3913
14.0737
5.61905
4.13866
3.40227
4.50209
4.368
2.94
4.05614
10.8554
4.47101
3.82879
5.52788
8.06522
4.2483
5.80928
5.46222
10.038
3.3805
4.67742
3.28462
5.69634
3.1032
2.72642
3.70248
3.57244
8.35955
3.44178
3.57197
3.36538
3.92409
7.47853
5.45283
3.41742
8.55634
3.99085
6.29004
4.0184
3.43673
3.73741
2.62041
2.27381
3.46341
0.489527
3.05469
2.73384
2.81028
2.32549
3.86434
1.5935
2.83408
2.12069
3.23552
2.65468
7.6446
6.09357
3.18638
1.70984
3.96154
2.54452
3.28195
3.99197
4.97196
8.33217
4.67021
2.17915
3.55508
3.28571
5.0947
2.84076
3.73543
3.8835
2.52675
8.64504
4.08636
4.1934
2.22826
2.32602
2.68199
3.35622
4.03863
2.76012
3.5819
3.2605
9.25941
3.4728
3.25
4.95477
3.18623
3.71667
3.1341
2.69343
3.45522
2.45525
7.97611
2.91401
4.28464
4.45415
3.83969
4.58547
3.50769
3.28517
3.81818
6.87213
3.52124
2.96429
2.35606
4.29348
3.66802
3.06773
3.90175
2.64045
3.33333
8.57895
2.74101
3.45296
2.37544
2.67018
2.61423
3.31
2.27797
3.02008
2.66892
2.36641
8.00784
2.24383
2.89091
3.05242
3.07612
3.25993
2.83077
3.01158
2.98347
2.77152
2.9304
11.4149
3.23048
2.67939
2.5
3.25943
4.54444
2.01689
3.72444
1.51761
2.90041
1.93973
7.12027
2.83482
1.82445
2.91176
2.33992
2.59533
3.10088
1.87633
3.62874
1.33803
1.33824
1.94954
2.02789
4.19406
1.33882
19.8949
195.67
91.9769
123.063
86.2326
117.464
51.5487
28.5632
38.0664
29.9346
36.729
47.1751
63.8373
67.7306
25.6469
47.1902
62.7216
50.6617
45.4902
71.5142
23.582
57.8715
63.0467
48.4844
56.6196
104.461
45.5775
56.8469
5.7433
52.8462
78.1506
100.112
51.0929
83.7831
53.7595
152.786
59.3952
96.1852
39.6134
65.609
48.1361
43.7614
53.5847
80.0944
38.8816
20.2893
82.0772
89.511
96.4963
141.846
154.744
82.8926
97.995
73.2037
110.192
62.5171
148.115
14.925
171.846
170.943
83.9536
76.4811
285.841
137.157
168.786
121.061
105.597
199.135
227.652
132.058
141.398
238.76
142.741
107.686
360.269
266.094
232.563
727.227
397.828
252.28
144.46
148.407
63.3798
41.6398
32.3165
48.6179
62
135.387
103.363
129.374
25.2557
5.88148
10.2765
9.45798
14.8108
3.80277
3.82909
3.95113
4.00707
4.09302
4.33846
3.72635
7.47569
2.74515
4.55217
3.87925
5.37959
2.26271
3.56679
3.40762
4.20307
1.30022
4.40784
1.47104
1.05828
0.956376
0.97027
1.41393
0.925926
1.27193
1.47727
1.23827
1.17343
1.175
1.28462
1.05797
5.96194
0.981191
0.902703
1.07233
0.86129
0.923567
1.0696
1.36864
1.49565
0.894578
1.35124
1.37548
1.11184
1.27193
0.980456
1.34733
1.38776
1.1978
0.860606
0.206349
1.16172
1.07983
1.33333
1.17647
1.33208
1.3319
1.24528
1.18361
1.32917
1.28571
1.01506
2.20787
1.39245
1.19231
1.3321
0.870056
1.51765
0.284864
1.61134
1.32271
1.01338
1.07692
1.32234
1.07905
1.39847
1.3024
1.25159
1.66816
0.890785
1.09705
1.30645
1.17091
1.23188
1.51923
1.08943
0.252329
1.06102
1.23473
1.25649
0.792148
0.882353
1.04437
1.26587
1.84038
1.01038
1.26056
1.50479
1.34211
1.09966
1.3221
1.70136
1.09412
6.56767
1.84962
1.0836
1.13514
1.35185
1.12177
1.42492
0.886111
1.34221
1.70238
0.919003
1.37011
1.60577
0.996835
1.61345
1.7349
1.60755
6.4296
1.43446
1.54959
1.58108
1.35018
1.63793
1.76818
1.60806
1.20183
1.72727
1.44444
0.855615
2.37647
1.21739
1.22064
1.02381
1.32806
5.52063
1.50542
1.15679
1.11039
1.69712
1.50847
1.08475
1.3245
0.871622
1.28148
1.45865
1.13295
0.831909
1.45149
1.31522
1.52697
1.46637
6.70656
1.39068
1.249
1.1682
1.00712
1.19184
1.46154
1.17844
1.04545
1.35409
1.36268
1.01672
1.58333
1.26199
1.43119
1.52747
1.20155
1.99533
5.77885
1.72273
1.25091
1.23106
1.23346
1.29297
1.92405
1.3587
1.65637
1.42291
1.15751
1.32308
1.66809
1.30556
0.916667
1.86585
1.28779
1.31004
7.39918
1.36467
1.0722
1.48889
1.36918
1.26293
0.897906
1.84
1.18272
1.77253
1.10951
1.41241
3.95726
1.4461
1.1124
1.46862
0.993197
0.224286
1.02685
1.15362
1.0721
1.12317
1.04762
0.832192
1.1931
1.11438
1.74779
1.48413
1.09756
1.30672
0.884956
1.10476
1.62054
0.992565
5.00576
1.25735
0.935849
1.23571
1.22464
1.42903
1.1322
1.70982
1.0178
1.66087
1.01303
1.07163
1.81659
1.21094
1.58271
0.838961
1.16667
1.41264
0.207011
1.03785
1.3452
1.26199
1.35985
1.24407
1.3447
0.821809
0.981013
1.42803
1.15649
1.42035
1.05075
1.10899
0.986486
1.95876
1.04724
1.23897
0.462406
0.972145
1.11397
1.50617
1.09184
0.925208
0.981618
1.03537
0.980392
1.14234
1.00339
1.71311
1.75983
0.965054
1.1875
1.25
1.34276
5.3617
1.16225
1.05363
1.19922
0.978947
0.939948
1.43578
1.28862
1.06289
1.35391
1.5754
1.02614
1.39316
0.908257
1.50207
1.15299
1.23333
1.03378
8.12329
1.15541
0.972656
1.07767
1.54983
1.09247
1.32982
1.2561
1.21132
1.29289
1.43254
1.19935
1.27823
1.49004
1.18557
0.972644
1.43972
1.46781
5.21598
0.994186
1.16487
1.21825
1.16906
0.847953
1.16794
1.13011
1.08658
1.18367
1.22034
1.08582
1.3444
0.897849
1.93427
1
0.948718
1.34583
0.843373
0.193994
0.788512
1.30942
1.31518
1.29249
1.43388
0.851541
1.65038
1.22979
1.15769
1.38039
1.10333
1.07006
1.18367
1.24912
1.30909
1.22887
1.05882
7.092
0.715481
0.919643
0.92284
0.905199
1.12946
1.30942
1.49765
1.18143
1.24632
1
1.03472
1.18889
1.37363
1.13194
0.888112
1.2887
1.45909
4.65229
1.32806
0.855908
1.125
1.07509
0.852691
1.15111
1.16092
1.27306
0.9437
1.1732
0.983819
1.60455
1.65368
0.947222
1.01767
1.33061
1.13187
1.29339
0.236395
0.993827
0.99696
0.865625
1.01899
1
1.31317
0.867797
1.15054
1.18051
1.07843
1.67773
1.12821
0.983003
1.22526
1.18051
1.16333
0.832797
0.261905
1.61728
1.01838
1.18107
1.03435
1.02141
1.204
1.80282
1.03676
1.21918
1.43981
1.50171
1.27542
1.0994
0.963889
0.895652
1.20158
1.06402
0.165143
0.899054
1.11896
1.09728
1.81776
1.12171
1.38153
1.37966
0.935484
1.13929
1.51142
1.04967
1.32862
1.43668
1.16906
1.24727
1.05556
0.934985
8
266.295
382.423
167.821
80.7183
26.6169
34.3882
26.8933
21.7375
10.6281
18.8791
12.7524
8.32727
16.1384
14.2109
10.1553
8.83969
21.7322
18.1561
13.0741
35.4658
10.6818
7.32877
8.70259
15.668
10.8702
16.0976
15.1858
13.908
10.5396
16.3718
9.66304
17.3821
16.8855
12.6585
16.7109
14.9558
12.8054
16.8963
8.29389
10.948
13.4954
20.7753
14.5536
18.3727
14.9444
18.7752
10.7783
26.5846
30.3609
22.3169
18.025
16.2363
19.1697
10.772
16.9228
14.4388
27.7634
12.7914
8.22753
18.7596
16.2074
25.0425
10.5643
9.45732
13.2368
14.7933
19.8929
27.4512
39.6131
18.0811
20.0609
24.7143
14.288
38.55
20.5278
50.9507
34.3768
10.6711
32.9681
15.4366
33.0417
55.9895
33.9658
22.531
17.3443
28.5745
28.5351
18.6712
20.5536
15.595
20.4798
20.9964
30.4059
16.7031
11.9737
13.832
22.5642
25.9237
19.8567
11.5663
20.1007
36.9359
15.7656
9.41522
11.4684
16.2926
21.356
10.7891
17.2049
17.7834
14.308
26.4067
10.3929
9.47934
23.0743
30.967
19.5644
9.71656
13.9273
17.2303
11.0485
29.6024
32.9054
15.9632
27.0904
30.4734
24.1033
15.2646
13.0059
21.686
25.3808
49.0072
17.1579
6.21675
71.8327
83
72.4197
29.9187
17.6787
34.7234
18.375
27.9734
41.2372
21.4937
19.1684
26.9243
36.8787
30.9816
26.6565
29.6133
14.992
32.4433
35.3774
32.9542
22.4557
17.969
14.224
9.28669
18.604
11.1116
11.4542
7.46667
17.0769
18.7986
9.6371
14.5897
18.0673
16.0129
13.0276
22.8108
20.996
275.704
26.8532
61.4333
27.2344
82.3373
89.3724
182.995
16.5042
21.8756
