1.475
1.63333
1.42045
2.08333
1.42803
1.61364
1.38603
1.55743
1.78333
1.72083
1.47917
2.41667
3.07955
2.9053
3.39015
8.75379
3.24583
2.68403
3.08712
3.45
3.10606
2.79605
3.45455
2.58333
2.5625
1.88603
8.45417
2.95833
4.18561
2.56731
2.95076
3.19167
2.62083
3.25417
2.77083
1.97917
1.74306
6.34028
1.44167
1.43056
1.8375
1.64423
1.47727
1.91667
1.76515
1.5875
1.43561
2.03333
1.65152
1.91288
2.46667
2.89167
7.5947
2.51894
2.08333
1.85606
3.05417
1.97917
2.375
1.85417
2.81818
2.35
2.23106
1.93333
2.85227
7.56061
1.75
1.89583
1.74554
2.03516
1.67803
2.06818
2.3875
1.73485
2.23864
2.11667
1.74653
2.35833
2.84167
8.29583
2.41667
1.375
0.866935
0.875
1
0.933333
0.933333
1.03333
0.933333
0.941667
0.933333
0.908333
0.916667
0.866667
0.908333
0.904167
0.883333
0.746212
0.908333
1
6.79167
0.979167
0.95
1.00833
0.866667
0.954167
1.16667
1
0.908333
0.904167
0.933333
0.975
1
0.908333
0.975
0.920455
0.746212
0.8875
1.79924
1.76136
2.1375
8.1875
1.81439
1.96591
2.77917
2.35417
2.19167
2.05
2.0125
1.9053
1.69318
1.33712
1.48106
2.0375
1.77083
1.46591
7.84167
1.99167
1.6875
1.76667
1.525
1.525
1.53333
2.76667
2.89167
2.21591
2.39773
2.28526
1.97348
2.63258
7.71591
2.19697
2.5625
2.41667
2.79167
2.60985
3.09375
2.92424
2.625
2.39015
2.63636
2.0625
6.95833
2.95833
2.87121
2.60764
2.57639
3.20076
2.39236
2.67424
2.375
1.5303
1.48106
2.02273
6.92424
1.43182
1.39015
1.5303
1.175
1.7197
1.65086
1.7621
1.39773
1.5
1.8447
2.36742
2.30417
2.72917
1.60227
8.025
1.69583
2.27083
1.975
1.27431
1.41319
1.60764
2.34167
2.43333
2.33712
2.44318
2.34091
2.55303
3.05833
7.74653
2.56061
2.06944
3
2.01136
2.26894
2.11742
2.3875
2.54167
2.32083
2.52083
2.22727
1.70139
7.40833
0.965909
0.729167
0.870833
1
0.941667
1.03333
1
0.833333
1
0.975
1.1
1.8625
3.59583
2.83712
1.45
1.17361
0.916667
0.870833
6.73333
0.995833
0.886364
0.895833
1.1
0.866667
0.933333
0.966667
1
0.975
0.866667
0.958333
0.806818
0.825758
0.85
2.19583
2.12083
2.45
1.89015
1.95833
8.12917
2.36364
1.96667
1.40417
1
0.958333
1.00833
0.983333
2.28448
2.71774
2.3375
2.5625
1.86667
1.4125
2.10833
2.225
7.32955
2.16667
1.39167
2.19167
2.15909
2.96212
2.84167
2.48485
2.0875
2.8875
2.04924
3.225
1.84167
8.60417
2.74621
2.75417
3.75
2.95
2.56818
3.42917
2.93333
2.78333
2.51389
4.19097
3.75
3.48162
3.49242
2.9375
3.47917
2.13258
1.77083
1.7875
3.68561
3.16667
8.73864
3.65625
4.30833
2.6891
1.71667
1.74583
1.87917
1.80303
1.71181
1.83333
2.29167
2.00758
1.42803
7.77083
1.90909
1.46591
2.3375
2.67083
2.76894
1.86364
1.94318
2.375
2.55833
2.43182
2.84167
2.5375
7.82955
2.33333
2.89583
2.55833
2.375
2.37121
2.34583
2.76136
2.76667
2.08333
2.99167
4.05417
9.76894
3.39015
1.7375
1.95455
1.5875
1.39773
1.24306
1.39773
1.025
0.920455
1.00758
0.983333
1.04167
0.933333
0.875
0.975
0.933333
0.941667
0.674242
1.05
1.06667
0.908333
1
0.933333
0.983333
1
0.9
0.966667
0.933333
0.975
0.966667
0.933333
0.933333
1
1.00833
1.06667
1
1.10833
1.03333
0.856061
0.991667
0.8625
0.833333
0.933333
1.03333
1.67083
1.56439
0.979167
1.45455
2.20417
1.70417
2.00833
1.43333
1.02652
1.46667
1.3
2.68333
2.27083
7.79583
1.37813
1.7875
2.31667
1.60833
1.43561
1.89167
1.52652
1.70076
2.15
1.77206
1.21324
1.3447
1.6
3.1875
2.61806
3.18182
2.96591
3.07917
2.2875
3.5875
2.20455
2.425
3.20455
2.78333
3.70833
8.88258
3.59583
3
3.27652
3.475
3.16667
5.98077
6.38258
11.2532
4.09167
1.02419
1.55417
1.57986
1.54167
1.3447
1.65948
1.15441
1.34167
1.34583
1.35833
1.60833
1.0375
1.38258
8.65833
2.66288
2.83712
2.33333
2.5375
2.00758
2.11742
2.35069
2.33333
2.34848
2.05833
2.62153
2.13258
1.77652
1.7625
1.83333
1.87917
1.9053
1.60764
2.07576
2.07083
2.65417
2.67424
2.58712
3.12083
1.94097
2.77652
2.53333
2.39773
1.94444
2.78333
0.9375
0.852273
0.644231
1.11667
0.933333
0.983333
1
1
0.9
0.9375
1.04167
1.00833
0.9
6.8
0.833333
0.954167
1.03333
1.00833
0.791667
0.916667
0.883333
0.941667
0.8375
0.908333
0.935897
0.833333
0.866667
0.966667
1.04167
0.959677
1.10357
1.07083
0.895833
0.9
0.8875
0.908333
6.6875
1.82328
1.67279
2.10833
2.43561
1.55
1.92803
1.44231
2.05
2.00379
2.15152
1.97083
1.97083
2.03788
1.91667
7.45833
2.24583
2.375
1.87083
2.45417
1.91288
1.78409
1.52273
2.30833
2.94167
2.81818
3.01515
3.03409
8.01667
3.45833
3.47083
2.5125
2.10227
2.27083
3.56667
2.70417
3.45
2.40152
2.38333
1.70833
8.09583
2.57083
3.36667
2.73485
1.98485
2.375
2.05833
2.1681
1.76014
1.9697
2.29044
2.53788
1.35985
7.675
1.975
2.29583
1.43561
2.12083
1.82955
2.0875
2.16667
1.50641
1.75379
2.05
1.37821
1.48333
1.39236
1.19792
7.94583
1.57083
1.09848
1.79167
1.3
1.80833
1.09091
1.47727
1.77917
1.46591
1.60985
2.075
3.075
2.04924
2.5625
3.15833
8.20417
2.625
2.35227
2.33333
2.725
2.04167
2.53819
2.40152
3.83712
4.63333
4.375
10.3875
3.29167
1.01894
0.916667
0.904167
1.03333
0.933333
0.933333
2.35
3.0625
2.52083
2.475
2.48333
2.55417
6.00641
1.06667
0.849138
0.91129
0.841667
0.908333
1.1
1
0.908333
0.883333
1.09167
0.975
0.908333
0.85
0.866667
0.776515
0.933333
0.933333
0.95
1.075
0.9
0.95
0.933333
6.9
0.933333
1.1
0.916667
0.757576
0.854839
0.984848
0.9
1
0.933333
1
0.933333
1.08333
1.075
1.73333
1.79167
2.20833
1.62121
1.69167
1.15909
7.45833
1.67917
1.85606
1.72917
1.77083
1.52885
1.69697
1.27273
1.76667
1.21071
1.46667
1.96667
1.29605
1.72917
2.59167
1.94318
7.59583
1.68015
1.44231
2.00833
2.12083
3.79545
2.81061
3.35417
2.94583
2.97727
2.86742
1.95417
7.95076
2.37917
2.84167
3.07083
2.57292
2.62879
2.42424
3.67083
3.22727
3.15
2.025
1.75379
7.07197
1.90909
2.60833
1.95
2.425
1.70833
1.95833
1.69318
3.01724
1.34797
1.725
1.59848
2.13333
1.65833
1.47917
6.82955
1.60227
1.77083
1.28819
1.875
1.49653
1.375
1.44583
2.24583
3.55833
3.16319
3.85833
4.675
10.5167
4.68182
2.54545
2.37121
2.08333
2.4697
1.62121
2.54167
2.11364
2.36742
2.75
2.17803
1.97727
3.55417
2.2803
1.6625
2.57083
1.7197
2.66667
2.32197
2.58333
2.44583
1.0625
0.858333
0.583333
0.866667
6.73333
0.8
0.941667
0.9
0.757576
0.8375
0.766667
0.933333
0.933333
0.908333
0.966667
0.933333
1.00833
0.933333
1.03333
0.875
0.808333
0.870833
1.1
0.9
0.904167
0.8125
0.9375
5.85417
0.929167
0.8
1
0.866667
0.908333
1.03333
0.933333
0.966667
1
1.5375
1.9625
1.84028
1.60764
2.16667
2.37917
2.48611
2.46212
2.31597
2.57197
2.3
1.30303
1.3
1.18056
1.35417
1.33712
1.70417
1.4125
1.57955
2.10985
1.6625
1.54924
2.46667
1.38636
1.64015
2.225
2.55417
2.18939
2.5875
2.06061
1.91319
2.94583
3.50417
4.42803
2.22083
3.275
1.92424
3.29924
2.64015
2.83333
3.52431
4.2875
2.19167
2.0947
2
2.9
2.82917
8.48333
2.23106
2.38258
3.60606
3.38258
1.77083
1.73485
1.68561
2.24167
1.71591
2.26667
2.44167
1.90909
7.32576
1.775
1.65152
1.40909
1.81667
1.23264
1.9875
1.39583
1.17308
1.47083
2.05417
1.64167
1.57955
2.04167
1.44167
1.94318
7.425
1.93182
2.15152
2.46591
2.10606
1.93939
2.0947
2.02273
1.76667
2.43182
1.7
2.29583
1.85606
2
7.66288
2.21591
2.31597
3.03409
2.41288
2.9
2.9053
2.375
0.772727
0.854167
0.854167
1.00417
1.30833
1.64167
1.60833
7.5125
1.725
1.37879
1.57083
1.22348
1.425
2.02917
1.52273
1.5
1.34583
1.45417
0.916667
0.933333
1.06667
0.826613
0.819444
1.03333
0.933333
0.975
1.03333
0.908333
0.941667
0.875
0.967742
0.941667
1.03333
0.9
1.9697
2.60417
2.45833
1.99167
0.690972
1.06667
0.833333
1
0.933333
0.933333
0.975
0.933333
0.941667
1
6.67917
0.816667
2.05
1.325
2.12879
1.44167
1.30655
1.55417
1.74167
1.9
1.31439
2.30833
0.951389
1.875
1.47727
11.3977
5.2625
3.69583
1.70417
1.61667
1.46212
1.67083
1.43333
1.2875
1.83333
2.55
2.03472
2.69583
3.04583
2.08974
2.22083
2.42917
2.38782
2.96983
2.89113
2.84583
2.0947
2.6625
2.45833
3.0375
2.39167
3.14394
2.25694
2.42045
1.70455
1.60227
1.71212
1.45139
1.60985
1.22727
1.27917
1.42803
1.69697
1.8375
1.64236
7.675
1.625
1.96667
1.275
1.56818
1.56061
1.65417
1.61364
1.53409
2.03788
2.09091
1.4625
1.70455
1.30833
2.17424
3.22917
2.53788
3.1875
2.44167
2.82197
2.8375
2.93561
3.19583
2.42083
3.675
3.325
3.02083
9.75833
4.30417
3.87121
3.0625
1.0125
1.85776
2.51613
2.84848
2.61742
2.15833
2.37879
7.86364
2.35417
1.86218
1.7875
0.609848
0.9125
0.875
0.966667
0.908333
0.941667
1.00833
0.9
1
1.00417
0.868056
0.854167
0.886364
0.933333
0.941667
0.966667
1.06667
1.09091
1.81452
1.94167
1.73106
0.996212
0.756944
1.11667
0.966667
0.933333
0.933333
0.975
0.933333
1.06667
1.01667
0.9
0.870833
0.973485
1.08333
1.62083
0.977941
7.02917
1.78333
1.57197
2.23264
1.80449
2.05682
2.1
2.06667
1.8625
2.01667
2.48485
2.66288
3.13333
3.13333
5.86111
1.0947
1.58333
1.36806
1.64583
1.39583
1.4125
1.48958
2.05
2.825
3.09091
2.48611
2.20076
3.54839
8.42424
2.48333
2.76515
2.60606
3.20833
2.04924
3.30833
3.00417
2.40972
3.47727
3.29167
7.71591
3.0625
2.425
3.25417
2.28788
3.34167
2.55682
1.89773
2.49621
2.02431
1.17949
1.87083
6.96212
1.5375
1.34028
1.19097
0.973485
1.2875
1.61742
1.25379
1.5625
1.7625
1.79167
1.64167
1.55
2.75417
2.59091
2.51389
6.875
2.36667
2.20076
2.34091
1.90948
1.43382
1.875
1.86538
2.4375
2.70417
2.01894
1.98485
2.28409
7.72348
2.2197
2.61667
2.32197
2.09848
2.93333
2.67803
1.9625
2.91667
2.09091
2.16319
2.20076
2.21181
3.25833
0.941667
0.901515
0.75
0.95
0.908333
1.11667
0.9
1.00833
0.941667
1.075
1.075
1.06667
1.00833
1.03333
0.941667
0.916667
0.975
0.933333
0.966667
0.933333
6.93333
0.933333
0.791667
1
0.966667
0.933333
0.966667
0.941667
1
1
1
1.03333
0.8875
0.991667
1.175
0.908333
1.14167
2.3
2.29583
2.58621
8.54435
2.43182
2.79167
2.53819
2.26736
2.44444
1.6553
1.84583
1.8447
2.19167
1.37879
1.66667
2.0375
1.8447
1.90909
1.87083
1.55
2.34583
1.84848
3.06667
2.41667
2.8447
1.64583
2.575
2.20833
2.83712
2.44583
2.97348
2.71667
2.6625
2.77016
1.91667
3.02273
3.0947
2.98864
3.86667
3.20455
6.49359
1.83621
1.93145
2.07576
1.77431
1.75379
2.5375
2.74242
2.39015
2.075
1.98485
1.72917
1.54808
1.32197
6.80682
1.36111
1.30833
1.40152
1.56818
1.5125
1.22115
1.41667
1.43939
1.40417
1.5947
1.7875
1.63258
1.24167
1.46667
1.37121
1.4125
1.41667
1.2197
2.03333
2.42917
1.85417
1.61667
2.98864
2.13889
2.62917
2.55417
2.4
2.75379
2.27083
1.98333
9.1
2.71983
1.98387
2.31439
2.47727
2.0947
2.60985
1.87121
2.72917
2.32083
2.51136
1.98864
0.945833
7.1
0.833333
0.9
0.908333
0.966667
0.966667
0.966667
0.933333
0.933333
1.00833
1.10833
1.06667
1.06667
0.966667
0.983333
1.08333
1.95
1.1
1.17045
1.00833
0.966667
1.03333
6.625
0.766667
0.875
1.03333
0.908333
0.983333
0.966667
0.933333
0.933333
0.966667
0.933333
0.933333
1
2.14583
1.35606
2.275
2.21667
1.84848
2.05417
8.3875
1.68333
2.00833
2.03333
1.91667
1.28409
1.58681
1.80068
2.00379
1.5875
1.875
1.54167
1.30303
2.10833
1.79167
1.9125
6.81439
0.901515
1.94697
2.97917
2.90417
1.66667
2.46667
1.90152
2.23333
1.62083
1.92045
2.18056
2
2.25
9.30417
2.64394
3.40972
3.92045
3.80833
3.03819
3.49167
2.65417
2.70833
2.72348
8.24583
3.32083
2.5303
3.44097
2.64773
3.1125
1.64015
1.525
1.47569
1.75758
1.59091
1.78409
1.99242
7.76136
3.07917
2.62879
2.76894
1.69697
1.33333
1.40972
1.81667
1.62083
2.1375
2.40417
1.63258
0.804167
1.26894
1.18333
7.2
1.45
1.32576
2.66667
1.95833
2.24583
2.0303
1.875
2.03409
2.10833
2.8375
1.95833
2.525
2.8375
6.85417
2.41667
2.14015
2.375
1.80682
2.36694
1.95455
2.1875
2.88636
1.92083
2.37083
2.3447
2.04808
2.0625
2.2197
2.07051
2.68333
2.5125
2.30645
1.89167
0.8375
0.799242
0.909722
0.908333
0.975
0.95
1
1
0.8375
0.841667
6.52917
0.975
0.866667
0.954167
1.03333
0.933333
0.941667
0.902344
0.713235
0.729167
1.00833
0.95
1
0.933333
1
0.841667
0.9
0.941667
1.1
1.06667
1.1
1.06667
0.866667
6.73333
0.820833
0.8875
1.30303
2.00417
1.89394
2.4375
2.03409
2.0303
2.34583
1.875
2.41319
2.625
2.12879
1.90417
6.92424
1.68333
1.75417
1.92424
2.02083
1.72917
1.13889
1.60833
1.68333
1.59239
1.32095
1.56667
2.46667
2.80208
2.8447
9.10417
2.91667
2.7625
2.77431
2.89015
2.74583
3.00417
2.53409
2.425
2.575
3.1
7.07372
2.95417
3.37917
2.84583
2.46528
2.72727
2.31061
2.83333
2.6875
3.07576
2.48958
6.96528
3.13333
1.3125
1.61667
1.725
1.83333
2.15
1.4697
1.83333
1.725
1.70455
2.0125
2.1875
1.21212
1.79924
1.71212
7.25
1.825
2.10227
1.96212
2.03125
2.08333
1.92045
2.50833
1.42424
1.7
1.59583
1.79924
3.05417
1.66406
7.70221
1.96667
1.35069
1.52917
2.125
2.03788
2.6125
1.98264
2.08621
2.13176
2.0947
2.95
2.6553
2.15
2.67803
1.80682
2.28788
2.16288
1.22348
0.780303
0.875
0.875
0.883333
0.833333
0.970833
0.933333
0.941667
1.03333
1.03333
0.966667
1.06667
1.06667
0.966667
1.175
0.756944
0.8875
0.856061
0.970833
1.10833
0.908333
0.966667
0.866667
0.8875
1.06667
0.966667
1
1.03333
1.06667
1.06667
0.975
0.941667
0.895833
0.977273
1.09583
1.03333
1.36667
7.90833
2.10833
1.95
1.74167
1.39015
1.5875
1.97348
1.93561
1.6125
1.87879
2.19583
1.08333
1.24621
1.9
1.6625
2
7.61667
1.68333
2.00417
1.06034
1.54054
1.21667
1.51293
1.14062
1.875
2.0303
2.14583
2.89583
2.62121
2.94583
2.78788
7.13889
2.81048
2.62121
2.92083
3.45
3.025
2.38636
3.78333
3.51667
2.50417
3.1553
8.39167
2.64773
2.65909
1.89583
2.01894
2.50833
2.05449
1.94167
2.8375
1.70455
2.05242
2.67083
1.27778
5.75641
1.50833
1.22083
1.55682
1.57197
1.64583
1.43182
1.5375
1.54167
1.65417
1.62083
2.04167
1.4625
1.2625
1.64167
1.92083
1.74167
6.11806
1.17917
1.60417
2.07917
1.59167
1.675
1.5303
1.62083
1.54167
1.61667
2.67917
3.05
2.95833
2.94583
2.2803
7.95455
2.22348
2.55833
2.23864
3.15
2.01136
2.53125
2.06061
2.24038
2.30303
2.66667
2.17083
2.26667
2.74286
2.37868
1.51042
2.29583
3.525
2.95076
2.92917
2.125
2.58333
2.79167
2.10606
1.08974
0.933333
0.766667
0.833333
0.966667
1.03333
0.875
0.9
1.03333
0.933333
0.975
0.966667
1.03333
0.933333
1.04167
0.856061
0.925
0.848485
0.8875
0.95
0.734848
0.9375
1
1
0.933333
0.833333
0.8875
1.06667
1.03333
0.866667
1.06667
1.06667
0.875
0.933333
0.920833
0.806818
1.01136
1.275
1.41667
1.2625
1.29583
1.33333
1.15833
1
1.24621
1.375
1.73106
2.00417
1.57917
1.125
1.50417
2.24167
1.51894
1.48611
1.68333
1.38929
1.93952
1.32576
1.13258
1.82955
1.60417
2.25833
6.52652
2.03333
1.29779
2.30833
2.60833
3.07083
4.23333
2.95
2.55417
3.65417
2.50379
3.7625
9.9125
3.73106
3.27027
2.8125
3.00694
3.01136
2.7125
3.4053
4.52652
3.24167
3.65909
3.40625
3.88636
2.80833
2.44697
1.69318
1.64583
2
2.01515
1.85417
1.72917
1.57955
1.38194
2.14583
1.76136
1.10417
1.99167
2.19167
2.96181
2.92424
2.73106
2.07955
2.35
2.18333
1.97917
7.925
2.45076
2.19697
2.68333
2.49242
2.83333
2.525
2.06667
2.16667
2.25379
2.35985
2.63636
1.85985
7.26894
1.57576
1.42803
1.54167
1.16667
1.2803
2.49167
2.98106
2.40417
2.52917
2.52273
1.00833
0.9375
1.06667
1
1.03333
0.933333
0.606061
0.954167
1.06667
0.966667
0.933333
0.966667
1.075
0.866667
0.908333
0.933333
0.95
1.00833
0.9
1.0375
0.810606
0.772727
1.14167
0.933333
1
1
0.933333
1
1
0.901515
0.933333
0.975
0.82197
0.926724
0.887097
0.8875
0.975
2.34167
1.89583
2.08333
2.17045
2.35985
1.63889
1.94583
2.3
2.05833
1.91667
2.55
1.675
1.5
1.70833
1.67917
1.59167
1.6
1.21528
1.6
1.51894
1.76894
1.74621
1.77652
1.26736
2.29583
8.91667
3.42045
2.14931
2.86806
3.86667
2.01515
3.56667
3.09583
2.00781
3.08333
2.375
8.69758
2.42083
2.84848
3.15417
2.09091
3.2
2.64773
2.17803
3.59583
2.34722
3.17014
8.79167
3.45455
3.95076
1.99583
1.1875
1.4569
1.59274
1.67917
1.13194
1.82955
1.70455
1.57917
1.375
1.62121
6.94318
1.75833
1.47727
1.3625
1.575
1.19583
1.34091
2.15833
2.0125
1.5
1.66667
1.675
1.59722
1.85985
1.5375
2.05417
1.75758
7.29924
1.86364
1.56061
2.34583
2.08333
2.63636
1.56061
2.375
1.46212
2.54167
1.81944
2.62121
2.40833
8.14015
2.01042
2.46983
2.46691
2.73333
2.90417
2.24621
1.38258
1.06667
0.979167
0.920833
0.966667
0.941667
0.966667
1
0.933333
1.28333
7.95833
2.72348
3.05833
2.47727
1.52917
1.03409
0.845833
1
0.966667
0.933333
0.908333
0.975
0.975
0.975
1.1
0.933333
0.941667
0.875
1
0.908333
0.757576
0.933333
1.03333
1.82917
2.2125
1.78409
1.89015
2.02917
2.04583
1.76136
1.64167
0.766667
0.854167
0.909091
0.933333
1
0.975
1.33333
1.25
1.35
1.67045
1.2
2.025
2.04583
1.54167
1.88333
2.07917
0.967262
1.13333
1.39167
1.19318
2.11364
2.35606
2.875
7.45076
2.725
2.54545
2.10227
2.61742
1.47917
1.53819
2.3447
2.1553
2.61364
3.02941
3.43561
2.97727
2.26488
2.77917
3.76667
2.39773
2.0125
1.90909
1.49583
2.15
1.64015
1.73485
1.77083
1.95417
7.42708
2.79167
1.92083
4.5947
3.53472
3.23611
4.25
3.42045
4.8625
1.125
1.12179
2.26667
1.8125
1.82917
1.42917
0.96875
1.76667
1.41667
1.31439
1.6875
1.53333
1.51515
1.58333
1.96324
2.95417
2.125
2.12879
2.31944
1.80303
2.375
1.9875
2.54167
2.27083
3.26894
4.30682
4.04583
3.75417
8.4625
3.32955
2.34091
3.35985
2.10985
3.2625
2.55417
2.49242
1.76667
2.71667
1.53819
2.45076
7.6875
2.73333
1.57917
1.12153
0.833333
0.933333
0.891667
0.908333
0.852273
0.975
1
0.908333
0.8125
0.920833
0.856061
1.09583
0.966667
0.966667
0.925
1.03333
1
6.65
0.833333
1.05
0.908333
0.9375
1
0.866667
0.954167
1.03333
1.03333
0.975
1.08333
0.776515
0.875
0.975
1
0.908333
0.941667
1.32083
1.60417
1.91667
1.94318
7.50379
1.25
1.20833
1.55417
2.15417
2.67917
1.81818
2.25379
1.64394
1.62121
1.975
1.56855
1.68333
1.6875
1.84583
7.42917
1.65833
1.56818
1.6875
1.88333
1.52083
2.00833
1.81597
2.93333
2.325
2.5875
1.91346
2.32576
2.40909
7.73897
3.8375
2.80769
3.32917
3.14583
2.97569
3.20833
3.17917
2.21212
2.98264
3.03788
7.95833
3.32083
2.65833
1.82576
2.25833
2.30417
2.85417
2.42308
2.6125
2.54583
1.62879
1.43333
1.24583
1.25
1.43939
1.72917
1.72727
1.49569
1.97426
1.88258
1.35985
1.88333
1.60985
2.1553
1.91667
1.47917
1.5375
1.85985
1.67083
7.6625
1.69167
1.56667
1.80417
1.47917
1.325
1.45417
1.69167
2.62917
2.2803
2.66667
2.69697
1.825
2.34375
1.61111
7.84848
1.75379
2.57955
2.275
2.04924
2.20833
2.54167
2.52652
2.21667
2.83333
2.975
2.62121
7.04167
1.43333
0.8625
0.939394
0.966667
0.908333
0.966667
0.858333
1.07083
0.875
0.931818
0.723485
0.908333
0.908333
1.00833
0.941667
1.00833
0.916667
0.966667
0.933333
0.9
0.916667
0.9
0.886364
1.04583
1.04583
1.00833
0.833333
0.966667
0.866667
1.06667
0.933333
0.975
1
0.908333
1.06667
0.875
1.53309
2.98864
2.17424
2.75
2.38333
2.325
1.9875
2.4875
1.74306
1.57955
1.91288
1.90833
1.5875
2
1.62121
1.25
1.71667
1.28333
2.17083
1.01603
7.12879
1.20192
1.54924
1.69167
2.825
3.03409
2.89583
4.375
3.40833
2.73333
2.65909
2.65833
8.94697
4.4697
3.75
4.54167
3.00379
3.04583
2.99583
2.66319
3.00417
8.24242
4.67083
4.12917
4.25758
3.87879
2.27016
1.84583
1.77652
1.42308
1.79545
1.62153
1.57576
1.19097
1.32955
1.79924
1.96212
1.74621
1.64167
2.09167
1.75
1.85417
1.62121
1.26515
1.525
1.55417
1.45417
1.66288
1.45
6.04808
2.41667
1.45455
1.56439
1.94167
2.08333
2.21591
2.50833
2.13542
3.1625
2.41667
1.94167
2.71591
2.11667
8.09167
2.31061
3.32083
2.36364
2.33712
2.27273
2.54924
2.03333
3.01667
2.58333
2.6125
1.16288
1.11364
7.37917
1.24167
3.25833
2.2803
2.38333
1.90909
2.42917
2.2875
2.0625
1.98333
0.806818
0.924242
1.05903
0.908333
0.966667
0.975
0.941667
6.52083
1.04167
1
0.904167
1.04167
1.05833
0.868056
0.966667
0.933333
0.866667
1.075
0.966667
0.886364
0.891667
1.1
0.920833
0.973485
0.933333
0.933333
0.895833
0.954861
1.125
0.908333
0.727273
0.966667
0.866667
1
1.04167
1.03333
1.11667
1.6125
2.34167
1.16667
1.70833
1.59583
1.78125
1.23958
1.26515
1.7625
1.32955
1.54583
0.895833
1.39773
1.26389
1.14236
1.45
1.35069
1.73333
1.4625
1.44697
1.25
1.39453
1.66667
1.68561
1.75
1.50833
1.42424
1.93056
7.47143
2.50417
3.87083
3.23106
2.90152
3.33333
2.43561
3.05417
3.72083
2.57955
2.98333
7.64015
2.91288
2.54514
3.0125
2.25379
1.92424
2.0625
2.02917
1.35764
2.1625
1.71181
1.75
1.75
1.80417
7.22348
1.99583
2.9125
3.0875
2.48162
1.94697
1.24306
1.63636
2
2.13333
1.61364
1.5875
1.5375
1.40625
1.73485
7.49167
1.78409
2.69583
2.20833
2.28409
2.26136
2.725
2.65152
2.13636
1.77381
3.15833
1.85833
2.42803
2.11859
1.72917
1.83681
1.84848
2.64773
2.20455
2.14394
1.67424
2.18561
1.66288
2.65417
1.8125
2.48864
6.44551
2.25379
2.07576
2.89583
2.27273
3.25833
1.99621
1.29167
1.06667
1.00833
0.875
0.966667
1.04167
0.908333
1.00833
0.975
0.9
0.659091
0.90625
0.9
0.895833
0.941667
1.03333
0.866667
0.933333
0.908333
0.966667
0.941667
0.8875
0.9375
0.966667
0.833333
0.9
1.04583
0.975
0.886364
0.857639
0.829167
0.908333
0.941667
0.848485
1
0.933333
0.908333
1.84167
1.91288
1.8875
1.65
2.375
2.39931
2.79514
2.80303
3.08333
2.68939
1.50347
1.975
2.58333
2.17424
1.42014
1.53788
1.2803
1.44355
1.95833
1.83333
1.30903
1.65909
2.75
2.825
9.24583
2.8125
3.45417
2.91288
3.275
3.16288
3.57083
2.48864
2.88258
3.59583
3.05417
9.15
2.60227
3.64773
3.375
2.33333
2.89015
2.04167
2.82083
2.15
2.85833
2.05
7.33013
3.44167
1.9053
2.0125
1.31667
1.44167
1.54583
1.75833
1.60417
1.44318
1.08333
1.6375
1.375
1.39167
1.54167
1.47569
6.94697
1.65
1.50417
1.81667
1.58333
1.4375
1.88333
1.8875
1.77273
1.63333
1.8875
1.525
1.95139
1.62083
3.1
2.19167
8.77083
2.68182
2.50833
2.85417
2.17917
2.20455
2.52917
1.83712
3.20417
3.51515
3.88333
10.3667
3.95833
3.375
3.61742
1.05833
1.07576
2.3
2.34583
2.81667
2.575
1.80303
2.34583
2.6
2.27778
2.43561
1.04583
0.904167
0.856061
0.9
0.833333
0.866667
0.9
1.00833
0.966667
0.933333
1
0.933333
1
1.06667
0.9
0.941667
1.1
1.06667
7.8375
2.9875
2.20455
1.03333
0.685345
0.846774
0.941667
0.9
1
0.933333
1
0.966667
0.933333
0.933333
1
1
1.62083
2.17083
1.63636
1.325
1.57576
1.47222
1.42803
2.05833
1.26667
1.4
1.47917
1.63889
1.46591
1.55833
2.43561
2.41987
2.48333
2.31597
1.38971
1.30208
1.88636
1.3447
1.12917
1.70417
1.14015
1.5375
3.00417
3.12879
2.74242
4.87917
2.93561
3.40417
3.46591
2.85227
2.10417
2.625
2.42917
2.52083
2.48485
2.37879
2.23485
3.27083
2.57986
8.55833
1.42045
1.7625
1.20536
1.53333
1.60227
1.57197
1.1875
1.48864
2.45833
2.7803
3.73333
2.3
2.01515
7.75
1.94318
2.6
1.6625
1.36364
2.01894
1.24242
1.67045
1.50417
1.97348
2.0625
2.2803
2.09583
2.4625
2.15417
7.34848
2.23864
2.31439
1.32143
3.14167
1.90625
2.53333
3.07917
2.29167
2.52917
2.24583
2.14015
2.22083
8.11364
2.30303
2.45417
1.71591
1.8447
2.02273
2.04545
2.75417
2.4875
2.80833
3.2
2.625
1.60069
6.86742
0.87931
0.941176
0.835938
0.848485
0.907258
1
0.908333
0.866667
1
1
1
0.908333
0.878788
0.933333
0.975
1.03333
0.966667
0.908333
1.03333
0.9
0.844697
6.35606
0.975
0.909091
1
0.966667
0.904167
0.945833
0.94697
0.833333
0.966667
1
0.933333
0.975
1.06667
1.03333
1.15
1.84167
1.45455
1.72569
3.31667
8.7875
2.95
2.73611
2.68333
2.58333
2.14583
1.6875
1.63258
1.7
1.04167
1.8875
2.44167
1.1375
1.47917
1.99167
1.54545
1.56944
1.58712
1.59615
3.85227
3.77273
3.20833
2.06061
2.0625
2.64423
2.23485
2.18939
2.51136
2.95455
3.77083
2.56597
3.05682
2.60069
2.98864
3.01667
3.11364
2.92803
7.55556
2.59091
3.425
2.52083
2.90972
3.37917
3.475
2.3
1.03017
1.36486
1.28788
1.35985
1.44318
1.10417
0.75
1.175
1.17083
1.68333
1.58333
1.64015
1.52917
1.875
2.9125
2.23333
2.29514
2.2125
2.40152
2.16288
6.6859
1.57576
1.5625
2.4125
1.42045
2.29583
2.2625
1.74306
3.20833
3.37083
3.09091
3.825
2.57917
8.4625
2.98485
2.55303
2.07292
2.55833
1.91288
3.37083
1.9375
2.0875
2.70833
1.98485
0.847222
0.908333
0.875
6.69583
0.966667
0.866667
0.954167
0.933333
1
1
0.995833
1.05
0.975
0.966667
0.966667
1
1.06667
1.40417
0.695833
1.06897
0.866935
0.908333
0.941667
0.929167
0.966667
1
0.674242
0.966667
0.866667
0.970833
1.13333
0.908333
0.966667
0.809028
0.929167
0.941667
1.53333
2.0875
1.93561
2.50417
1.53409
2.26515
2.09091
1.83712
1.62847
2.07083
2.29545
2.225
1.09722
1.57197
2.02917
1.9
2.225
1.62847
1.73106
1.90833
1.97727
1.84583
1.67083
1.66319
2.4697
3.65833
2.95833
2.05303
3.18561
3.1125
2.39394
2.37083
3.17803
1.98485
8.80833
2.82328
3.375
3.04167
3.47917
3.27652
3.39015
2.78333
3.3375
2.28472
3.10833
8.50417
2.7875
2.8625
2.75
2.87121
1.96212
2.3
1.6625
1.2197
1.41667
1.77273
1.30833
1.58333
1.4375
6.98106
1.43561
1.60227
1.56818
1.82955
1.49653
1.825
1.54167
1.75833
1.49583
1.68182
1.2
1.3875
1.8625
2.25347
1.33333
1.66667
1.43939
1.66319
2.27917
2.09848
2.57083
2.44167
2.24242
2.42424
1.90278
1.95833
1.8625
2.55833
1.68561
2.375
6.88194
2.23106
1.98264
1.5625
2.1875
1.80417
2.2875
1.75
2.24306
2.08333
2.62917
2.26515
2.33333
8.12917
2.88333
2.125
2.3875
2.125
2.25
1.93561
1.05603
0.889706
1.03333
0.966667
1.06667
1.06667
1.06667
0.995833
1.175
0.9
0.875
0.941667
0.545455
0.975
1
0.866667
0.966667
0.933333
1.03333
0.933333
0.958333
0.905303
0.878788
0.867424
0.920833
1.175
0.920833
0.799242
0.805556
0.933333
1
1.00833
1.06667
1
0.590909
0.966667
0.833333
1.3875
1.26515
1.8625
1.12917
1.78788
1.63362
1.43382
1.76894
1.65833
1.36364
1.72917
1.14015
1.875
1.82917
2.92083
2.40417
1.725
1.50694
1.2027
1.35833
1.33712
1.51667
1.51667
1.19697
1.66667
1.75758
1.80417
2.90909
2.42083
2.93182
9.45
3.2
3.27155
2.56048
2.87917
2.4125
2.5125
2.72348
1.64583
2.02083
2.57917
2.04861
8.17083
2.89583
2.3625
2.33712
1.31818
1.68333
1.66288
1.4375
1.50417
2.55417
2.26736
2.76667
2.55417
7.18403
2.50862
1.39113
1.26515
1.59167
1.74167
1.62917
1.1625
1.36742
1.5875
1.85
1.90833
1.3447
1.71591
1.54583
1.43403
2.74167
6.90278
2.74583
2.40417
2.48106
2.72083
2.66288
2.9875
2.5947
2.06818
2.55
2.08712
2.17917
7.95455
3.19167
2.2
2.30682
2.4375
2.2875
2.18939
1.89773
2.79583
2.44583
2.05903
2.75833
2.27574
1.73106
1.24242
1.77917
1.475
1.44583
1.23333
1.01667
0.908333
0.9
0.941667
1.00833
0.966667
0.966667
1
0.9
0.933333
1
1
0.933333
0.8
0.875
0.826923
0.975
0.833333
0.9
0.933333
0.9625
0.848485
0.966667
0.875
1.03333
0.933333
1.10833
0.9875
1.1
1.075
1.06667
0.933333
0.975
0.820833
0.9
1.13889
1.78788
7.7375
2.32576
2.16288
1.98864
1.98333
2.525
2.12917
2.70455
2.325
1.46212
1.60417
1.63636
1.65
1.89773
7.5875
1.68952
1.44097
1.56667
1.58333
1.47083
1.67083
1.60606
1.45455
2.08681
2.85069
2.99167
3.38258
2.40152
2.67742
2.30303
2.35
1.79487
3.46212
3.75833
2.10417
2.175
2.58333
1.71667
2.07955
1.75417
1.82917
7.29924
3.00833
3.6875
3.57917
2.775
3.02083
2.16288
3.0375
2.625
3.03333
1.78788
1.62083
1.54167
2.09091
1.43939
1.99621
1.08333
1.95833
1.80833
1.47348
2.1625
1.86638
1.72635
1.8375
1.94318
2.26136
2.40417
7.43182
1.55303
1.5375
1.64394
1.51894
1.52083
1.36667
1.40833
1.46667
1.6625
1.57955
1.56667
1.54167
1.6375
1.57083
1.90833
2.30833
7.40909
2.5303
2.34848
1.80417
2.60417
1.95076
2.42045
2.69583
2.5375
2.29924
2.42917
2.58333
2.4625
2.59091
1.02273
0.909722
0.925
1.10833
1.03333
0.975
1
1.02083
0.875
0.9375
0.933333
0.9
1.175
2.3125
2
2.18182
0.9375
0.958333
6.22727
0.9
1.03333
1.00833
0.883333
1.06667
1
1.075
1
1.075
0.941667
0.904167
0.738636
0.945833
0.833333
0.933333
0.908333
0.966667
0.908333
0.983333
0.886364
1.00833
0.975
6.95833
0.908333
0.741667
0.970833
0.858333
0.933333
0.933333
0.925
0.933333
1
0.870833
0.810606
0.95
1.47917
1.3875
2.075
2.03333
1.72917
1.33333
1.39773
6.64394
1.4375
1.83333
1.30303
1.36364
1.3875
1.90417
2.825
2.34722
3.01667
2.14167
2.40625
2.5
2.42083
2.48106
2.46875
2.77917
3.70833
3.22727
4.275
2.35606
3.475
3.43939
3.65
2.98333
8.84091
2.88333
3.00833
2.81061
2.99621
4.00379
3.92045
1.40152
1.77917
2.03333
1.06667
1.77917
7.55417
1.81061
1.42083
1.42424
1.42917
1.38889
1.95417
1.70076
1.53788
1.92045
2.00833
1.425
1.76667
1.76894
1.82917
1.73485
7.57955
1.5125
1.69583
1.5125
1.52083
1.35606
2.22569
2.01515
2.43939
1.84848
1.61458
2.20417
2.30417
2.01515
2.04545
2.26894
2.60417
2.52652
2.82083
2.17708
2.39583
2.10417
1.96875
2.04514
2.95
2.20833
2.325
8.17917
2.77273
2.90833
2.68333
2.6125
2.27083
2.06439
2.2625
1.77083
2.21667
0.840909
1.11667
1.075
0.875
1.00833
1
0.818182
0.841667
1.0625
0.784722
0.820833
0.908333
1.06667
0.95
1
0.941667
1.1
0.958333
0.967742
0.856061
0.929167
0.975
1
0.975
0.933333
0.908333
0.975
1.04167
1.14167
0.818182
0.875
1.04167
0.766667
1.01724
0.971774
0.975
1.47083
2.18333
1.15
1.26515
1.12917
1.39167
1.42045
1.32917
1.42803
1.6375
1.2625
1.25347
7.5303
2.46667
1.48333
1.20833
2.21667
1.9625
1.275
1.77083
1.74167
1.73333
1.81061
1.97917
1.87917
2.025
1.85227
2.45
3.09091
2.60606
2.77778
3.03788
3.17083
3.4
3.39583
2.63889
2.70076
3.00417
8.30833
2.34583
2.21591
2.30556
1.98264
2.08712
2.35606
3.49167
2.75758
2.0947
2.42045
2.3
7.70076
1.97917
1.67045
1.81439
2.25
1.7875
1.075
1.39583
1.70833
1.32955
1.4697
2.10417
1.51894
2.00417
2.05833
1.63333
7.25417
1.45833
1.7
2.18561
1.95833
2.375
1.29514
1.79583
1.29924
1.6375
1.71667
2.075
1.60417
1.19097
1.43333
1.78788
8.2125
2.43182
2.20417
2.74583
2.28409
2.56439
2.25417
2.40833
2.08333
2.66667
2.79167
2.07083
2.55682
7.89167
1.89394
2.64583
2.50833
2.36667
2.525
2.26894
1.25
0.82197
1.00417
1
0.933333
0.941667
1.1
0.908333
0.933333
0.941667
0.933333
1.11364
0.5875
0.941667
0.933333
0.866667
1.06667
0.905303
0.929167
0.825758
0.966667
0.908333
0.966667
1
0.941667
1.08333
1.075
0.933333
1.06667
1.1
0.941667
0.933333
1.0125
1.04167
1.10985
0.966667
0.933333
1.825
2.00833
2.42917
2.15
1.98864
2.42917
2.35985
1.08681
0.897727
1.00379
0.966667
0.9
0.866667
1.48333
1.99242
1.63194
1.73485
1.55303
1.85417
1.60417
2.4875
1.77652
1.55303
1.50417
1.475
2.05
4.04545
4.18939
4.83333
3.89773
6.05417
2.75676
3.97917
3.03333
3.68333
3.475
9.06439
3.30833
4.17917
3.30682
2.5125
2.50758
2.67361
2.47917
3.025
3.125
3.10606
8.24621
2.94583
1.95
1.5
2.17917
1.99242
1.70417
2.61667
2.34583
1.98333
2.53333
1.70455
1.91667
1.425
7.65
1.47727
1.93403
1.87917
1.5875
1.77083
1.50758
1.70417
1.90152
2.23106
1.95833
2.11667
2.225
2.18182
2.59848
8.73333
2.70455
2.2375
3.13333
2.78333
2.6
2.03409
2.67803
2.64236
2.4375
2.20455
2.63333
7.78409
1.97727
2.69583
1.83333
1.10833
0.815972
0.992424
0.925
1.11667
0.966667
0.9
1.775
2.3
1.73485
2.4569
1.6125
7.5303
1.57986
0.75
0.879167
0.888889
0.9
0.833333
0.933333
0.966667
0.970833
1.1
1
0.779167
0.891667
0.966667
0.933333
0.975
1.03333
1.06667
0.9
1.6
7.57083
2.45833
1.82197
2.01667
2.33333
1.70076
0.9375
1.01136
0.769531
1.00403
0.878788
0.895833
0.966667
0.983333
1.31667
1.2875
1.38333
2.00833
1.62083
1.65152
1.17361
1.25833
1.375
1.34926
1.98485
1.48106
1.92917
2.05833
2.73333
2.7
3.06061
2.06944
2.57576
2.48264
2.67917
1.9697
1.8447
1.32955
2.75379
2.40909
2.925
2.5947
3.02083
2.875
3.2125
8.69167
2.4125
1.75
1.93561
2.475
1.78409
1.93403
1.64931
1.96591
2.31944
2.44583
2.39394
2.26389
8.22348
2.19697
2.15278
2.60606
2.54545
3.63333
3.13258
2.44318
2.95076
1.37121
1.80417
1.75
1.49167
2.18182
1.84848
1.4697
1.60417
1.93561
1.79583
1.7375
2.40833
1.82955
2.79545
2.125
2.30682
2.46591
2.57083
2.11742
2.35
2.68182
2.7
2.73333
1.97727
3.00833
2.27917
1.98485
1.76515
1.97083
2.17083
1.37917
6.58333
1.825
2.0875
1.94444
2.02273
2.29924
2.25
2.53788
2.73333
2.53333
2.40417
2.3625
2.475
0.806818
0.943182
0.941667
0.908333
0.908333
0.933333
1.00417
0.916667
1.05
1
1.03333
0.9
0.818182
1
0.933333
1
1.075
1.10417
0.846774
0.933333
0.883333
1.06667
0.941667
6.93333
0.833333
1
1.03333
0.908333
0.8875
0.94697
0.837121
0.858333
0.9
1
0.9
0.966667
1.075
2
2.15
2.26667
1.81667
2.125
2.17424
1.98864
2.48333
2.28333
1.55303
1.95833
2.01136
1.61742
1.60417
1.53629
1.6375
1.40833
1.76136
1.85606
1.3871
1.71875
7.37917
1.975
1.34091
1.9
2.95417
2.97083
2.93182
4.07083
2.62121
3.16288
3.84583
2.82955
7.75758
2.34167
2.03788
2.07917
2.07083
2.12083
1.49621
1.70833
2.27083
2.72083
2.93333
1.36806
1.87931
1.81452
5.82372
1.90152
2.45833
1.7
2.51667
1.96667
2.39583
1.74583
1.41667
1.31061
1.52917
1.64167
2.0303
2.44583
1.21429
6.16776
1.85833
1.41667
1.37121
1.7875
1.75417
1.5303
1.5303
1.35764
2.10417
1.6875
1.8625
1.75
1.42803
1.77273
1.51667
1.20833
1.67578
1.64919
2.125
2.94318
2.4697
2.31597
2.19444
2.4625
2.17083
2.53333
2.13636
1.98864
8.67083
2.69583
2.46667
1.78409
2.84167
1.66964
2.76736
2.18182
2.29583
2.5375
1.12083
0.767361
0.848485
1.10417
0.983333
1
0.867424
0.866667
1.00833
0.975
1
0.8875
0.923611
0.925
0.825758
1.03333
0.908333
0.866667
1.03333
0.933333
0.991667
0.975
0.969697
0.808333
0.9
0.908333
1.00833
0.8875
6.89167
0.883333
1.03333
0.866667
0.970833
1.06667
0.966667
1.06667
1.06667
2.50833
3.10417
2.675
2.79167
2.0303
2.00758
1.98106
7.60985
1.89015
1.84848
1.19097
1.825
1.60985
1.45
1.78409
1.91288
1.9625
1.81439
2.17917
1.40417
1.9875
1.75
1.1859
8.8125
2.97917
3.63636
3.15152
2.81944
3.08333
2.95076
3.37879
3.56818
3.3375
9.25379
2.98864
3.41667
3.14583
2.10417
1.79167
2.09848
2.92083
3.13333
2.89394
2.06439
9.22083
2.95417
3.25833
2.64167
2.96591
1.49621
1.575
1.43056
1.27083
1.6125
1.64167
1.35227
1.65909
1.43403
1.46528
7.025
2.83712
2.375
1.5
1.40625
1.52917
2.4625
2.02273
1.86667
1.88333
1.84583
1.45833
1.73333
1.60417
1.74242
1.57576
1.73106
2.86667
1.92803
2.81818
2.17083
2.75833
2.79167
2.59091
2.40152
2.76136
2.625
2.325
8.27083
2.0947
2.77917
2.45833
2.86667
2.2875
2.82083
2.25321
2.1375
2.45833
2.28819
2
7.4053
2.39583
2.73333
2.20455
2.39394
2.71667
1.0303
0.856061
1.10833
0.883333
0.9
0.908333
1.10833
0.95
0.908333
0.848485
1.03333
0.933333
0.941667
7.00833
0.833333
0.866667
0.933333
1
0.9
0.975
0.933333
1
0.9
0.966667
0.883333
0.941667
1.03333
0.908333
0.916667
0.94697
0.78125
0.966667
0.966667
1.06667
1.06667
1.06667
6.7625
1.33333
1.3625
1.64167
1.3125
1.37917
1.5
1.59848
2.30417
2.02652
1.8375
1.97727
1.70417
1.79545
1.54167
1.54583
1.34848
6.85081
1.61667
1.65833
1.67917
1.28409
1.79583
1.83468
1.19792
1.68182
1.7
1.34583
2.6625
2.45076
1.95833
2.775
2.51667
3.48828
1.79412
3.50833
2.48333
3.22083
2.41667
3.29167
3.325
1.75833
3.01515
2.87097
2.57986
2.66667
2.94583
2.37879
2.71591
2.98106
2.83333
2.72727
2.21591
2.79167
3.50758
7.25
2.16667
1.53788
1.7125
2.17424
1.22917
1.69583
1.42361
1.825
1.75417
1.97917
1.95417
1.55833
1.8375
2.57083
2.64167
8.3625
2.43333
2.31597
1.97917
2.54583
2.35
1.24621
1.79167
3.13333
2.50758
2.32372
2.20076
7.5303
2.36364
2.28017
2.70565
2.10833
1.94697
2.22348
1.89015
2.74583
2.54583
2.24583
1.875
2.27917
2.07197
2.5303
1.81439
1.09583
1.1125
0.8
0.870833
0.886364
0.9
0.908333
0.933333
1
1
0.975
0.924242
0.929167
0.933333
1
0.975
0.933333
0.933333
0.975
6.74583
0.8
0.908333
0.787879
0.80303
1.01894
0.883333
0.875
0.9
0.908333
0.818182
0.85
1
0.908333
0.975
1.00833
1.00833
1.04167
2.84167
2.52652
7.33712
1.70455
1.95833
1.74242
2.30833
2.34583
1.90417
2.16288
1.45192
1.54583
1.55
1.9
1.90417
1.87083
1.5875
1.54167
1.13542
2.07083
1.72727
1.40833
1.74242
2.12153
3.17803
2.44697
2.48106
2.63333
3.35417
2.65909
3.56667
3.57576
2.80417
3.10833
3.00379
3.07083
2.88636
2.76667
1.96181
2.7625
2.23864
2.64583
8.69697
2.93561
3.10227
2.78409
2.73333
1.71181
2.1875
1.68939
1.55833
2.02083
1.5375
1.875
1.76136
6.25694
1.72917
1.78788
1.60833
1.43939
2.29167
1.85227
2.47083
2.45417
1.50758
1.62153
1.92339
1.55
2.03333
1.41288
1.48162
1.5
1.27083
1.56667
1.81061
1.50758
1.60069
2.0875
3.05
1.87879
2.30303
2.18333
2.37179
2.32292
2.1375
8.50417
2.32576
2.625
3.54583
3.08013
3.52917
2.83333
2.85227
2.88889
2.65
2.78788
2.14015
2.54545
2.1875
2.74621
2.95417
2.7803
2.625
2.25379
2.62083
1.47348
0.715909
0.679688
0.943548
1.03333
1.01667
1.09091
0.9
1.00833
1
0.866667
0.954167
1.03333
1
1.06667
1.06667
1.06667
0.908333
1.23333
1.91667
1.5375
0.916667
1.075
0.9375
0.933333
0.941667
0.966667
1
0.757576
0.833333
0.841667
0.975
0.866667
1.08333
1.06667
0.9
1.17083
1.16667
1.49167
1.69583
1.65152
2.39015
1.43403
0.977273
0.96875
1.35
1.54583
1.31818
1.40417
1.54167
2.14394
3.45417
2.53333
1.87917
1.86667
1.62121
2.38333
1.70417
1.69697
1.71667
1.44444
1.31818
9.17083
1.84375
2.89167
1.46591
1.57083
1.67361
1.7375
1.77273
1.89773
1.33712
2.08712
2.16667
2.22917
3.01515
2.50694
2.80682
2.55417
3.17917
4.3875
2.56061
3.27083
3.675
3.82083
3.24653
8.70417
2.32955
3.15152
2.81667
2.20455
1.1875
2.25833
2.05417
0.809028
1.44167
1.64167
1.64167
1.77083
2.19167
1.33333
1.56439
1.84167
1.85227
2.29167
2.39015
1.9697
1.89583
2.56667
1.78333
1.53409
1.74583
1.62917
1.59091
2.34583
1.42424
2.36742
1.63889
2.18939
1.83621
2.24194
2.03333
2.18333
2.12879
2.60227
3.19583
2.4125
2.12121
2.72917
2.12879
2.3
2.17708
2.25
2.29583
2.04167
3.27083
0.818182
1.17083
0.908333
1.03333
0.933333
0.975
1.03333
0.908333
1
1
0.787879
1.03333
1.00862
1.02823
0.841667
0.875
1.03333
0.866667
0.966667
1.06034
0.813953
0.909091
0.975
0.941667
1
0.966667
1.0125
0.9875
1.11538
0.852941
0.95
1.03333
6.67917
0.866667
0.8875
1.06667
0.966667
1.42917
1.94318
2.4213
2.125
1.52083
2.525
1.81439
1.7803
1.94697
1.82197
1.8447
8.00833
1.39394
1.49167
1.76667
1.9375
1.75379
2.2875
1.48106
1.78788
2.05
1.60417
1.60833
1.30682
1.97348
3.50833
2.99306
2.59848
2.57197
2.6875
2.67917
2.47635
3.20833
2.39015
2.25
2.63889
2.05417
2.59848
7.57955
3.18333
3.23333
2.54583
2.79924
2.27244
2.66667
2.17917
2.87917
2.96667
3.49583
3.4053
2.28788
2.89453
1.91176
2.01136
1.47727
1.79545
1.65833
1.22348
1.35606
1.84583
1.54167
1.2803
1.3
1.91667
1.54545
7.5625
3.075
2.77652
2.72727
2.7625
2.68561
2.07955
1.12153
1.28472
1.54545
1.7375
1.92917
2.46667
2.54583
2.15909
1.85227
2.07639
2.21875
2.06439
3.23333
2.48485
1.93561
2.05833
2.58333
2.1375
2.27917
8.31667
2.34091
2.52273
2.1553
1.99621
1.98106
0.867424
0.9125
0.941667
1.00833
0.916667
1
0.975
0.933333
0.933333
0.908333
0.901515
0.9
0.908333
6.5875
0.975
1.00833
2.44583
1.10833
1.19583
0.916667
0.913793
0.903226
0.975
0.9
1.075
0.975
0.891667
0.818182
0.908333
0.966667
0.975
0.975
0.941667
1.06667
0.966667
7.62083
1.70417
1.5625
1.73106
1.81944
2.07955
1.63636
2.11667
2.125
1.90152
1.95
1.96591
2.53333
1.51515
6.86111
1.9
1.375
1.96667
1.70833
1.77083
1.1875
1.35985
1.60227
1.36806
1.45417
1.3447
2.64583
2.16667
2.79167
3.12083
8.7
3.29167
2.3875
1.65909
2.48333
2.1625
1.97917
2.4
2.05417
2.34167
2.04167
2.56667
2.94167
7.45076
2.8375
2.4875
2.9
2.94583
3.34583
2.36364
2.1875
1.67424
2.09091
2.14919
1.74306
1.82197
7.04167
1.77083
2
1.81439
1.85417
2.07197
3.51136
2.46154
2.90909
3.67045
2.3875
1.52273
1.41667
7.50417
1.36742
1.67424
1.35606
1.89773
1.79545
1.51894
1.32917
1.36742
1.725
1.59167
2.37083
2.08681
2.5947
2.17424
2.21591
1.90909
1.60227
2.67083
2.20833
2.37083
2.29545
1.99621
2.55
2.24621
2.79167
2.10227
2.14394
2.06597
2.56061
2.47727
2.75
2.08712
2.33333
2.60417
1.52431
1.8375
2.70455
2.20076
3.05
2.05417
7.16319
1.35227
1.075
0.770833
1.02917
1
0.933333
0.975
0.933333
0.933333
0.933333
0.977273
0.945833
1.00833
0.908333
1.03333
0.875
0.933333
0.958333
0.825758
0.866667
0.908333
1.03333
0.69697
0.933333
0.833333
0.933333
0.975
0.95
0.995833
1.00833
0.908333
0.933333
1.03333
0.916667
1.075
1.03333
1.04167
1.05556
1.71121
1.41216
1.6
1.39236
1.20417
1.11364
1.35417
1.42917
1.63258
2.11667
1.5625
1.2197
1.70833
2.23864
1.67045
1.16288
1.79167
1.42361
1.35606
1.55417
2.14583
1.27564
1.90909
1.68182
1.99583
2.01667
2.62121
2.59167
2.46795
1.95833
3.1
2.28788
3
2.26042
2.52083
2.88333
3.50833
3.94167
2.68939
2.80682
3.775
2.04514
2.69583
3.18333
2.34583
1.25641
1.87083
2
2.3375
2.91667
3.3875
2.66319
2.7625
2.17803
2.32917
1.72348
1.3875
1.79583
7.325
1.53409
1.70833
1.675
1.61667
1.12821
1.43333
1.62121
1.7375
1.55833
2.20833
2.05303
2.27917
2.07917
2.17424
2.35985
2.52652
2.35227
2.33333
2.6875
2.3
2.225
1.99359
2.0947
1.86111
1.8125
2.30682
2.18561
7.88636
2.36667
2.24653
1.64103
2.24621
2.12083
2.30556
2.43056
2.45833
2.29924
3.3125
2.58333
1.36364
0.882576
1.20833
0.939394
0.875
0.933333
0.933333
0.945833
0.979167
0.875
0.9
1
0.975
0.941667
1.13333
0.929167
0.861111
0.795455
0.933333
1.02941
0.9
1
0.933333
6.85833
0.8
0.941667
0.891667
0.8875
0.94697
0.966667
0.866667
1.03333
1
0.933333
0.908333
1
1
1.72917
1.64773
1.82917
2.07576
2.08333
1.76736
1.77652
2.09848
2.35985
2.19697
2.08333
1.38636
1.7375
1.75758
1.86742
2.09583
1.70455
2.29167
1.77083
1.50833
1.38889
7.27652
1.24583
2.06667
2.60227
2.29167
3.12083
2.48485
2.90833
2.18182
2.76136
2.39015
2.74167
2.07955
2.51136
3.0375
2.27652
2.47727
3.12083
1.99583
2.43182
2.19792
2.24583
2.05208
2.075
2.30682
7.82639
3.31061
2.675
3.12879
3.1553
2.70076
2.14583
1.33712
1.4
1.25417
1.70455
1.5
1.53333
7.21212
1.275
1.35417
1.5
1.45833
1.35606
1.34583
1.12121
1.37879
2.02917
1.94697
1.42361
1.45139
1.19697
1.41667
1.84091
1.56061
1.67424
1.54167
1.68561
1.6553
1.22569
2.90417
2.25
1.98864
2.34848
2.19318
2.425
2.96591
2.34091
2.38333
7.74621
2.68182
2.17917
2.00694
2.31439
2.26894
2.26136
2.83712
2.31667
2.9375
1.5375
0.893939
0.8875
0.933333
6.80833
0.866667
0.954167
1.03333
0.866667
1.075
0.929167
3.12917
4.12917
2.84583
1.72727
0.979167
0.820833
0.9625
0.866667
0.933333
1
0.9
1.06667
6.65417
0.966667
0.866667
0.966667
0.966667
0.8625
0.818182
0.866667
0.933333
1.03333
0.833333
0.916667
1.04167
0.935185
0.886364
0.975
0.933333
0.941667
0.9
0.920833
0.75641
0.833333
0.908333
0.818182
1.08333
0.866667
0.8625
0.866667
1.3
1.30417
1.37917
1.47917
1.70417
1.49583
1.62917
1.52273
2.72083
1.69318
2.20417
0.92803
1.85985
8.2875
2.56439
3.44318
2.92917
2.80417
3.36364
2.68333
2.85985
3.49583
1.35
3.36667
8.89394
3.54861
4.32576
2.56667
3.3125
3.14773
3.40278
2.68333
2.85
3.04167
1.88258
2.18939
2.57917
1.8447
2.98333
3.0875
2.75
2.02273
1.43939
1.66319
2.09167
2.21667
1.79167
1.39583
1.51136
2.11364
1.76667
1.67917
1.52273
1.775
1.68939
1.35764
1.6
1.775
1.6125
2.03333
1.64167
2.32917
1.7125
1.35985
1.45455
7.43561
2.75833
2.76667
2.2875
2.95455
2.9125
2.7625
2.69697
2.18182
2.55303
1.89773
2.5625
8.1
2.17083
1.92424
2.25
2.11667
2.30303
1.74359
2.15909
1.80682
1.62121
2.46667
2.07917
2.50417
2.40152
3.33333
2.83333
3.23864
2.41667
2.20833
0.859848
0.758621
0.772059
1.04167
0.933333
0.966667
0.975
0.883333
0.977273
0.825758
1.00417
0.9625
6.625
0.825
0.866667
1.04167
1
0.866667
0.875
0.854167
0.829167
1
1
0.908333
0.808333
0.95
0.933333
0.85
0.848485
0.925
0.852273
0.973485
0.8
0.941667
0.866667
6.85833
1.44583
1.5
2.15
1.59848
1.8447
1.58712
1.3625
1.62917
1.50833
1.625
1.88333
2.19167
2.2
1.53333
1.48333
7.81667
1.57083
2.2625
1.42917
1.475
1.5
2.06061
1.6553
1.5
2.62083
2.29545
2.82083
2.46875
2.2375
2.55417
2.11806
2.4375
2.50417
2.52083
2.725
2.72083
3.24242
3.16667
4.29924
3.94318
8.66667
3.29583
3.04167
2.42083
2.84167
2.49621
2.55417
2.29167
3.04583
2.31061
2.475
2.7125
8.6875
1.475
1.9375
1.925
1.68056
1.59583
1.65833
1.825
1.70076
1.65909
1.96212
1.8375
1.42803
2.23864
2.32917
1.97222
1.47348
1.33333
1.25417
1.42014
1.6
1.44167
1.63333
1.25
1.50379
1.725
1.1375
1.69167
1.48958
1.4375
1.45608
2.34167
8.37917
2.42917
2.50379
2.45
2.46212
1.95076
2.375
2.75417
1.97348
2.69318
2.18561
2.74621
2.1553
7.67803
2.15833
2.68561
1.2125
0.875
0.908333
0.908333
1.175
1.06667
1.12917
0.870968
0.858333
0.784483
0.801471
0.9
0.966667
0.975
0.9
0.941667
0.966667
0.8875
1.08333
0.738636
0.8625
1.04167
0.966667
0.866667
0.908333
1.04167
0.933333
1
0.9
1.11667
0.916667
0.92803
0.933333
1.03333
1.00833
0.941667
1.08333
1.47917
2.20833
7.94167
1.53819
2.44697
2.12917
1.63258
0.833333
1.04167
0.941667
1
0.933333
0.908333
0.966667
1.275
1.8375
1.41667
1.64236
1.80417
2.00833
6.95076
1.9125
1.70833
2.15
1.33681
1.625
1.60417
2.44167
3.06061
3.66667
3.54924
2.80903
9.22083
3.06818
3.26724
2.96691
2.9375
3.42803
2.7197
3.72917
3.54583
4.31667
2.39394
8.89167
2.8375
2.32576
2.14423
2.125
2.23864
2.35985
2.55208
2.22348
2.69167
2.24167
1.85227
1.79167
1.60606
1.50379
1.79583
1.45076
1.375
1.75
1.52273
1.39167
1.15278
1.85
1.25
1.26282
1.71591
2.10833
2.0875
2.16288
1.78788
2.01667
1.50833
1.47083
1.46667
1.84583
1.89773
1.55417
2.54167
1.92803
3.04583
2.56061
2.95417
2.52083
2.2197
2.02083
2.17045
3.2
2.45833
2.54545
2.85606
3.05417
2.66667
2.49609
2.90726
1.71591
2.63636
1.02652
0.908333
0.9
0.975
0.875
1.24583
3.40417
3.01667
2.75
3.11742
2.65417
1.8125
0.879167
0.742424
6.75833
0.9
1.03333
0.833333
0.9
1.03333
0.8375
0.95
0.818182
0.8875
1
0.941667
1
1.06667
0.933333
1.08333
0.945833
0.825758
0.8875
0.9125
1.06667
0.8875
1.03333
6.65417
0.9
0.966667
0.941667
1.075
0.9
0.883333
1.00833
0.954167
0.966667
1.00758
1.53788
1.42083
1.57986
1.29583
1.725
1.51515
1.45833
1.38636
1.85833
8.15
1.89167
0.969697
1.39583
1.77083
1.34583
1.4875
1.6125
1.79167
1.39113
0.898026
1.64113
1.78125
1.53788
1.94444
1.0947
1.73529
7.45
1.50347
2.55417
2.05
2.2375
2.07083
2.46212
2.23718
2.62083
2.74583
2.93182
3.23485
16.9792
13.8258
1.95833
2.35256
3.71667
2.66288
3.17083
7.89236
2.25758
3.44318
2.01736
2.9697
1.6875
1.40278
1.38333
1.90417
1.16964
1.725
1.44583
1.9875
1.95833
7.77917
1.69697
1.90833
1.33333
1.73485
2.31667
2.01894
2.23264
2.7125
1.71181
2.21667
1.825
2.26667
1.83712
7.98333
2.3
2.6
2.39931
2.4053
2.9375
2.68333
2.07576
2.60606
2.19318
2.35
2.24583
2.14167
8.6125
1.49621
1.44318
1.6
1.32083
0.988636
1.95417
1.77083
1.97917
1.675
1.60833
1.34167
0.818182
0.9125
0.866667
0.966667
0.941667
1.03333
0.848485
6.575
0.966667
0.866667
0.908333
1.10833
0.866667
1
1.06667
1
1.06667
1.00833
1.13333
0.829167
0.9
0.916667
1.06667
1.06667
1
1.10833
0.875
0.941667
1
0.816667
5.60417
0.9875
1.10833
0.866667
0.908333
1.03333
1.7
1.91667
1.9
2.05
1.94167
1.79583
1.67424
2.22727
1.63636
1.39236
1.72727
8.38333
1.24583
1.44318
2.02917
1.12121
1.60764
1.46622
1.56667
2.025
1.7625
1.26894
1.85417
2.175
1.56667
2.34167
2.975
8.96667
2.7625
2.89773
2.34848
2.97083
4.12917
3.10833
2.85227
2.97727
2.26136
3.32917
7.06944
2.53409
2.43939
2.35985
1.86806
3.075
3.15417
3.11667
3.1553
2.925
3.58712
8.50379
3.19583
2.31667
1.26515
1.7625
1.625
1.43333
1.5875
1.34583
1.27917
1.22083
1.07197
1.225
0.970588
1.21528
1.5431
7.20221
1.82917
2.33333
1.7375
1.7
1.7625
1.64015
1.80417
1.7125
1.2625
1.43939
1.80833
1.85
1.77917
1.45417
1.8875
3.35833
6.78409
2.57576
1.49242
2.40909
1.73864
1.70192
1.6125
2.48333
1.4359
2.54167
2.20833
2.42708
2.45
1.95833
2.41288
2.12083
2.47917
2.35417
1.97917
1.175
1.10606
0.768939
0.891667
1.175
0.895833
0.818182
0.8375
1
0.941667
0.975
1
0.95
5.51923
0.725
0.883333
1.10833
1.03333
0.941667
1.10833
0.908333
0.991667
0.787879
0.975
1.00417
0.875
1.02273
0.891667
0.94697
0.95
0.933333
0.908333
1.03333
0.908333
1
1.06667
6.77083
1.80833
2.27083
3.04583
1.625
0.941667
0.625
0.891667
1.02083
0.933333
0.966667
1.00833
0.941667
1.15
1.10833
1.03333
1.15
1.84483
1.78226
1.90833
1.4697
1.48106
1.61742
1.64583
1.02652
1.74583
1.90152
1.67708
1.48864
1.61667
3.65417
1.81818
3.35417
3.26136
7.54924
1.43359
2.37083
1.825
1.825
1.50379
1.6875
2.25
2.38194
2.35833
2.17803
2.50417
1.5303
2.63258
2.01736
2.9875
2.9375
4.57917
3.67803
4.54167
3.58712
2.73864
2.97727
3.0375
1.67803
1.95417
2.2125
2.54167
2.48333
1.63636
1.70139
1.975
2.34167
3.625
2.10606
1.7875
1.74621
2.57083
1.5947
1.43056
1.125
1.23397
1.4125
1.7
1.15972
2.10833
1.74167
1.53409
2.1875
1.6553
2.26389
1.87879
2.425
7.0303
2.40417
1.95
2.30833
1.67083
1.83712
2.175
3.14167
2.23264
2.89167
3.02273
2.64394
2.68182
8.43182
2.92803
3.18333
2.93939
2.70833
2.04808
2.5
2.39394
2.7125
1.90152
3
2.17917
6.4375
0.9375
1.00833
0.9375
0.8
0.9125
1.075
0.933333
0.941667
0.975
1.06667
0.933333
1.03333
1
1.06667
1.03333
1.06667
1
0.925
0.941667
0.8
0.941667
1.04167
0.640152
1.0875
0.866667
0.867424
0.966667
0.841667
0.975
1
0.895833
0.848485
0.933333
0.908333
0.875
0.975
1.05
1.31667
1.5125
1.19167
1.80682
1.9625
7.07292
2.0625
2.06439
2.025
2.04924
2.38333
1.88636
1.825
1.57576
1.66667
1.8375
1.34848
1.625
1.59167
1.61029
1.71591
1.60227
1.8875
1.4
1.18314
1.77917
1.76736
1.97083
1.41667
2.42917
2.43939
3.21875
3.1625
3.19697
7.83333
2.75
4.4125
2.48264
4.54583
2.27273
2.18182
3.23333
2.12083
2.61364
2.55682
7.08333
3.12917
2.35776
1.91554
2.97348
2.49583
2.65417
2.56818
2.06667
1.625
1.65833
1.64583
2.175
2.425
2.0303
1.75
1.45417
1.94583
1.65152
1.70833
1.51136
1.45703
1.99194
1.54167
1.85227
2.0875
2.15
2.39167
2.37083
1.57051
1.46667
1.7625
1.74167
2.50833
2.42424
3.12917
2.31548
3.24167
2.89167
2.77083
2.32955
2.88333
3.64236
4.15
3.60985
3.81818
4.06061
3.40417
3.97917
1.02652
0.961806
0.833333
0.908333
0.659091
0.875
1.03333
0.866667
0.9
1.075
0.9
1.09914
0.727941
0.8875
0.856061
0.933333
0.941667
0.941667
0.904167
1.03333
0.970833
0.933333
1
0.941667
0.966667
0.908333
0.941667
0.757576
0.941667
0.854167
0.8
1.00833
0.966667
0.866667
0.8875
1.03333
1.04167
2.30417
2.52917
2.79167
2.5625
1.91288
2.73333
3.00417
1.94318
2.80833
1.89167
1.40909
1.64931
1.84583
1.99583
1.37083
1.81667
1.56061
1.52083
1.64583
2.04167
1.81439
1.54167
7.68333
2.84583
3.45139
3.52917
3.13258
3.90909
2.17045
2.7803
2.4125
3.34167
2.56667
8.07576
2.96324
2.525
2.86806
2.68939
3.57083
2.53333
2.60985
2.42628
3.51894
2.79583
8.39773
3.17917
3.1875
3.25
2.45076
1.49583
1.56061
1.54583
1.7803
1.94167
1.30682
1.56439
1.41319
2.29167
1.42045
1.99167
1.97917
1.43333
1.85833
1.30682
1.04167
2.04583
1.54861
1.22222
0.972222
1.43561
1.59583
1.19792
2.15417
1.77652
7.99167
1.69583
3.675
2.73958
2.14931
1.88636
2.33712
1.87847
2.68939
1.92424
2.14583
2.36742
2.49167
8.09583
2.49621
2.26136
2.34167
1.94167
2.20833
2.17424
2.55303
1.85069
1.63636
2.44318
2.02083
2.22727
8.47917
2.62083
1.99653
2
2.52431
2.17014
1.42424
1.06667
0.95
0.795455
0.933333
0.866667
0.966667
0.9
0.787879
0.975
1.00833
0.916667
6.55417
0.975
0.966667
0.933333
1.04167
1.03333
0.883333
1.68939
1.1
0.8125
0.979167
0.9
0.908333
0.975
0.975
0.933333
0.666667
0.893939
0.841667
0.908333
0.9
0.933333
0.975
1.09091
0.933333
1.33333
1.51293
1.42339
1.60227
1.69167
1.56061
1.58333
1.35417
1.65833
1.28409
1.5125
1.34052
1.9879
0.913889
1.86458
8.0947
1.54924
1.49242
1.37879
0.986111
1.6375
1.26894
2.06439
1.65809
1.31597
1.42917
1.94583
2.9375
2.87917
1.9875
9.34167
2.02083
4.2125
3.19097
3.30208
2.41667
1.75758
2.04514
1.7197
1.99583
2.23106
8.20139
2.74621
3.58333
3.14394
4.01515
2.97917
3.32917
3.3125
3.4625
1.98864
3.36667
1.93939
2.675
1.6875
1.92917
1.57917
1.29545
1.14773
1.64583
1.65833
1.36742
1.7375
1.31944
1.54167
1.17361
1.42083
2.02917
8.19167
2.07955
2.09091
2.31818
2.14583
2.46212
2.21591
2.17424
2.24621
2.02273
3.25833
2.90152
2.02564
2.52652
2.63258
2.35227
2.7197
1.41667
1.66288
1.9125
1.53788
2.42803
1.85
2.37917
1.60069
2.4875
7.975
2.62083
1.99167
2.35
2.21591
1.50417
0.888393
0.976562
1.04167
0.966667
1
0.933333
0.9
1
0.975
1.06667
1.06667
1
0.901515
0.916667
0.82197
0.908333
0.941667
0.672414
0.834677
0.875
1.06667
0.908333
1.03333
0.966667
0.941667
0.966667
1.03333
1
0.9
0.966667
1
0.9
1
1
1.06667
0.941667
6.5303
2.325
2.20455
1.71528
2.16667
2.74167
2.05833
2.23106
2.49242
2.01136
2.01515
2.07917
1.42361
1.29861
7.89167
1.71591
1.80682
1.56944
1.70139
2.3625
2.02652
1.89773
2
2.5
4.83333
2.50417
2.00417
2.57083
8.18561
1.7197
2.0125
2.04167
1.72222
1.95
3.675
2.20833
3.525
3.05417
2.9125
3.66667
9.18333
3.70833
1.73485
2.38636
3.10985
2.42803
2.93939
2.62153
3.0875
2.67917
3.06439
1.07222
1.52273
1.55417
1.31667
1.62917
1.85
1.63333
1.63636
1.87121
1.50694
1.77917
1.68561
1.5125
1.5
1.44697
1.47727
7.55417
1.63636
1.9625
2.04583
1.79167
1.6
1.12121
2.2875
1.67917
1.875
2.3375
2.59167
2.26894
2.10227
2.27083
1.86218
2.375
2.25
2.68939
2.53409
2.07576
3.2375
2.47348
1.9053
2.27083
2.19318
2.57197
8.08333
1.99583
2.35417
1.62083
0.87931
0.979839
0.895833
1.03333
0.933333
1.00833
1.03333
0.9
1.03333
0.975806
0.870833
0.825758
0.9125
1.77083
2.32917
7.59091
0.984848
0.8875
1.04167
0.975
0.966667
0.9
0.966667
0.9625
1.04167
0.929167
0.814394
0.854167
0.878788
1.00833
1.04167
1
0.975
0.975
1.45417
1.72083
1.82197
1.78125
1.83333
2.41667
1.85985
2.125
1.975
1.81439
2.17803
0.995833
1.14167
1.25758
1.16667
1.65417
1.75
1.05128
1.25758
1.45076
1.8
1.85484
1.18182
1.775
1.14394
1.53788
1.39773
2.69583
3.5
2.8375
3.46667
2.71591
8.87879
4.45417
3.19318
2.2803
2.48333
2.31048
2.48864
2.36742
2.79583
2.25417
2.87121
2.17424
3.36364
3.21212
2.59848
2.17014
3.10606
2.30208
2.7875
2.80833
2.925
1.54545
1.76515
1.58712
1.46591
0.952206
3.61742
3.825
3.88258
3.19583
3.10833
2.02083
1.26894
1.7375
1.725
1.51894
1.24242
2.04924
1.25758
1.48106
1.95
1.35417
2.18561
1.75347
2.26838
3.00833
1.98485
2.40833
2.22727
2.425
8.09848
2.90417
3.00417
2.79167
2.01136
2.6625
2.575
2.03788
2.62121
1.95139
1.75694
3.2375
1.87069
2.32721
5.125
3.78788
2.03409
2.41026
3.10985
2.03788
1.90152
1.92083
1.85417
0.708333
1.14394
6.24242
0.766667
1
0.866667
0.9
1.03333
0.933333
1
1.00417
0.75
0.818182
0.941667
1
1.06667
1
1.00833
0.958333
0.966667
1
0.933333
0.966667
0.933333
1
6.55
0.945833
1.06667
0.908333
0.82197
0.933333
0.908333
1.03333
0.833333
0.8875
0.878788
1.3
1.59583
1.65833
2.34167
2.225
2.18333
1.5431
1.66544
8.57083
2.04167
1.7625
1.73485
1.57422
1.59559
1.50758
1.6625
1.94583
1.1625
2.20076
2.04167
1.3
1.15909
2.2125
2.09583
2.1625
1.39773
3.94318
2.6371
2.98106
2.18939
2.37917
1.69697
1.975
2.425
2.13636
2.60985
1.85606
2.45
2.4375
2.15
2.30833
2.21591
2.30833
2.3
2.30682
2.5947
2.7
1.86667
2.01136
3.40417
8.5625
2.74167
1.44583
1.99242
1.77652
1.62121
2.7875
1.27365
2.20417
1.54167
1.44792
1.54583
1.29741
1.01351
1.42045
1.27917
7.54167
1.64583
1.21591
1.875
1.17424
1.6681
2.00338
2.925
2.19167
1.68939
1.50806
1.8875
1.57083
2.34167
1.58333
1.55303
1.32083
1.70076
2.24621
2.12121
2.29514
2.20259
2.25403
2.20417
1.82955
2.07955
1.65833
1.90833
1.95833
3.3125
7.51136
2.73333
2.75
1.87153
2.07083
2.35764
2.12879
2.5125
2.45417
0.858333
0.979167
0.941667
1.175
0.9
0.933333
0.975
6.6625
0.833333
1.00417
0.791667
0.891667
1.06667
0.863636
0.975
0.866667
0.941667
1.06667
1
0.933333
0.9625
1
0.966667
0.933333
0.933333
0.975
0.908333
0.845833
0.825758
1.1
6.65417
0.883333
0.849138
0.597973
0.875
1.03333
0.966667
2.25
2.22917
2.09583
2.46667
2.17083
1.92917
1.84167
2.1
2.27244
1.75758
2.20833
1.97083
2.08712
1.74359
2.70833
1.675
1.74167
1.5
1.85606
2.02917
1.69583
1.58712
1.75379
3.22917
8.71591
2.95833
2.64773
3.47222
3.02917
2.89583
2.77652
2.40152
1.86742
2.725
2.88333
8.15
2.16319
2.17083
2.50417
2.0947
2.29167
2.125
3
2.86742
3.39167
4.15833
8.51894
3.14773
3.18403
2.14015
1.46591
1.60833
1.35833
1.8625
1.8625
1.35938
1.66935
1.64583
0.982639
1.61667
1.39167
1.50758
1.46212
1.31667
1.6875
1.45833
1.78788
1.62083
1.58333
1.71212
1.5125
2.04583
1.72917
1.13542
1.76136
1.55833
2.28125
2.32576
2.52273
2.40417
1.90064
2.475
2.25758
1.98077
2.49621
2.39224
2.66544
2.26042
1.84167
2.98333
7.69583
3.65152
3.27273
3.525
3.06597
1.77083
0.805556
0.916667
0.975
0.966667
0.866667
0.908333
0.975
0.895833
1.60833
8.42917
1.97727
2.8
2.575
1.8625
0.840909
1.00833
1.0125
0.891667
0.883333
1.04167
0.966667
0.9
0.966667
1.06667
0.975
0.879167
1.08333
1.02917
1.04167
0.901515
0.866667
0.916667
0.933333
0.933333
0.941667
0.941667
0.933333
0.9
1
0.975
1.00833
0.916667
0.975
0.908333
0.8625
0.704545
0.697917
0.941667
0.966667
0.933333
0.9375
7.12083
1.4625
0.982143
1.6125
1.9125
1.44318
1.675
1.47727
1.27083
1.93333
1.96667
2.36667
2.36364
3.08333
2.30682
7.91667
3.41667
2.6875
3.65833
2.2875
1.40417
1.6
2.51667
2.45455
2.32083
2.57639
2.83333
1.96528
2.25758
2.71667
3.06439
3.77917
2.89583
1.90909
2.90417
2.0947
2.41667
2.15909
2.67083
3.0375
1.69697
2.08333
3.4875
3.74242
2.73333
3.74242
3.20833
3.175
3.69167
3.375
1.80833
1.73077
1.71667
1.75833
1.93333
1.45
1.0625
1.71591
1.92083
2.70417
1.81061
1.20833
1.68056
2.94583
2.75417
1.60256
7.26136
2.28333
1.89583
1.66667
1.7197
1.85606
1.61806
2.69697
2.73864
2.3625
2.52273
2.09167
2.56818
8.32083
2.68182
2.55769
2.75379
2.39773
2.35833
2.49583
1.77431
1.82576
1.85417
2.05
1.57917
2.625
8.11667
2.62083
1.27917
0.845833
1.04167
0.908333
0.941667
1
0.966667
0.941667
1.03333
1
0.886364
0.840909
0.8875
0.95
0.908333
0.966667
0.866667
0.975
0.875
0.933333
0.909091
0.9
1.06667
0.866667
0.9625
1.075
0.908333
0.9
0.864583
1.00833
0.875
0.970833
1
0.966667
0.9
1
0.975
1.24583
1.60417
1.76894
1.9625
6.3447
1.44167
1.69318
1.18103
1.39919
2.15909
2.04545
1.61667
2.00417
1.25379
1.49167
1.875
1.6125
1.85985
1.70076
1.6
2.12917
1.60985
1.775
1.92917
1.9375
1.95833
3.77273
3.4375
2.61806
3.10985
3.34583
2.29167
8.37121
2.45
1.90972
3.79167
2.60985
2.3875
2.39167
2.72083
1.82917
2.10417
1.88636
3.5375
2.825
2.35256
2.4697
2.54583
3.40833
2.93939
2.64394
2.96591
2.39583
2.13636
1.63889
1.64015
1.37879
7.80417
1.7197
1.62879
1.44828
1.77206
1.56897
1.79435
1.53333
1.80303
1.35764
1.46212
1.8125
1.04924
1.40833
1.43939
1.27083
1.9
1.23485
1.92917
1.35606
1.76136
1.84091
1.90948
2.18952
2.96591
1.79514
1.71591
2.12879
2.1
1.74167
1.67083
7.20833
1.71212
2.09167
1.87153
1.49583
1.73214
2.30714
2.6625
2.55
2.69167
2.4
2.5
2.44167
2.19167
0.680556
0.891667
1.14167
0.833333
0.975
0.933333
0.9
0.933333
0.791667
0.933333
0.933333
0.954167
1
0.941667
0.966667
1
1.06667
1.06667
0.85
0.871212
0.956897
0.967742
0.908333
6.5875
0.9
1.03333
0.833333
0.941667
1.00833
0.820833
0.912879
0.941667
0.854167
0.756944
0.966667
0.941667
1.33333
2.175
1.58333
1.83333
1.93182
2.29924
1.10606
0.743056
0.941667
0.966667
0.966667
0.941667
1.075
0.966667
0.9
0.966667
1.475
1.0875
1.93561
2.09583
1.56061
1.67424
1.69167
1.64773
1.92917
1.77652
1.08333
1.625
1.43333
3.0875
3.65
2.8375
3
2.89583
2.66667
1.79167
2.45417
1.51389
2.5
2.93182
2.79167
3.27917
3.33333
3.41667
2.36458
2.84167
3.35985
2.96591
4.2625
8.78333
3.35606
3.90833
3.27273
3.22727
2.125
1.59914
1.90441
2.24242
1.58333
2.35345
1.54044
7.55417
1.6625
2.20833
1.50833
1.3447
2.07576
1.81597
1.30208
1.97083
1.775
1.92803
1.38333
1.82083
1.46591
2.55
1.60985
6.79924
2.01136
1.425
2.23333
2.45833
2.20455
2.48106
2.21591
2.58333
2.90909
2.6125
1.76136
2.38258
7.10227
3.69167
4.6625
4.80833
4.04924
3.95833
4.425
2.60833
2.5
2.18561
8.04545
2.39583
2.39062
2.41176
2.7375
2.9
2.06061
1.08681
0.965278
0.886364
0.975
0.933333
0.941667
0.975
0.891667
1.15
0.966667
6.73333
0.9
0.866667
0.954167
1.1
1.06667
1.03333
1.06667
0.933333
1.14167
0.8625
0.80303
0.9375
0.908333
1
0.933333
0.9375
0.757576
0.879167
0.9
0.933333
1.06667
1.06667
6.74583
0.8875
1.1625
0.854167
1.47083
1.61667
1.67083
1.2375
1.61364
1.2197
2.54167
2.51667
2.22917
1.96667
2.475
1.22569
2.12879
2.1125
1.47083
1.62917
1.70417
1.74167
1.83333
2.18333
1.75379
1.39394
1.46591
1.53333
1.60606
2.775
2.17045
2.90833
8.275
2.2875
1.71181
3.125
3.7197
3.52778
2.12179
3.43182
2.71212
3.07197
2.84167
8.07576
2.95833
3.23106
2.90064
2.46212
3.56667
1.75347
3.05
2.43333
2.5947
2.1875
7.18182
3.3875
1.28409
1.875
1.9125
1.95833
1.92083
1.38889
1.30682
1.44697
1.37917
1.6875
1.2375
1.90833
1.58333
2.38636
7.39015
2.30682
2.45833
1.94318
2.05833
2.21591
2.2375
2.24242
2.10764
1.80833
2.58333
2.21667
2.55833
8.51667
2.5875
2.65
2.6125
2.375
2.725
2.27083
1.9125
2.72348
2.56667
2.02917
2.23106
2.35227
7.82197
1.84167
2.1
1.94583
1.2803
0.995833
0.941667
0.975
1.04167
0.829167
0.883333
0.916667
1.03333
1
1.1
0.908333
1
1.06667
1.03333
1.06667
1.06667
0.757576
0.933333
0.941667
1.01667
1
0.9
0.941667
0.941667
1.02652
0.99537
0.80303
1.075
1.0375
0.845833
0.941667
1.00833
0.933333
0.975
0.933333
0.941667
1.89167
8.21667
2.09167
1.91667
1.85985
2.69167
1.61364
1.63333
1.73106
2.10606
1.40152
1.37879
1.79779
1.87083
2.24167
1.40417
1.36667
7.2875
2.07083
1.21795
1.7197
2.02917
1.8
1.7625
1.84722
3.47917
3.03788
2.62083
2.75833
2.42083
2.97414
3.07353
3.13636
2.85417
3.4053
3.14167
4.43333
4.80303
1.725
3.2375
2.88333
2.74242
2.67339
2.84583
2.48485
2.29861
2.21667
2.65833
3.06439
3.31061
2.01136
1.13258
1.37917
6.43939
1.23333
1.19697
1.08333
1.24167
1.24167
1.0947
1.15417
1.00379
1.03333
1.45833
1.7625
1.86742
1.30682
1.42917
1.63333
1.70417
1.57083
1.90417
1.19697
1.59091
1.4875
2.0625
1.8375
1.81061
2.02083
2.17083
2.94583
2.09848
2.06818
2.18333
1.89773
1.98611
8.15909
3.23864
2.7125
2.04545
2.125
2.4053
2.21875
2.04583
2.35227
1.7375
2.29167
2.10985
2.10833
2.00347
1.18534
1.52941
2.28333
2.20455
2.34028
2.90625
3.28333
2.37121
2.50758
2.49679
0.806818
0.848485
6.85833
0.833333
0.933333
0.9
0.941667
0.933333
0.975
1
0.8875
0.697917
1
0.9
0.908333
1
1.06667
1.06667
1.23333
2.69583
2.67045
0.901515
0.791667
6.16288
0.941667
0.933333
0.866667
0.9
1
1
1.06667
1.06667
1.06667
0.920833
0.966667
1.43333
1.66667
1.98333
1.9375
1.53409
1.27273
1.98333
1.7625
7.68333
1.47222
1.42708
1.5625
1.45833
2.25758
3.56667
3.49583
1.9625
1.9697
1.50417
1.2973
1.20417
1.65726
1.52083
7.26667
1.375
2.53333
2.78333
3.025
2.77652
3.15833
2.675
2.60985
2.44167
2.20455
2.36364
2.70076
2.62179
3.0303
3.10417
3.1
2.12879
2.83333
2.49621
2.16288
1.59583
2.30417
1.61667
2
1.72917
1.47727
1.69792
1.64773
2.57917
3.1
2.20833
1.525
1.6
1.81061
2.20833
1.92917
1.52273
1.34167
1.72917
1.66667
1.54167
1.64583
2.6
1.22569
2.48333
3.07083
2.49167
2.34167
2.14583
2.94167
2.05903
2.35
2.59583
7.75417
2.18939
2.25833
2.1625
2.26515
2.00347
2.55
2.15909
2.81439
1.65385
1.93403
3.47917
2.9
1.86111
2.52917
1.97348
2.12879
2.01136
2.34583
1.92917
2.02652
1.8375
1.13258
1.10227
0.870968
0.882812
0.933333
0.816667
0.875
6.82083
0.854167
0.856061
0.770833
0.806818
0.916667
0.866667
1.04167
0.966667
0.866667
0.954167
1.00833
0.875
1.03333
0.975
0.941667
0.941667
1.00833
0.875
0.8125
1
1.04167
1.025
0.681818
0.883333
0.916667
0.916667
0.975
0.866667
1.04167
1.2
1.4125
1.70833
1.5125
2.25
2.53333
2.42083
1.94318
2.9
2.22348
6.75758
2.6375
1.81818
1.76667
1.30882
1.57917
1.64338
2.0125
1.94583
1.7125
1.7
1.43333
1.74167
1.22727
1.77652
2.17308
3.27652
3.82917
2.43939
2.88636
2.04167
2.80833
2.475
2.57955
2.62917
2.85833
2.25
2.84028
2.59167
2.97348
2.12879
2.70076
2.08333
2.1553
2.95455
2.47348
2.27941
3.18939
2.35227
2.78788
2.10776
3.20968
2.47917
1.85606
1.28333
1.64167
1.51136
1.60227
1.40909
1.30208
1.76667
2.59848
2.12083
7.82197
2.27652
2.20455
2.18561
2.2625
3.02083
2.825
2.39167
2.2625
1.8
2.2
2.07576
1.9375
8.12879
1.82372
1.95076
2.24242
2.1875
2.2803
2.74583
2.52083
2.24167
1.69231
2.22115
2.27652
1.96591
8.90833
2.43561
2.35417
2.4053
2.40833
1.9625
1.61667
1.28788
0.950758
1.00833
1
0.908333
0.908333
0.908333
0.875
1
0.9
1
6.77917
0.954167
1
0.866667
0.933333
0.875
1.875
0.897727
0.604167
0.9125
1.04167
0.9
0.933333
1.03333
1.06667
0.966667
1
1
0.9875
0.805556
0.975
0.933333
6.79167
0.733333
0.975
1.3375
1.97917
1.52564
2.2625
2.24583
2.2625
1.87121
2.06061
2.1125
2.00417
1.975
2.075
1.83333
7.79924
1.72083
1.475
1.48106
1.7375
1.66667
1.625
1.68939
1.33333
2.09167
1.56667
1.42083
1.85
1.93561
1.88333
1.96795
8.61667
3.43939
2.75379
2.54167
3.02652
1.96726
3.0947
3.24583
3.30208
4.50833
9.9875
3.97917
5.39015
3.37917
2.42045
2.56597
3.7
3.28409
3.26894
9.52917
3.125
1.73958
1.34583
1.84091
1.77083
1.50417
1.90278
2.19318
1.75347
1.7875
1.54167
1.85417
1.36742
1.5625
1.47083
1.87847
1.2125
2.4625
1.25641
1.575
1.78788
1.87153
2.30833
1.81818
1.59848
2
2.57258
2.53333
2.5625
8.75833
3.01667
2.50758
1.30208
2.4625
1.82917
1.98864
1.84848
2.2875
1.96591
2.17917
2.09583
2.44318
2.27083
2.70455
3.02917
2.28333
2.23485
1.36364
2.08712
2.54545
1.87121
2.78333
2.425
2.17917
2.53409
8.57917
2.90833
1.11364
0.820833
0.82197
0.9
0.875
0.9625
1.00758
0.95
0.908333
1.03333
0.9
1.00833
1
0.933333
1.06667
1.06667
0.966667
0.933333
1
0.975
6.26515
0.916667
1.03333
0.866667
0.875
1.06667
0.9
1
0.908333
1.13333
0.904167
0.966667
0.908333
0.941667
1
0.9
1.025
1.89394
3.00833
1.64583
8.09091
2.47348
2.28409
3.32955
1.83681
2.48864
3.98864
1.76894
1.70833
1.32576
1.70833
1.4375
1.50417
1.9
7.05682
1.3375
2.10833
1.5
1.71591
1.70076
1.88889
3.18333
3.3625
3.37083
2.37847
3.5
3.14394
2.89773
3.80417
3.53333
2.32576
1.88333
2.98333
2.07917
2.05556
1.72348
2.5947
2.14015
10.1708
3.55417
2.47348
4.05
4.22348
2.73106
3.04583
3.29167
1.76736
2.22083
1.69583
2.74167
7.52917
1.17949
1.25833
1.32986
1.57917
1.53409
0.981061
1.49583
1.40909
1.48485
2.63333
2.46212
2.2803
3.20417
2.6125
7.57576
1.65385
2.59167
2.09091
2.31818
2.63258
2.41288
2.22727
2.91667
2.06818
2.60417
1.81439
1.5625
8.1375
1.16319
1.95833
1.87083
2.04167
1.70833
2.725
2.40833
1.9125
2.10833
2.54167
3.025
2.65833
0.909091
6.48106
0.925
0.8875
0.933333
1.10833
0.866667
1
0.8875
0.6875
0.975806
0.941667
0.941667
1.075
0.933333
0.870833
0.908333
0.983333
0.71875
0.916667
1.10833
1
1.06667
1.06667
6.6875
0.966667
0.866667
0.925
0.908333
0.908333
0.904167
0.856061
1.04167
1.06667
0.933333
1.00379
0.8625
1.87069
1.75
1.73485
1.96875
1.43403
2.02917
7.8625
1.92083
1.70455
1.64931
1.90909
1.90833
1.67917
1.75833
1.60985
1.77917
1.75
2.05833
1.56818
1.73106
1.84848
1.73864
7.79583
2.15417
1.79167
2.65417
2.35
2.40417
2.11806
2.60985
2.475
2.01667
3.37121
2.18561
2.4697
5.74702
3.91667
2.775
2.975
2.79583
2.86364
2.69583
2.85227
2.58333
1.33333
1.99324
2.425
7.5303
2.13636
2.11742
2.39015
1.85897
2.67803
2.32576
1.7125
1.575
1.48333
1.34583
1.82661
1.18056
1.63258
7.9875
1.63889
1.57576
1.40152
1.375
1.64773
1.47083
1.29583
2.375
1.75758
1.31818
1.7197
1.39167
1.71667
1.8625
1.58712
1.76515
8.0875
1.4875
1.43939
1.62917
1.9125
2.22917
1.7
1.90152
1.65625
1.6875
1.89015
2.42803
2.3625
2.41288
1.9625
8.21667
2.46591
2.44697
1.93182
2.59091
2.1125
2.03788
2.73485
2.2125
2.42803
0.919643
0.819079
0.908333
0.743056
0.9
0.515152
0.866667
1.04167
0.966667
0.866667
1
1
1.37083
3.07917
2.525
1.76389
0.886364
0.920455
1.01667
0.966667
1
1
0.941667
1
0.933333
0.929167
0.92803
0.866667
0.954167
1.06667
0.904167
0.939394
0.9625
0.970833
1.6
1.68333
2.075
2.05303
2.07955
2.30417
2.23333
2.5375
7.59583
1.31061
0.995833
0.935606
0.966667
1.52917
1.77917
1.45455
1.34167
1.74167
1.8375
1.30682
1.45565
1.90234
1.80833
1.5875
1.56667
1.00347
7.74167
2.375
2.58712
2.41667
2.20486
2.45833
2.14015
2.27917
2.36742
2.11667
1.60227
1.97727
2.34583
8.33712
2.73333
2.56061
2.92803
2.76136
3.03788
3.17083
1.94583
2.375
2.48485
3.2125
2.51136
2.73485
2.24621
2.57955
2.18534
1.89338
1.77917
1.36111
1.77083
2.53526
3.45139
3.65417
10.5667
5.07917
1.8447
1.75758
1.15705
1.975
1.68333
1.93952
1.6125
1.39773
1.2875
1.5875
1.90833
1.65417
1.61667
2.25417
2.12879
2.41667
2.36742
2.63636
1.93269
2.77652
2.69167
2.47917
2.45833
2.57083
2.29167
2.40909
2.1553
2.45833
2.39583
2.39015
2.69583
2.52083
1.92803
2.30556
2.19167
2.54924
2.49242
2.5625
7.62879
2.75379
2.275
2.44318
2.61667
1.79545
0.920833
1.10227
0.895833
0.808333
0.891667
0.916667
1.00833
0.966667
0.941667
0.966667
1.06667
0.966667
1.075
0.996212
1.0125
1.11667
1
0.866667
0.933333
1.03333
1
0.941667
1.03333
1.03333
0.9
1
0.966667
0.8625
0.808333
0.908333
0.933333
0.808333
0.866667
0.791667
0.875
0.916667
1.30303
1.80833
1.87917
2.27273
2.18939
1.70486
2.27083
2.50417
2.2875
1.52431
1.74359
1.67045
1.26389
1.14583
7.68333
1.68333
1.37097
1.49621
1.2803
1.65833
2.04583
1.78333
1.73333
1.85417
1.7381
2.18182
4.95833
3.7625
9.55417
3.3
4.15833
3.34167
2.63636
3.62917
3.22083
3.20417
3.98333
2.4375
9.38333
2.97727
2.14881
2.55128
2.4125
2.625
2.27652
2.54583
1.975
2.5125
1.98718
2.75379
2.26515
1.94318
2.14583
1.84375
1.67083
1.9125
1.47083
1.36742
1.28333
1.72984
1.675
1.24242
1.5819
1.48897
1.325
1.45833
2.1
7.45
1.9
2.09583
2.0375
2.23333
1.67424
1.375
1.28526
1.44167
1.39015
1.49583
2.24583
3.4875
2.26136
2.94583
6.41026
2.6375
2.42424
2.38333
2.69792
2.42917
1.90833
2.225
3.01667
2.13636
2.1
2.35417
2.70417
8.51667
2.98106
1.97917
1.49242
0.8125
0.954167
0.825758
0.966667
0.941667
0.941667
0.908333
0.933333
1.14167
0.866667
0.840909
0.891667
0.975
0.941667
0.908333
1.075
0.9
0.633333
0.866667
0.866667
0.908333
1.03333
0.933333
1.03333
0.941667
0.854167
0.969697
0.875
0.908333
0.856061
1.03333
1.1
0.966667
0.941667
1.03333
0.966667
1.5
2.15417
7.80833
2.12121
1.76515
1.70833
1.79545
1.98485
2.03409
2.10227
2.2
1.68561
1.87917
1.76136
1.925
1.57576
2.04583
8.13333
2.39167
1.99583
1.51136
1.2379
1.07197
1.19167
2.20417
2.50417
2.525
2.52917
2.75833
2.05882
2.18333
7.55682
2.42083
2.34722
2.7125
4.24167
4.28333
3.375
3.4875
4.625
3.93333
8.70833
2.43056
2.33333
3.07917
2.24242
2.2803
2.31944
2.50379
2.34091
2.18939
1.80556
1.7125
1.68056
2.1553
1.85833
2.06818
2.21875
1.73106
1.89773
2.66667
1.91667
1.39773
1.375
1.1625
1.8
1.77273
1.57083
8.0875
1.8625
1.87083
1.32197
1.8875
1.50347
1.60985
1.62083
1.92917
2.48106
1.72727
2.38636
2.3
2.34167
2.7125
7.72917
2
2.02778
2.51894
2.13636
1.98264
2.27917
1.70076
2.52823
2.96786
3.14167
2.75379
8.41288
1.4375
0.875
0.863636
1.05
0.966667
0.941667
0.95
1.375
2.225
2.3125
2.51894
2.1125
2.84583
1.70833
0.8375
0.9
0.933333
0.833333
0.933333
1.03333
1
0.9
0.933333
0.933333
0.995833
0.979167
0.875
0.883333
0.830128
0.9
0.975
0.933333
0.933333
0.908333
0.975
1.04167
0.929167
0.941667
0.975
0.908333
0.886364
0.966667
0.829167
0.941667
1.03333
0.866667
0.8875
1.06667
0.975
0.966667
0.958333
1.69583
1.54924
1.68182
1.44697
1.63333
1.59167
1.39167
1.18182
1.38258
1.60985
1.6125
1.16667
1.5
1.27083
1.69318
2.06618
1.99242
2.05682
1.74621
3.15417
2.2125
2.70417
1.67424
6.97348
1.95
1.775
2.60833
2.48958
3.27273
3.47083
3.17083
4.00758
3.48106
2.81439
2.79924
3.75758
2.51667
3.37917
3.5
3.00758
3.58333
2.7
2.29167
3.8875
2.37879
9.19167
3.10833
2.87917
2.84583
2.48485
2.43182
2.03409
1.49167
2.10985
2.36667
1.41667
2.15
1.5125
1.45417
1.61742
1.45455
2.14583
1.89236
1.93939
1.97917
2.74621
2.075
2.01389
1.97727
2.58333
2.06439
1.96875
2.10833
1.98485
1.86742
3.35833
3.30682
2.15833
1.98958
2.01894
1.375
1.875
1.37121
1.90152
1.55417
1.76894
2.47348
6.63782
2.58333
1.96181
2.7
2.1875
2.25347
2.26042
2.31439
2.19697
1.40417
1.13333
0.739583
0.941667
0.933333
1.03333
1.1
1.00758
1.06466
0.846774
0.970833
1.10833
0.966667
0.866667
1.04167
1.06667
1.04167
1.03333
1.04167
0.833333
0.895833
0.825758
1.075
1.06667
1
1.00833
0.933333
0.970833
0.983333
0.82197
0.69697
0.820833
0.875
1.03333
0.866667
0.8875
1.13333
1.88333
2.17424
2.23485
2.59583
2.02083
1.74583
1.725
2.67083
1.875
6.94097
2.31061
1.72569
1.6875
1.62083
1.44167
1.33681
0.96875
1.65278
2.13333
1.89167
1.70076
1.8375
1.4375
1.69583
2.625
2.85417
3.32639
4.1625
2.86364
3.4375
2.12153
2.01667
2.66667
3.59091
3.40625
7.61806
2.9053
3.02273
2.69583
2.75833
4.22083
2.42045
2.88333
3.0875
2.29861
2.30417
8.83333
2.04167
2.9697
2.26894
2.20455
1.88258
1.55417
2.00417
1.85227
1.60417
1.5875
2.03409
1.74583
2.01667
6.11458
1.78409
1.54924
1.58333
1.43561
1.65909
1.62083
2.175
1.58333
1.7803
1.67917
1.73333
2.02917
1.6
2.1
1.5625
2.49167
7.79545
2.24167
3.00833
1.88333
2.125
2.33333
2.41288
2.80682
2.40625
1.99653
3.49621
2.5625
7.21212
2.89167
2.26667
2.70417
2.40417
2.82917
2.01515
0.975
0.958333
1.05303
0.966667
0.908333
0.870833
0.841667
0.941667
1.06667
0.916667
1.04167
6.72083
0.933333
1.03333
1.06667
1.06667
0.966667
1
0.816667
0.8875
0.904167
0.795455
0.966667
0.966667
0.841667
0.75
0.916667
0.891667
0.916667
1
0.908333
0.866667
0.966667
0.908333
6.57917
0.941667
0.983333
1.55833
1.69583
1.64583
2.0625
1.37879
0.908333
0.875
0.825758
0.977273
0.966667
0.9
0.975
0.933333
1.03333
1.075
1.04167
1.38333
7.69583
2.06667
1.49583
1.81667
1.35985
1.79167
2.67424
1.30208
1.49242
1.625
1.30417
1.5625
2.57083
3.08681
3.15833
8.94583
2.91288
1.49621
1.5375
1.84167
2.01667
1.24632
1.5625
2.075
3.02941
2.7875
2.50379
2.60833
10
2.94583
3.3625
2.05682
2.3447
3.41667
3.06818
2.89167
2.52083
2.76667
2.77917
2.6625
2.70833
1.50833
1.60227
1.64583
1.57917
1.82917
1.71667
1.74583
1.91667
1.77652
1.70833
1.56439
2.5375
1.73485
1.31944
7.45833
2.22083
2.10417
1.60985
2.15833
2.13333
2.025
1.62917
2.40833
1.27652
2.26667
4.2625
3.22348
2.57576
8.3447
3.15909
1.79545
3.27083
2.375
1.875
2.50417
2.54167
1.89015
2.67917
1.8125
1.99167
8.02917
1.65152
2.6
2.25
2.19551
2.07955
1.98333
2.52155
1.90833
1.8871
1.97917
1.96212
2.37121
2.07143
1.63782
1.01515
0.954167
0.973485
0.958333
1.07083
0.852273
1.01282
0.983333
0.975
1
0.866667
1.03333
0.933333
0.933333
1.075
1.06667
1.03333
1.06667
1
1
6.7375
0.866667
0.975
0.85
0.933333
0.845833
0.9125
0.875
0.848485
0.975
1.14167
0.9
1.06667
1.06667
1.06667
0.804167
1.10833
1.50833
1.64167
1.38889
1.66667
1.83333
2.01136
2.2803
1.7875
1.99621
1.99167
1.71528
1.76736
1.3875
1.78906
1.86328
1.93333
1.72917
1.59583
1.55859
1.85417
8.27083
2.2625
1.7197
2.1553
1.71591
2.35811
2.4375
1.83456
2.54167
2.20417
3.15
2.64583
2.31667
8.41288
2.375
2.575
2.52652
2.98106
2.39773
2.54167
2.10417
1.96181
2.62153
3.22727
3.2125
8.52273
2.36364
3.25379
3.4
2.11806
1.98264
2.85227
1.63542
2.35
1.21591
1.93561
1.36742
1.9375
2.15972
2.12121
2.15833
2.29167
1.75
1.05208
1.65417
1.35256
1.38636
1.74242
1.82576
1.5
1.41667
1.09375
1.71667
7.73333
1.15909
1.7197
1.51515
1.99583
1.62083
2.24359
1.74107
2.31597
2.96591
2.50758
2.95417
2.63889
8.3625
2.2125
2.1625
2.7375
1.87917
2.325
2.09091
2.625
2.60606
2.04167
2.91667
2.12917
1.54167
0.787879
6.34848
0.904167
1.10417
0.941667
1.08333
0.8375
0.8875
1.075
0.966667
0.866667
1
1.04167
0.933333
1.06667
1.06667
1.04167
1.10833
0.883333
0.995833
0.975
0.804167
0.933333
1
7.05833
0.9
0.9
1
0.933333
0.866667
1.06667
0.966667
1.075
0.966667
1.1
0.929167
1.55682
1.85833
1.98264
2.8625
2.29545
2.57917
7.46181
2.7625
2.72083
2.74167
2.24242
1.64773
2
1.33654
1.67917
1.45417
1.41667
2.09583
1.675
1.64394
1.85417
6.93939
2.025
2.67083
2.56061
2.41667
2.70076
2.07292
2.01667
2.7875
2.39015
2.43182
1.78409
2.48958
7.9053
2.82576
2.06818
2.6553
2.88333
3.11742
2.88194
2.2375
3.18939
1.93056
2.98264
8.575
2.95
2.37083
2.50833
2.56061
2.42803
2.06439
2.34167
1.375
2.40152
1.9375
2.62121
6.44872
3.45417
3.05303
4.15
1.78788
1.7625
1.73214
1.53659
1.88636
1.13258
1.66667
1.97348
1.49242
1.48333
7.32576
1.9
1.39236
2.66667
2.5625
2.14773
2.89583
2.2803
2.54924
2.28472
2.25417
2.00758
2.60833
1.68333
1.93939
1.5125
1.84167
1.73485
1.19444
1.75833
1.78333
1.89583
1.49242
1.84091
1.90909
2.48864
2.06439
2.83712
7
2.1625
2.22222
2.3
2.62083
1.93333
2.51136
1.5125
1.1
1.09848
0.924242
1
1.00417
1.00417
0.8625
0.870833
0.895833
1.03333
0.606061
0.966667
0.875
0.916667
1.10833
0.933333
0.933333
1.13333
1.84167
1.70833
1.0375
1.20833
0.965909
0.908333
0.908333
1
1
0.933333
0.933333
1
1.03333
6.7875
1
1.02083
0.941667
1.33333
1.8125
1.26894
1.74167
1.70833
1.04167
1.25417
1.64167
1.5303
1.13194
1.59167
1.76667
0.842949
1.9625
2.22917
2.84091
3.08712
1.22917
1.25
1.56061
1.48958
1.9
1.6875
1.39015
1.65833
1.75
1.92083
4.12121
9.11538
3.5
2.99621
2.99621
2.94583
2.66667
2.51736
3.675
2.95076
3.875
8.05682
3.98333
3.4375
2.95833
2.525
1.96181
2.57576
2.2625
1.94697
3.02917
2.6
7.27431
3.34167
2.32917
1.86364
2.22083
1.94167
1.47348
2.18939
1.72917
1.71667
1.31061
1.65
1.56667
1.67045
1.19697
1.76667
2.2803
2.25
2.15152
2.10833
1.90909
2
2.50833
1.225
1.47917
2.1
1.94444
2.25833
2.8625
2.55417
2.4375
1.46667
2.76894
1.27083
2.82955
2.25
2.02652
1.7
1.32986
1.4625
1.69167
1.44697
1.49167
1.40833
1.575
1.31061
1.26667
1.2197
1.25379
1.82197
2.575
0.867424
0.931818
0.95
1.03333
0.866667
0.908333
0.975
1
0.966667
0.875
0.966667
1
0.933333
1.06667
1.06667
0.727273
0.870833
0.653226
1.00833
0.820833
0.941667
0.777778
0.883333
1.00417
0.933333
1
0.808333
0.966667
0.933333
1.1
1.13333
1.06667
1.06667
0.975
1.10833
0.908333
1.19167
8.18561
1.5375
2.6625
2.08333
2.07576
1.20076
1.72569
1.95833
2.04167
2.2875
1.46528
1.37121
1.45161
1.26515
2.45
1.87879
1.72727
1.58333
1.50379
2.29583
1.83712
1.83712
1.76515
2.44167
2.70833
3.77917
4.27083
10.0379
5.91288
4.26515
1.89015
1.84167
2.35985
2.5375
2.15417
2.50758
2.37879
2.98864
8.0125
2.99583
2.76136
3.05
2.38258
3.03333
2.5375
2.42083
2.19485
2.02273
2.14773
1.93015
1.55833
1.5303
1.15
1.45076
1.34583
1.29924
1.48333
1.56944
2.05682
1.79167
1.84848
1.67424
1.74653
1.91319
2.25
2.375
7.19318
2.36667
1.87153
2.17083
1.625
1.15909
1.85
1.15417
1.64583
1.73333
1.38462
1.42083
2.09167
1.2803
1.4697
1.45455
6.4053
1.44583
2.75417
2.85985
2.8125
2.43333
2.70417
2.79545
2.44697
2.39167
2.72348
1.79167
2.09583
7.92083
2.80417
1.2
1.09848
1.05833
0.840278
0.920833
0.883333
0.820833
0.933333
1
0.966667
0.941667
0.975
1.1
1.06667
1.075
1.25417
2.2625
1.4125
6.14773
0.887931
0.939516
0.9
0.975
0.966667
0.9
1
0.929167
1.075
0.966667
1
0.975
1.10833
0.941667
1
0.883333
1.17083
1.75833
1.67424
2.0375
7.80833
1.8
1.89773
1.75
2.15417
2.1553
2.20076
1.95
1.925
1.48864
2.10833
1.34028
1.6375
1.10119
1.56667
1.61667
7.04167
1.54167
1.63333
1.29924
1.37069
1.72177
2.49167
2.70833
2.1553
2.42424
2.29808
2.19583
2.48106
2.58468
2.54924
1.99324
2.54167
3.10985
2.05682
2.95
2.43333
3.24583
2.01894
2.2803
1.83712
2.25417
8.52083
2.59848
2.74167
2.43561
2.20076
2.20956
1.7375
3.64583
2.6125
2.15833
1.69583
1.63258
1.75
1.49167
1.65152
1.56667
1.46667
1.68333
1.77273
1.93939
1.80682
1.16288
1.36742
1.48333
2.05
1.9625
1.85833
1.30833
1.25417
1.77917
7.90833
1.40909
1.34583
1.45
1.82917
1.82197
1.43561
2.90741
2.85
2.9125
2.26667
2.85606
1.95417
2.2625
1.9875
7.45833
1.85227
2.52917
2.7375
2.625
1.91667
2.70833
2.66667
2.11364
2.15909
2.16667
2.07576
1.92424
1.99653
2.01136
2.375
2.7375
2.32955
1.71875
2.4875
2.26894
2.34722
1.09483
1.01613
1.06667
0.9
1.05172
0.975806
6.89583
0.908333
1.1
0.933333
0.866667
1.04167
1
1
1.13333
1.00833
0.920833
0.802083
0.966667
0.952586
0.675
0.878788
1.01515
1.025
0.870833
1.03333
0.975
0.941667
0.941667
0.515152
1
0.833333
0.933333
0.966667
0.9125
0.893939
0.908333
1.2
1.4
1.45076
1.17647
1.08712
1.4625
1.5
0.878788
1.4125
1.18333
0.902778
1.13258
0.973214
1.53409
1.3875
1.39394
1.52273
1.5625
1.68939
1.47083
1.75417
1.57576
1.19792
1.70833
1.48485
1.75
2.10833
2.03879
6.86029
4.0375
2.52778
3.41667
3.86364
2.825
2.93182
2.14236
2.90972
2.68333
2.7803
8.69097
3.90417
2.71528
2.92917
3.05417
3.59848
4.17045
3.35227
2.2625
1.93919
7.18561
1.77273
2.03409
2.08333
2.8
1.575
1.38258
1.45455
1.83333
1.725
2.00758
1.67803
1.67241
2.23387
1.17803
7.31818
1.82576
2.04167
1.86111
2.50833
2.64583
2.39773
1.88889
1.6375
1.13258
1.23828
1.28629
1.6125
1.82197
1.59848
7.95833
2.49167
2.48485
2.47083
2.45833
2.50758
2.53409
2.60764
2.36742
2.6125
2.26515
2.02083
9.00833
1.97569
2.66667
1.85764
3.32917
2.18403
3.02273
2.07917
0.954545
0.950758
1
1
0.908333
0.941667
1
0.9
7.05
0.741667
1
1
0.875
0.920833
0.893939
0.9
0.9
1
0.866667
0.9
0.975
0.933333
0.941667
0.966667
1
1.03333
1
0.9875
1.08333
0.9
0.941667
6.6875
0.883333
0.80303
0.733333
0.891667
1.4
1.875
2.35
1.88258
1.63258
2.2375
1.82955
2.68333
2.39015
1.98485
0.844697
1.15
6.77917
2.03879
1.9375
1.31667
1.89394
1.46875
1.64394
1.9
1.46591
1.425
2.1
1.56667
1.39394
1.77083
2.76515
7.1875
1.60606
2.02273
2.5125
2.825
1.59848
1.61458
2.26894
1.72083
2.87083
2.41667
2.60833
2.01736
8.4375
2.9875
2.67424
2.56667
2.31061
2.56061
2.00758
2.15417
2.90833
2.9625
3
2.17949
7.93182
3.60484
2.16288
1.41667
1.14015
1.73333
1.61742
1.52273
1.34848
1.52917
1.64394
1.39167
1.5625
1.5875
1.34848
1.78788
1.54167
1.41667
1.55303
1.24621
1.82083
1.85417
1.5625
1.3447
1.825
1.8125
1.83712
1.27083
1.37083
1.35417
1.89167
2.05303
2.33712
2.06439
1.30655
2.54583
2.6125
2.4697
2.31818
2.05303
2.65417
2.14655
2.40074
2.52917
2.62121
6.76042
1.97727
2.40417
2.425
2.77652
2.02917
2.72917
3.8625
2.52083
1.77273
3.1125
2.67424
3.0125
7.30682
2.55682
1.89773
1.42083
0.920455
1.03333
0.966667
0.9
1.04167
1.03333
0.9
0.975
0.9
0.841667
0.883333
0.85
0.933333
0.95
1.04167
0.941667
0.916667
6.72083
0.975
0.875
0.818182
0.833333
1.00833
0.975
0.975
1
0.875
0.908333
0.975
1.075
1.03333
0.9
0.904167
0.908333
0.941667
0.941667
0.933333
1.82955
0.989583
7.1125
1.32292
1.18561
1.14583
1.925
1.36667
1.66667
1.63889
1.81818
1.35227
1.81667
1.26515
1.19167
1.84583
1.18403
0.939189
1.35417
1.70833
7.14167
1.60606
1.6875
1.49167
1.55682
1.87917
1.60417
1.49621
3.89015
2.60606
3.1875
3.17917
2.40152
8.9375
4.025
3.20417
2.56667
2.92083
2.89583
2.25379
3.19583
2.39423
2.70417
2.10606
2.65417
8.00758
2.0947
1.87879
2.76136
2.75833
2.32986
2.67424
2.15833
2.04583
2.75833
2.10417
2.28333
1.70833
7.32917
1.37879
2.09848
1.57197
1.64167
1.42045
1.40278
1.48485
1.72083
1.32197
1.2803
2.17083
2.5125
2.37083
2.20833
7.41288
3.39167
2.25833
2.67083
2.46212
1.95833
2.59848
3.76894
2.67424
1.85
1.625
1.86742
1.82083
6.98864
2.25379
1.875
2.2197
2.30556
2.025
2.22348
2.40417
2.74167
2.20833
2.2125
2.36111
1.97436
6.70833
0.8875
0.660714
1.00417
1.04167
1.05
1.13636
0.80303
0.787879
0.933333
0.933333
0.866667
0.761364
0.895833
0.969697
0.8375
0.9625
1.02652
0.795455
0.933333
0.9
1.11667
0.795455
1
0.908333
1.00833
0.933333
0.866667
1
0.875
0.908333
0.916667
1.05
0.9
0.9
0.941667
1.00833
1.25
1.74167
2.1
1.66912
1.99167
1.26389
1.17045
1.08333
1.70833
1.40152
1.99167
1.95076
2.05
1.48333
1.71667
1.26136
1.59091
1.51515
1.53125
1.7375
2.11667
1.34722
7.15234
1.34295
1.68333
1.78226
1.67803
1.55417
3.88306
3.0947
3.07917
2.86667
3.89583
2.925
9.10833
3.7
2.3375
2.425
2.04583
1.43561
2.35417
1.80208
2.23485
1.63636
1.68939
1.875
2.18333
3.5303
3.60069
3.875
4.10833
3.67647
3.8
3.13333
1.83333
1.65809
2.44167
1.6375
0.949219
1.50806
1.2803
1.55833
1.44583
1.55833
1.11458
1.25758
1.32083
1.05303
1.67083
2.025
1.81818
1.02273
1.6125
1.21528
1.4125
1.175
1.89931
1.70833
1.94583
1.9875
2.16667
2.00833
2.42708
1.84028
2.30833
2.65152
2.54545
2.23718
2.51667
2.40417
8.55833
2.07197
2.48333
2.52083
2.35417
2.20417
1.67803
2.37917
1.63333
2.9875
1.93333
2.83712
1.00833
0.879167
0.674242
0.787879
1.00833
0.820833
0.8875
1.23333
2.89583
1.7875
2.375
2.86742
2.36458
2.02083
0.822917
1.0625
1.05
1
0.933333
0.941667
7.06667
0.933333
0.734848
0.982759
0.870968
0.908333
0.818182
0.841667
1.03333
1.01667
1.03333
0.9
1.93333
1.78788
2.03788
2.30682
1.93182
1.89015
1.58712
6.20833
1.03333
0.908333
0.7375
0.966667
1.0125
0.941667
1.15
1.78333
2.13362
1.75806
1.60227
1.58333
1.1369
2.44167
1.3
1.7
1.6125
7.87917
1.72083
1.93269
2.32955
2.2197
2.03819
2.82083
1.88851
2.99583
2.43939
1.34122
1.38333
1.61667
1.89236
7.65705
3.07955
3.21591
3.62121
3.18056
3.12917
2.23864
2.48106
3.54583
2.35833
8.76667
2.11859
2.92424
2.81818
3.02273
2.23264
2.39167
1.68561
1.3125
1.55833
1.65833
1.51894
1.49242
2.21667
7.23864
1.12879
1.92917
1.45833
1.575
1.62879
1.80833
1.4697
1.42045
1.70833
1.20833
1.8875
1.8447
1.95
2.09274
1.55556
1.56818
1.41667
1.7
1.57692
2.62083
2.90417
2.29924
2.525
1.70833
3.025
1.9
2.52917
2.19318
2.36364
8.5625
2.74242
1.89773
3.19167
2.02778
2.54924
3.11667
2.07917
2.675
0.784091
0.866667
1.10833
1.06667
1.06667
1.15
2.15909
2.07917
2.43182
1.65417
2
1.84848
2.7125
1.36742
0.825758
0.945833
1.08333
1.04167
0.975
0.966667
0.966667
1.04167
1.03472
6.34848
0.966667
0.866667
1.06667
0.908333
1.03333
0.866667
1
1.03333
0.80303
0.673611
0.866667
0.757576
0.933333
0.975
0.966667
0.908333
0.866667
0.9
1.03333
0.761364
0.908333
1.01667
6.65417
0.933333
0.866667
0.954167
1.80417
1.775
1.53819
1.32197
1.1681
1.28041
1.825
2.24583
1.8125
2.00379
2.425
1.75347
1.72348
1.5
1.45455
1.7125
1.48485
1.62121
1.96667
1.55303
1.35764
1.38333
1.67949
1.7803
1.43939
1.625
1.99653
2.76894
7.79167
2.80833
2.35417
2.69697
2.98333
3.625
3.35606
2.22917
2.06818
3.14583
2.56818
2.14394
2.85227
2.04167
2.60985
3.64015
3.0875
2.0947
2.27083
2.5125
3.51894
1.77652
1.84167
1.9375
3.13258
2.1125
1.88333
1.69318
1.975
1.79861
1.82083
1.74583
1.44583
1.75833
1.60227
1.36111
1.57083
1.70833
1.37083
7.67917
2.9625
2.25379
3.10985
2.59848
2.29167
2.375
2.82639
2.43182
2.84583
2.075
1.64773
1.625
7.5125
1.44583
1.8125
1.72083
1.7
1.9875
1.79167
2.06667
1.88333
1.7125
1.95455
2.025
2.39015
2.38258
2.375
8.00379
1.96212
3.2125
1.65625
3.16667
0.969697
0.804167
0.841667
0.905303
0.866667
1.04167
0.94697
0.82197
0.825758
1.06667
1.03333
0.933333
0.933333
6.62917
0.866667
0.893939
0.8875
0.975
0.841667
1
0.941667
1.03333
0.966667
1.03333
0.875
1.06667
0.941667
0.818182
0.908333
0.866667
0.966667
0.966667
0.9
1
1.04167
0.983333
1.175
1.25
1.6875
1.99167
1.5303
1.68333
1.69697
1.62083
1.94318
1.64583
1.59091
1.45
1.75833
1.58333
1.49167
1.76894
2.225
1.60985
2.0375
1.875
1.5947
1.60417
1.65909
1.53409
1.60069
1.55
1.58333
2.56944
2.67803
2.52917
2.96181
2.6553
3.34583
2.93561
3.25694
2.54924
2.59583
2.58333
1.99653
3.01894
2.78788
8.825
2.44792
2.91667
2.31439
2.4625
2.2197
2.11029
2.51515
2.31667
2.42083
2.35606
3.57197
7.475
2.38333
1.68333
1.4125
1.47083
2.16667
1.53409
1.54545
1.49242
1.87121
1.5
1.55417
1.88333
1.15086
2.09274
1.76515
7.8375
1.97727
1.7375
1.70139
1.22348
1.07197
1.6875
1.29167
2.20417
1.87083
1.37083
2.38258
2.06818
2.76667
2.24621
1.92708
2.64167
2.99583
2.17917
2.37083
2.23864
2.73864
4.73485
3.82292
3.64236
4.25
4.49242
2.7625
0.833333
0.925
1.675
2.45833
3.55833
1.77431
2.27917
2.7375
1.77778
2.02273
2.47917
6.65909
1.05682
1.06061
1.04167
0.866667
0.941667
0.9
0.9
0.916667
0.933333
1.06667
0.941667
1.03333
0.975
0.933333
1.06667
0.783333
0.9375
1.35417
2.48333
2.37917
2.14015
1.07083
0.966667
0.854167
0.933333
1.075
0.908333
0.825758
0.933333
1
0.908333
0.95
1.14167
1.10833
1.2
1.9
1.725
1.71212
1.8
1.70417
1.53409
1.75
1.61458
1.04514
1.20455
1.22727
1.04583
2.31667
2.42424
2.53017
2.08088
2.58712
1.43561
1.94167
1.66071
1.34091
1.5303
1.2875
1.68182
2.50781
2.6
3.64773
3.69583
2.55303
2.14167
3.19697
2.20486
7.6875
2.72917
2.06944
2.49621
2.8875
2.73333
2.12917
2.20486
1.28819
2.40625
1.34848
2.14583
2.92083
10.0125
3.2197
4.27917
1.79167
3.44583
3.8875
2.76515
1.70139
1.74167
1.75833
1.5375
1.69583
7.80833
1.92083
1.82917
2.02917
1.80303
1.17917
2.01667
2.21667
2.125
2.04924
2.3625
1.61806
2.24167
2.09848
2.125
8.18182
1.78125
2.08333
2.69583
2.30303
2.22917
1.97083
2.50379
1.34091
2.47917
1.70417
2.26736
1.98864
6.69792
2.08333
2.91288
1.90705
2.70417
2.27083
2.42803
2.06597
2.38333
2.64015
1.85764
1.21212
1.07955
0.85
1.11667
0.772727
0.866667
1.11667
0.966667
1.00833
0.725694
0.895833
0.84375
1
0.9
0.95
0.9
1.04167
0.908333
0.991667
0.975
0.943182
0.9
0.85
1
1.00833
1.00833
0.9
1.17045
0.795455
1.08333
0.966667
0.975
1.03333
0.941667
0.933333
1.00833
1.14167
1.40833
1.34167
1.92803
1.83333
1.45
1.675
1.4697
1.575
1.4375
1.26894
1.44167
1.825
1.4625
1.34722
1.3625
1.40909
1.9
1.6375
1.125
1.77917
1.41667
1.65152
1.60606
1.38333
1.4375
1.59167
7.49167
2.0303
1.90417
3.0875
2.52083
2.82197
2.76515
2.62083
2.24242
2.62879
2.77917
3.35417
8.34091
3.67083
3.64583
3.12917
3.12917
2.71212
2.00758
2.72083
3.29167
2.37132
3.65
8.02652
2.9375
2.95833
3.93561
2.72917
1.25758
1.30417
1.47727
1.65909
1.79167
0.982639
1.3
1.39394
1.91288
6.87121
2.1125
1.85985
1.18561
1.70833
1.60606
1.875
1.6
1.65
1.74621
2.08333
1.875
1.24265
1.54167
1.60417
2.1
1.67083
1.31061
2.08681
2.14394
2.43561
2.46212
2.60833
2.39931
2.25694
2.37917
3.81667
3.42917
2.58333
2.62879
2.73333
2.23485
2.50417
2.84167
2.31667
2.3
2.25
0.825758
0.503788
0.854167
0.866667
0.933333
0.883333
0.904167
0.883333
0.844697
0.806818
1.03333
0.966667
0.933333
1.00833
1
1.06667
1.06667
1.1
0.883333
1.16667
0.975
0.895833
0.854167
0.9
0.8625
0.977273
0.9
0.975
0.933333
0.941667
0.966667
0.625
1
0.866667
0.941667
1.1
1.14583
1.79167
2.26667
2.28472
2.34848
2.89394
2.41667
2.55556
1.95
9.18333
2.00417
1.61667
2.14583
1.70833
1.47348
1.6875
1.32576
1.59583
1.23864
1.425
1.83333
1.59028
1.57955
0.965278
3.0625
12.6208
3.45833
2.22222
2.71212
2.94318
3.15833
3.425
2.6553
2.24167
2.75
9.35
2.84167
3.33333
3.71591
3.49583
2.40909
2.19167
2.62083
1.69872
2.49167
3.25833
9.15
3.08871
3.79167
1.61667
1.78409
1.92578
1.875
1.44697
1.79167
1.88258
3.1625
3.94167
3.06439
2.57955
1.74242
1.975
1.32955
1.57083
1.66667
1.56061
1.45417
1.14773
1.37879
2.07083
1.6375
1.58333
2.12083
1.70833
9.14167
2.02564
2.5947
3.0303
1.92262
2.89015
2.45076
2.69167
2.43939
3.24242
3.19583
2.12917
3.05303
2.55417
2.7125
3.125
2.13542
2.85417
3.2375
2.04583
2.61667
2.23333
2.3125
2.10606
7.05303
2.34167
1.825
2.54583
0.829545
0.770833
0.979167
0.841667
0.966667
1
1.075
1.075
1.00833
0.941667
1
1.075
0.8625
0.875
1.08333
1.03333
0.933333
0.727273
1.70417
0.775
0.841667
0.933333
0.9
1.00833
1.00417
0.8125
0.854167
0.80303
0.933333
0.941667
1.03333
0.933333
0.966667
1.03333
1.03333
1.06667
1.0875
1.24242
7.14394
2.67424
2.33333
2.43182
2.73485
2.4697
2
3.08712
2.11667
2.04044
2.53333
1.475
1.31667
1.55682
1.33088
1.75
1.725
2.17045
1.72348
1.57955
2.36667
2.95455
3.52917
2.39224
2.59677
2.43182
2.69167
8.27083
2.69167
2.42083
2.45833
2.49583
1.69397
3.27574
2.72917
2.98333
2.34722
3.2197
2.76136
3.09091
4.04167
3.09848
3.40417
2.37121
1.35417
2.90833
2.75758
2.77917
2.05682
1.35227
1.47917
7.48333
1.19583
1.8375
1.575
1.55
1.54167
1.52717
1.09511
1.51667
2.25833
1.39931
2.01389
2.14583
2.23864
2.02273
2.18561
1.53205
2.17917
1.42917
1.88333
1.86667
1.67083
1.58333
2.36667
2.60985
2.05
1.86218
1.98276
2.83065
2.17917
6.91667
2.63636
2.47348
3.08333
2.61364
2.59583
1.9375
2.52273
2.18403
2.50417
2.69697
2.75
8.08333
0.965909
1.05833
0.916667
1.09091
1.16667
1.075
1.075
0.825
0.8875
0.995833
1.09583
0.933333
0.975
1
0.941667
0.825
0.933333
0.9
0.804167
0.908333
1.14167
1.06667
0.966667
0.8
1.00833
0.916667
0.5
0.8875
0.886364
0.8
0.908333
1
1
1.06667
0.933333
0.941667
1.3375
1.7
1.75347
2.09167
1.95417
8.12879
1.99242
1.71591
2.22348
2.27273
2.52273
1.23718
1.22083
1.85
1.48397
2.16667
2.1375
1.47348
1.85227
1.81818
1.39773
1.70833
1.83712
1.74653
3.35
4.25
2.75
3.37153
2.17045
3.28409
3.0125
9.22917
3.00694
3.6875
3.89583
2.60764
2.62847
3.96667
2.93561
3.18182
2.01667
2.325
2.01736
1.81667
2.11786
2.04545
2.02273
2.05833
2.33333
1.8447
2.5625
1.72083
1.90417
1.58712
1.71181
1.3375
7.79583
2.20076
1.64394
1.92083
1.73264
1.7803
1.84583
1.44697
1.25417
1.52652
1.59167
1.29924
1.46212
1.67803
1.64394
1.575
1.76667
1.85
1.98333
1.87083
1.50694
1.95455
2.625
2.7
2.59091
2.91667
2.35417
1.73718
2.2375
2.09028
7.02273
1.69697
2.45
2.00347
2.6125
2.44167
2.82083
2.22727
2.10227
2.24167
2.30903
2.53788
0.818182
0.954861
6.8875
0.958333
0.866667
0.920833
0.9
0.9625
0.840278
0.908333
0.966667
0.941667
0.8875
1.70833
2.85417
2.71667
0.825758
0.833333
0.929167
0.916667
0.798611
0.916667
1
0.765152
0.966667
1
1.075
1
0.933333
0.9
1.03333
0.879167
0.929167
0.965909
0.933333
1
0.966667
1
0.933333
0.933333
0.983333
0.933333
0.933333
0.983333
0.933333
6.85833
0.733333
0.941667
1.05
0.875
0.954167
0.9
1.11207
1.24324
0.969697
1.60417
1.45076
2.2625
1.89919
1.60833
1.25694
1.85
1.68939
1.38333
7.25833
1.72348
2.4125
2.00347
2.83333
2.17803
2.93333
2.18333
2.40441
2.7
2.88258
2.62121
3.5375
2.88258
2.5625
3.08333
1.72083
1.70076
2.24583
2.1
2.47348
1.875
1.94792
3.0375
2.00758
2.36667
2.08333
2.25833
1.88333
2.1
2.23485
2.48106
2.33333
1.67424
1.64931
2.32917
2
3.075
3.76136
3.77083
3.125
3.3447
1.88333
1.7875
2.1875
1.42045
1.70833
1.98333
1.6553
1.90417
1.80682
1.63636
1.57917
7.29167
1.56667
1.96667
2.08681
2.40833
2.65152
2.36364
2.10985
2.57917
1.95076
2.83333
2.125
2.49359
8.35417
2.51515
2.23485
2.26736
2.3625
1.83681
2.6125
1.8447
1.79545
2
1.61364
2.19318
2.00758
2.5875
2.35227
2.32986
2.11742
2.22685
2.10417
1.95455
2.05
1.85833
0.858333
0.8625
0.908333
1.15
1
1
0.933333
0.908333
1.03333
0.908333
0.941667
1.11667
0.9
1.0625
0.866667
0.854167
0.933333
1.06667
0.933333
0.8875
0.848485
0.765152
0.9
0.966667
0.933333
0.933333
1.03788
0.761364
1.03333
1
0.95
1.04167
6.95
0.683333
0.691667
0.875
1.30833
1.72083
1.6125
1.27273
1.32955
1.42083
1.40417
1.29779
1.13258
1.55
1.40833
1.6125
1.5947
2.95833
7.94583
1.69583
1.9053
1.75758
1.42917
1.65833
1.77917
1.57917
1.60714
1.44167
1.55833
1.77083
1.64015
1.82917
3.34167
2.3625
8.44318
3.12121
2.05682
2.52652
2.30303
3.02917
2.52917
3.09167
2.08333
3.14015
3.21667
2.64394
2.50694
2.26894
2.85417
2.07917
2.97917
2.25
3.48864
2.18561
3.7
2.80417
2.57292
3.44318
2.50417
2.05417
1.4875
1.69167
1.86364
2.54167
1.71667
1.51894
2.01894
2.04924
0.994048
2.40152
1.99621
8.075
2.76894
2.48333
2.475
2.94167
2.19318
2.62153
2.89167
2.12879
1.64167
2.2
1.83929
1.91071
7.7375
2.48333
2.33333
2.00694
2.29545
2.01389
2.53409
2.39167
2.45486
2.0947
2.29583
1.96591
2.53472
9.00833
2.9
2.23864
2.81818
0.920833
0.7625
0.791667
0.945833
0.975
0.908333
1.03333
1.13333
0.995833
0.908333
0.9
0.828704
0.784722
1
0.933333
0.734848
0.908333
1.03333
0.866667
0.975
0.966667
0.941667
1.03333
0.9
1.08333
1.00833
0.933333
0.600694
0.933333
0.895833
1
0.9
0.908333
0.883333
1.03333
0.9
0.890152
1.59583
2.01515
2.05682
1.4875
1.49167
1.94167
2.13258
1.31944
1.49583
1.12121
0.875
0.895833
0.933333
1.08333
1.45833
1.59091
1.62879
1.76667
1.82576
1.19697
1.925
1.65
1.63258
1.52917
1.69167
1.7625
1.59167
3.27083
3.55682
4.12083
3.85985
8.4053
2.89773
4.17917
2.85417
2.50758
2.81667
2.325
2.25379
2.25417
2.59797
2.61765
2.18403
2.54167
2.86667
3.16667
2.67083
2.62868
1.95076
3.9053
2.79924
2.02273
2.34848
2.79583
7.76667
1.53409
1.40909
1.50833
1.24167
1.43269
1.80682
1.38636
1.24621
1.83333
1.69097
1.73485
1.78788
1.67917
1.40278
1.49167
1.64167
6.84091
2.31061
1.3125
2.34167
1.85
2.20076
1.76515
1.76136
1.78409
2.125
3.09583
2.95455
2.84167
2.375
2.59848
2.7875
2.625
2.23106
2.43333
1.73864
2.25
2.15948
2.13514
2.6125
2.29167
2.47917
9.03333
2.44167
2.44167
2.69167
3.1625
3.55417
1.81818
3.125
2.43561
2.7875
2.27273
2.59848
2.05
0.920455
0.816667
0.879167
1.00833
1
0.966667
0.933333
0.841667
1
1.06667
1
0.933333
0.933333
0.933333
1.00833
1.075
0.95
1.00833
0.866667
0.875
0.815972
0.852273
0.757576
0.69697
0.866667
0.954167
1.03333
1
1.06667
0.933333
0.866667
0.941667
0.886364
0.933333
0.933333
1.00833
1.10833
1.40833
2.02083
1.97083
1.55417
1.41288
1.25833
6.84091
1.67045
1.36742
1.30655
1.74167
2
1.9375
1.28409
1.25
1.9
2.44583
2.33333
1.52273
1.8375
1.675
1.7625
7.16667
1.48333
1.56818
2.11667
2.17045
3.025
3.04167
3.17917
2.87121
3.05682
2.63333
3.24242
1.60069
7.84091
3.47083
3.02273
3.65
2.89167
3.0875
3.22727
2.36364
2.65625
3.18182
8.375
3.77083
3.78333
3.19318
3.29583
3.45417
2.52917
1.71667
1.69583
1.13971
1.51667
1.54545
1.59167
2.0875
1.47727
1.675
1.4875
1.6875
1.39583
1.5
2.04583
2.79583
2.34091
1.75833
2.11364
2.07576
2.55417
2.23958
7.90833
2.31667
2.3375
2.25758
1.98485
3.2
2.36364
2.21667
2.17424
2.16667
1.96591
3.02273
2.26515
