1.16116
1.55298
1.11848
3.27405
0.793939
1.70833
0.852518
0.815287
1.40529
1.21212
1.20717
1.56422
1.8693
2.65233
3.68726
3.35092
0.538462
3.27873
2.28995
6.63333
4.96943
1.83065
4.42475
5.52564
5.44595
11.6471
0.185434
0.890533
1.3871
0.890966
1.39764
1.16443
1.0692
1.45148
1.29562
1.02951
1.26241
1.21071
3.24893
6.43825
10.5175
2.55253
2.38788
3.80142
1.81481
0.906716
0.622419
0.700965
0.675585
0.915541
1.04032
0.951613
0.968641
1.53704
1.27236
0.236801
1.45833
1.17391
1.01527
1.30769
0.965986
4.26471
5.44856
4.41176
1.60569
3.76336
4.83516
0.731642
2.70799
4.0625
1.68
3.65823
2.88327
38.5554
1.03533
1.13986
1.17082
1.39754
1.46479
1.25
1.60268
1.10448
1.36179
1.46154
1.41837
5.50649
2.50676
3.50204
4.77181
4.72857
4.30841
2.58824
1.9965
2.66383
3.53419
1.26642
1.07435
0.190937
1.04386
0.725753
1.0303
1.12593
1.11027
1.47032
1.47807
1.54128
1.58716
1.46789
1.40351
1.4386
1.26695
4.27835
6.83784
1.11224
2.7874
2.30142
2.8459
50.4421
16.3577
2.02794
14.9081
17.8701
12.067
12.08
7.53143
11.5882
13.5459
17.8091
10.7088
11.8319
10.6353
20.8732
1.07356
2.11667
6.42712
1.82178
1.95238
1.22867
1.24242
1.11599
1.5119
1.61157
1.16976
5.42435
8.57664
5.18605
7.34247
1.37701
1.44643
2.1063
3.65203
0.692748
1.5
1.37121
1.26224
1.37818
1.11111
1.43206
1.59211
1.87008
7.26984
1.56164
1.5
1.07718
0.871324
0.93007
0.983607
1.01527
1.41667
0.792453
0.930909
1.12281
1.04918
1.15789
1.24771
1.2844
1.21101
1.15254
1.10092
0.892308
1.26119
7.71053
1.15242
1.12
1.2517
1.65138
1.47706
1.51639
1.58716
1.69725
1.69725
1.65138
1.68807
1.65138
4.69266
1.44876
2.03947
6.66558
2.5754
2.46821
2.54519
1.65
1.61321
2.27839
1.22531
2.01562
1.25
0.959707
0.959184
1.12409
1.39273
5.575
0.899721
1.6378
1.32862
1.27541
1.12025
4.67829
8.13699
3.80969
2.66102
4.45701
10.8453
1.26904
0.963455
1.34071
1.05556
1.09524
1.16942
0.92511
1.0229
0.854015
0.933099
1.20179
1.14953
0.802632
0.794224
1.06439
0.890295
1.07634
2.65254
8.216
2.54717
4.4875
5.10596
6.83415
4.50741
1.16864
1.82545
2.06573
1.25926
7.02952
2.32995
1.41696
2.42105
1.97321
1.652
2.07373
2.21127
5.41176
2.99242
2.01613
2.37892
3.173
8.40702
5.64683
3.38202
1.0427
1.47036
1.24444
1.01587
1.25979
1.59633
1.34375
1.01079
1.71946
1.47541
1.13821
1.05435
7.60965
4.62406
3.33184
2.29455
3.36029
3.39419
3.63636
3.03213
2.66667
2.09312
1.18984
7.07116
2.01515
2.15655
1.29268
1.73391
1.70168
1.46154
1.84375
2.57534
3.967
1.46579
2.11149
1.63158
1.3321
0.164596
1.01623
2.93007
1.32975
1.0315
1.21681
4.62724
8.3434
8.91379
23.5942
2.21525
1.53755
0.93007
0.993007
1.95161
1.64583
1.76271
1.35593
1.43119
1.80734
1.43119
1.46789
1.99083
5.37615
0.672619
1.0119
1.44898
1.2193
1.17264
1.07006
1.9633
1.65385
1.13311
1.18443
1.68889
41.6311
1.63223
1.53696
1.05776
1.39041
1.5069
0.928349
0.987097
1.3
1.18382
7.37652
1.42586
1.41275
1.31522
1.48846
27.45
0.504098
27.1773
21.6324
17.2135
2.15262
2.32048
4.68511
3.22063
3.33837
0.511218
4.9738
4.9697
3.27381
2.23247
4.22353
3.88018
6.6371
2.25547
1.69258
0.263393
1.18056
1.4026
1.18033
1.23462
1.31313
1.41577
1.12329
1.20598
1.63281
1.18644
1.80263
35.6558
2.56098
1.11111
1.35385
1.61712
1.17857
1.39831
1.11567
1.07581
1.4685
6.60317
0.933333
0.934932
1.32692
0.991228
2.35294
3.05195
3.32
2.16216
1.90107
2.5614
3.17054
11.7695
1.42507
12.3364
8.93583
5.31405
11.6336
12.4118
2.11953
10.5464
6.29819
6.94937
6.08791
1.51
19.8182
15.4244
1.55793
1.53782
6.01299
1.71533
1.22727
1.10149
0.915441
1.36749
1.46014
1.29661
1.5098
7.98246
3.30412
3.26374
3.17308
6.20107
3.28571
2.26515
2.27244
2.03404
7.13445
6.29545
13.1512
4.83824
2.13274
0.8
0.95122
1.17431
0.839416
0.963855
1.34375
1.08898
0.75
0.802768
0.749175
1.00398
0.938628
0.730216
0.777778
1.0614
1.68033
8.79259
32.9962
0.436641
7.15709
2.92544
0.725212
1.16216
1.63596
2.37321
2.45312
3.95175
3.27982
2.05474
3.70764
6.99548
11.8674
9.16585
5.13262
1.63672
1.19122
1.06325
1.27642
1.3569
1.96396
1.62021
1.90637
0.291149
1.49462
8.45982
5.91304
2.70943
3.24497
4.41727
3.88372
2.68519
0.974194
5.65085
6.82927
13.3248
32.8736
15.1366
23.0169
7.57353
7.3561
1.35852
6.9144
0.961268
0.827839
0.911032
0.906475
1.18852
1.3114
1.26168
1.54206
1.28704
1.4375
0.98556
1.39831
1.18095
1.16071
2.28968
2.12676
1.86833
2.40864
1.73333
1.54072
2.3125
1.73003
5.37864
7.27734
2.0381
2.29167
1.56818
1.92135
1.74089
1.55185
2.1147
1.69963
1.64231
1.43243
1.02878
1.92391
4.85477
8.16382
6.44538
2.00295
3.94009
8.65591
4.34211
2.89552
3.88841
7.57255
2.28571
1.93539
1.80797
4.85304
5.97778
5.45778
5.21429
3.20532
8.17578
1.88079
2.97899
2.39035
5.73361
10.4211
44.9531
7.11151
13.6748
10.8315
2.03169
1.93725
7.33992
6.15827
9.2249
16.7522
1.22589
3.80814
1.87826
1.27225
1.82677
2.62979
1.93893
2.05158
4.085
2.66765
1.21205
4.10409
3.62887
3.90672
3.70385
36.895
1.41667
2.05687
1.96407
3.24534
2.05363
3.48125
2.66286
8.08027
0.751142
1.28846
4.19608
3.39326
2.50965
1.83758
2.31148
1.68182
2.49643
12.3878
2.49502
2.42584
1.80822
1.44689
2.63287
2.26
3.75197
2.06512
2.04167
1.05914
11.9231
41.4162
2.24615
2.21993
2.12581
4.65306
3.03509
42.4877
1.64074
2.6681
54.6044
1.16667
1.55692
1.21719
0.764012
2.31833
2.24125
2.76829
1.96678
1.42045
4.34921
12.3953
4.11438
4.35616
7.23137
5.41918
10.6232
3.80134
8.61409
3.01412
9.85616
0.876243
1.94231
2.59298
2.47407
3.08911
2.99331
9.83117
52.9939
8.62595
4.76984
6.33178
2.67429
2.28517
2.93182
2.30272
3.1831
1.55823
2.08036
1.75601
1.4811
0.9
1.45556
1.225
1.98113
1.88636
3.10132
8.46131
3.51572
1.70039
0.44246
3.26838
3.335
4.54419
3.48519
37.3427
15.2512
97.0619
0.299603
4.05109
1.40729
1.16164
2.35827
1.91343
1.97357
2.62963
0.857708
0.963768
1.19469
0.702941
0.825175
3.44828
6.78779
2.53988
3.35417
4.0942
10.1786
0.721831
0.971831
1.06667
0.830769
0.912548
1.11441
0.763158
0.893443
0.153727
0.794479
0.87218
0.852459
2.67164
1.21965
0.722798
4.82192
0.452555
0.928
1.89919
1.25632
0.560538
1.02888
3.29572
0.170233
1.41554
1.8996
43.3364
15.568
4.27763
7.97417
5.10497
7.87342
9.89394
0.784153
1.52439
1.42254
2.30224
2.05017
2.10067
6.08935
30.4224
5.25694
2.30651
7.9313
14.4701
3.98387
7.44322
1.18952
0.775244
1.13603
1.31304
1.33597
1.36614
1.46058
1.38028
1.48624
0.911661
1.3913
1.62712
1.79817
1.90826
2.11927
1.43682
1.23239
6.78138
1.95333
2.41781
3.32301
2.9102
2.37329
3.19184
3.81783
28.9023
17.9143
1.10714
0.976
0.760148
0.876289
1.06695
1.25561
1.19091
1.1617
5.44884
1.07778
1.0515
1.09924
3
2.63704
16.6612
1.40068
0.32209
2.06667
20.7034
2.71179
0.967638
1.04082
1.78689
1.09541
0.36942
0.933131
1.39683
1.2807
0.889764
1.09699
1.34127
1.13596
1.21481
1.30045
1.39544
1.01271
1.24715
1.28517
1.71101
1.20077
1.11628
0.829352
1.01527
6.3209
1.32937
1.28692
1.39231
1.44939
1.43049
4.11066
3.79184
2.02715
0.777049
0.859107
0.833333
0.916031
0.855596
0.915751
1.17521
0.794677
0.93007
7.27948
11.192
13.2788
13.5
1.91364
3.33036
0.967611
0.183673
0.942424
2.00965
1.54545
2.49064
2.33929
1.30108
1.69672
1.94468
9.8265
1.05828
7.19087
0.872611
1.09859
1.12329
1.13415
1.25856
1.35918
1.26619
10.2946
1.18692
1.81325
0.774648
0.825342
0.828571
0.986607
1.13502
5.63793
0.929936
1.14352
0.932271
2.09286
11.9121
22.9323
2.30455
1.89851
2.63672
1.18429
1.99405
2.3633
2.05102
2.61905
0.715517
1.7605
1.70387
13.1744
6.7446
22.7771
0.923729
0.990385
0.969697
1.05385
0.97786
1.75794
21.3176
5.13333
1.77429
2.11462
1.0369
0.820144
1.2314
1.14762
1.29185
0.954918
0.605
1.24
0.870748
0.9
0.901639
0.952381
1
0.82963
1.23729
0.213571
0.949791
0.811189
0.947154
1.11923
6.34884
0.47449
1.14286
1.22222
2.60806
1.39286
1.00427
0.777778
0.745223
1.0386
1.46018
0.973684
0.169005
1.30272
1.24895
1.93249
1.35472
1.10036
1.44318
1.32959
1.92823
96.7692
0.4427
1.20565
1.2996
0.605769
1.37826
1.176
1.2
0.762082
0.173137
0.877483
0.992308
0.84127
0.916031
1.04478
13.5159
2.66265
1.7377
2.32512
2.01376
1.752
1.16082
5.99322
2.02427
4.91772
3.17279
2.34082
4.28814
3.17016
5.62085
5.16544
8.23009
0.999234
0.655932
1.96119
1.07282
2.17193
1.24242
1.02206
1.31673
1.65217
1.29851
1.92991
2.30769
1.44286
5.68471
1.42616
1.67483
3.55714
2.78
2.79771
2.33962
3.60452
1.84351
1.98644
2.30522
1.54375
2.51439
1.80597
0.193878
1.43359
0.961415
1.19368
1.47879
2.81193
2.12132
1.40672
0.94403
0.740299
0.912698
0.897119
0.988048
0.831276
18.0685
16.8029
6.89954
3.40125
6.05091
7.52399
2.75177
2.07721
2.36996
1.93305
1.08621
1.56944
0.89441
1.13603
1.10394
1.30081
1.61017
1.20661
69.9754
16.9425
14.1438
2.04096
6.56439
18.9495
115.448
3.49765
7.83099
3.95486
3.40214
2.75794
8.31429
0.470026
3.44403
2.64189
3.24167
49.8844
1.5625
1.47899
1.0979
1.3037
1.26493
25.3297
0.93985
0.767677
1.836
1.7191
1.32036
1.96129
0.868421
0.33532
0.362543
0.888889
0.78125
0.815436
0.902027
1.52273
0.781481
0.631737
6.96565
4.51792
57.985
22.6
8.8642
5.05556
13.2262
35.6368
10.4602
4.56641
4.58873
12.2078
1.99784
2.9759
2.4129
2.90291
2.47222
1.71898
1.41806
1.55109
1.32258
2.58238
2.22433
2.61011
0.658279
24.2124
69.1864
1.68732
2.52465
2.85532
13.4237
15.2863
1.35135
1.14943
0.881944
0.776667
0.772059
0.928571
1.07724
5.96804
6.76344
26.9241
3.75773
3.03187
7.62069
2.69818
30.8559
3.71223
4
3.84354
3.97273
7.7619
5.62692
2.40226
1.44304
1.03448
9.82222
9.73801
13.6747
32.1401
9.53769
2.02655
1.26923
1.46269
1.47191
1.22909
1.36134
1.93127
4.6215
4.00651
2.84969
2.58099
2.48505
0.596429
2.08904
1.86957
1.44595
2.15344
1.04823
0.826816
1.35115
1.25874
1.16667
1.60526
1.65929
1.95686
1.6625
1.65086
1.19205
12.4574
3.09901
1.9434
3.02703
3.08
4.24255
3.4876
4.55046
9.30769
10.106
1.2427
1.54825
0.328231
1.31383
1.5
47.491
2.19277
2.95331
3.25463
2.24345
75.4278
27.3883
10.3281
7.48872
3.19269
3.13483
3.23984
4.72951
10.2741
4.16794
14.2163
38
11.4099
0.997826
1.56654
1.78067
2.2549
4.53311
17.4153
15.3973
4.18478
3.31621
5.24747
10.1086
1.1327
0.815642
1.0885
0.72973
0.824427
0.850394
0.95082
0.948148
1.17431
45.4312
0.754579
0.394102
1.04362
1.40284
0.876812
0.662698
0.963504
1.04528
1.04825
1.31441
1.09449
0.967638
3.0303
1.35135
1.07634
2.28049
11.5179
4.98819
3.65484
1.89888
1.65169
1.73664
2.14567
1.26333
1.20323
25.0088
13.2057
21.2831
1.83544
8.02075
0.937705
1.35535
1.53532
1.53719
33.186
3.48571
3.32819
2.66792
9.93046
61.676
40.2733
3.7231
35.4656
18.5122
6.25632
2.19792
6.18824
2.60092
1.36598
0.823741
1.21659
0.929104
1.90659
0.818533
0.876812
0.871901
3.0361
10.9381
8.66406
14.1353
23.5216
1.4073
2.97233
3.01145
3.25794
10.5158
53.5444
24.9306
6.66
1.09831
1.02239
0.984227
1.5082
9
13.977
2.11842
1.87967
1.69388
6.76429
2.13061
2.52143
2.44444
1.98305
2.26115
1.45627
1.60364
2.16258
2.71749
1.36548
22.0351
29.7051
10.1217
2.875
1.77652
1.36242
1.25714
1.83146
1.41379
1.27442
0.959322
1.36364
2.09328
7.58301
3.14211
2.125
13.0218
24.4961
40.7049
95.9613
60.8681
5.6
0.731302
0.186813
0.925926
1.07463
1.15
107.658
150.874
35.0619
28.0946
63.4456
1.99083
3.95205
3.73829
0.623265
3.02062
3.27481
2.13333
1.73355
5.47619
47.3827
3.71111
3.64184
35.5735
1.39198
1.15748
3.59375
1.96809
2.81677
0.774716
1.35632
1.22118
2.32446
13.4378
9.55897
4.04598
8.48117
2.66942
2.395
1.812
2.36402
2.04464
2.26126
1.64567
2.06207
5.12081
4.29185
1.63598
1.37795
5.83274
0.8
0.825397
1.21429
1.25424
1.24771
1.07619
1.20217
20.404
3.41395
2.36162
2.02048
0.688492
15.8769
13.6919
2.51716
31.877
6.0069
2.95122
2.9939
2.85333
1.46429
34.3155
5.55495
0.538215
4.11881
2.43165
1.88312
15.6989
10.1479
14.6951
5.31718
6.23043
42.7747
7.56716
3.11947
4.24437
3.8949
5.46183
27.9898
9.35909
0.829193
0.959732
1.20362
0.772388
0.301587
1.15584
0.984733
1.18959
1.21681
1.26383
55.4677
13.987
4.27147
3.61024
0.707733
29.4207
6.09211
0.52048
3.52743
3.56356
2.96169
2.15723
3.22261
3.68864
2.80655
18.3464
2.34767
2.70504
35.0755
7.75389
7.97884
3.06209
8.15593
37.8833
21.7368
5.77922
4.39648
2.32055
11.3287
17.9301
33.5301
1.63557
2.30457
2.28904
1.74552
2.91473
2.42248
17.2761
34.4798
5.01994
23.9012
0.670757
1.63534
1.0073
1.17603
2.0904
1.46667
1.15261
1.59917
14.1878
8.18265
1.36585
1.1746
1.33051
0.867647
1.29358
1.15714
1.40171
1.39768
0.971429
3.72222
8.05556
11.5363
2.62425
14.9622
13.4314
5.88846
0.832418
6.99061
3.5461
0.794643
1
1.16602
1.32075
1.625
1.25882
1.61441
1.65447
2.08984
2.08993
5.82903
1.2993
1.26421
0.957929
0.970696
2.13704
2.65025
2.62921
3.01732
2.79923
4.37743
4.31418
3.38596
15.4958
5.46259
0.841969
1.41935
2.67133
1.18125
1.5678
2.20183
1.65138
1.40367
1.91284
1.80479
1.51299
4.04663
15.2
9.15854
13.4058
6.15769
2.6705
2.65556
1.9802
2.09266
1.60996
1.79061
2.19737
1.43443
1.99065
0.347321
9.1087
0.717087
0.885057
1.04333
0.805195
0.982456
1.17717
0.827586
0.913934
0.885813
1.11009
0.902985
1.01327
1.11111
1.20175
0.109788
2.49342
3.32919
3.19048
3.71956
2.11111
2.47284
1.46643
2.11261
1.84758
14.4265
15.1481
5.31797
4.43262
5.31834
11.8884
5.87255
15.052
16.6218
9.85039
2.2225
0.873529
1.4589
1.58993
1.68636
0.707483
1.55363
1.55508
2.63941
11.786
1.14829
0.266484
0.797468
1.15226
1.29661
1.35338
1.25784
1.34643
0.967105
1.5625
2.41699
3.45333
5.82353
26.0929
1.19048
1.21399
0.783784
0.768657
1.50455
1.45923
1.45973
1.0113
1.81579
1.30627
1.24382
1.31884
1.18702
6.63534
1.16319
1.81132
1.50649
1.34091
4.49621
5.17794
5.42268
4.95057
14.871
3.61217
8.09868
3.09907
3.61811
16.7902
3.24301
0.883152
1.32781
1.51639
0.659259
0.814685
0.829268
1.08772
0.805755
0.944882
0.949153
0.868217
0.914062
6.89316
0.811189
0.852459
1.05932
1.932
4.09964
14.1532
10.6846
1.27935
0.186392
0.842105
0.748299
2.03358
1.64684
1.49524
1.93893
1.83394
2.07725
1.88168
1.83274
9.393
1.7079
0.185706
0.793413
1.17037
1.42069
1.95745
1.16102
1.76147
2.27523
2.34862
1.15138
0.930769
1.02778
0.964789
33.6825
6.8871
5.09633
6.12446
4.6
9.81685
32.8856
6.91188
6.83588
2.56966
10.1815
1.01887
1.55385
1.19811
1.083
0.225649
1.17785
1.1502
1.1875
1.0035
1.16525
1.37719
9.26639
1.78261
0.872483
3.29851
3.73401
1.68167
0.199507
0.994118
1.26829
4.97101
1.75758
4.73304
5.35714
12.0941
10.4385
29.4764
7.85235
1.73518
1.68836
1.78125
1.6194
1.41748
1.30031
1.67181
1.9381
1.50192
2.64234
1.79705
5.13109
15.396
10.0968
8.90496
30.5875
2.62338
1.3
5.30952
11.3357
21.5138
3.56154
4.09722
1.144
1.17209
0.844444
0.885496
0.942029
0.792115
0.844595
0.95203
1.00439
1.18533
1.05508
5.01558
0.826389
1.17105
4.14103
2.85357
3.33223
4.36331
3.63158
3.19776
6.23967
11.5358
4.96516
8.12162
3.74007
4.63265
4.43902
1.53586
1.28846
1.23932
0.243132
1.33333
1.15254
0.745875
0.944853
0.923729
0.982578
1.15351
1.19574
1.19915
0.792373
0.94902
1.0073
0.908714
31.9317
0.992481
0.841727
0.846715
11.9125
19.8156
2.52802
16.3267
24.6882
39.9663
63.0192
63.0469
2.48529
1.63524
2.7
1.6881
3.07554
8.54622
2.38757
1.36585
1.33051
1.30435
2.07508
2.92883
3.26894
2.63103
2.6626
2.75829
2.70849
7.01087
69.1214
155.437
2.37186
1.46535
1.38014
3.59862
1.03968
1.03803
1.34985
1.68715
1.6125
2.76115
2.24027
0.59542
0.852459
1.06349
0.792793
0.987288
0.909091
0.928571
0.910569
0.942966
1.05263
1.09483
5.26126
47.6468
2.57471
14.8931
26.7637
73.8417
12.8211
59.3024
1.11184
0.97561
1.23077
1.55752
1.69725
1.3945
6.45185
0.978873
1.1
1.13333
1.01083
1.0411
4.93525
6.51136
9.39608
19.4439
11.4409
9.01706
83.6316
2.78968
3.17647
4.22273
0.840179
3.0515
2.22363
7.91129
2.95985
5.69136
2.4471
2.07459
2.72052
14.2679
9.17209
3.82456
3.60547
2.53462
2.7439
3.15686
3.37722
3.02941
6.37864
1.46522
1.12112
1.46269
1.50459
1.23741
1.21481
1.31343
1.39683
1.18382
1.27536
1.39683
1.21538
9.85036
15.5753
6.2963
25.1026
9.72093
24.9097
2.57091
3.28102
3.05752
3.40945
3.27092
2.02795
3.49804
4.29339
7.93728
3.73543
5.41333
2.80392
3.75877
2.78378
2.91803
3.45703
2.05735
2.62174
2.70558
2.36264
0.240137
1.9322
1.91213
2.03879
1.59574
1.45495
1.76923
1.49083
1.47191
1.57394
1.80201
1.58621
1.83026
3.94118
9.05505
9.7375
1.61747
1.94068
11.8162
0.543379
1.44017
0.718354
1.20769
1.17273
1.29091
1.41237
1.26147
7.66518
0.902256
1.0155
0.976096
0.739938
0.703072
8.41243
33.2308
62.6463
22.1779
9.47054
41.8125
33.9882
1.61232
1.83898
1.60976
1.18121
1.24638
1.47601
1.45
1.0303
1.33704
1.47951
1.71186
2.4213
4.65587
8.5283
4.4
3.21014
3.65714
3.72593
10.1325
37.6622
0.510101
0.921136
0.964602
0.752613
1.02542
0.923729
1.24138
0.995327
0.953125
1.24554
0.80916
0.701863
0.763359
0.183036
0.695793
1.54676
9.7591
63.4772
54.9922
4.87361
3.91837
10.4913
1.63203
3.41206
4.00353
5.63241
3.31183
3.87603
3.00369
75.7786
50.712
11.827
81.3022
15.1238
77.0222
48.5856
14.7768
26.7345
15.5273
53.0942
13.1031
9.66116
112.231
3.21026
2.19463
3.2623
2.27076
6.15287
4.6982
2.58519
3.67407
36.1277
3.92609
0.92029
0.759146
0.744828
0.916031
0.818182
0.916031
1.08772
1.14754
1.24771
1.50459
1.2844
1.32627
1.43119
1.43119
1.21101
9.89908
3.19355
2.03904
3.37455
9.42857
2.50187
3.85446
5.78313
213.838
5.92632
0.32267
0.833333
0.928571
0.991525
1.01575
1.18349
1.17431
1.17431
1.17431
1.17431
1.06422
0.919355
1.02479
6.75847
0.693333
0.809701
68.3308
30.3825
39.7143
40.9851
21.4189
55.1857
58.1608
1.85769
1.66369
1.4416
2.61207
2.80569
1.44156
6.97682
3.58294
2.18612
2.49798
2.13483
3.44061
2.3
1.5
2.83117
2.7027
2.82353
2.4375
6.58154
24.22
3.31765
0.519345
3.8937
5.71429
4.59238
3.55691
1.47292
0.654545
1.09016
1.37815
1.27982
1.5545
1.10435
0.369048
0.661765
0.950725
1.26339
1.36444
0.958042
1.80313
129.396
11.7316
6.47343
5.41748
3.34
5
4.93462
6.22939
3.53642
7.41124
8.57212
62.8032
19.5101
5.5076
6.89769
7.39216
12.0415
33.1172
6.62121
6.56809
14.5652
42.4957
1.83665
0.605624
2.24444
1.28448
1.40551
3.50417
1.23913
2.97315
2.94444
2.96486
26.1364
12.9808
6.43644
5.48387
3.19749
4.69718
3.39925
2.0836
7.72876
5.24648
56.6109
98.3677
3.87066
4.37611
4.96694
9.11806
3.59596
4.12057
1.67816
0.649007
0.732877
1.05
0.903226
0.847328
0.958678
1.11475
1.11864
0.983051
1.08772
1.08475
1.17431
1.17431
1.17431
1.17431
0.137566
4.48881
3.89308
11.8278
6.81463
6.16541
3.40426
1.91584
0.278274
0.983498
1.35081
1.36981
1.42692
1.74359
1.21633
1.20438
2.0443
0.886154
1.17905
1.1303
8.68103
5.03876
1.08857
10.4045
10.0567
8.6044
0.478346
0.87372
0.169218
0.795031
1.08679
1.09346
0.872263
0.941176
1.02155
0.705686
1.23109
1.75
1.07364
2.06742
3.49515
4.84615
7.43617
0.233696
5.80357
7.12027
6.97833
6.77395
22.5759
25.6757
4.10284
5.33209
10.7553
9.08725
8.52222
5.02294
6.71849
2.88889
5.16129
7.23427
3.52206
2.93636
3.39636
2.83206
3.43651
3.13136
2.90909
3.00405
11.0388
1.69362
8.88123
11.2612
12.7532
5.37209
10.5343
26.7511
9.88889
5.29452
3.28507
2.12619
0.943128
1.1306
0.962121
0.964706
8.18349
2.21471
0.57398
1
1.92784
1.58203
115.614
1.10545
1.18263
0.487782
1.20988
1.02158
1.23016
1.26829
1.16667
2.1417
1.88182
1.40798
28.0044
28.8919
47.2286
1.46667
1.3705
1.22388
1.50794
1.29032
1.26271
1.23134
1.57798
1.83486
2.17431
1.65138
1.3578
2.34862
33.1865
34.7692
33.2443
32.7277
45.0639
30.9581
27.2009
2.10152
0.722222
0.962687
0.858209
1.05109
1.13636
0.832061
1.0625
1.06911
1.25806
0.87218
0.892193
1.163
1.20536
0.282738
0.813187
3.27148
1.19865
1.41154
1.12177
1.20863
1.32203
1.29021
1.21481
1.35385
1.49541
1.57798
1.3578
1.13768
1.68846
10.5568
2.72453
2.70992
3.376
4.25191
4.25194
2.9084
31.6355
3.13548
2.4689
1.05919
1.26974
1.14103
0.911111
1.21429
1.04305
1.21073
0.48852
0.819231
1.11864
1.12054
1.03285
0.912698
2.64286
4.70325
3.85127
4.25
3.47479
2.73925
1.11942
1.14685
1.03896
0.672355
0.852113
0.863158
1.29302
1.25
1.11111
1.25316
1.44538
1.24771
1.22566
0.782772
0.946565
1.13258
1.23904
33.5821
0.597668
1.2126
2.01705
0.809061
0.833333
0.970149
0.630137
1.29268
6.07473
1.25
0.944664
0.9
1.90052
0.989474
1.18468
0.736842
6.32331
4.47423
6.81532
11.992
6.96988
5.1434
4.02688
4.19291
4.07171
3.37354
2.71388
76.698
2.81928
32.5299
3.07491
2.51543
0.681452
1.232
0.985507
0.934783
0.973585
5.5
0.363057
4.11574
0.889731
6.6189
5.88
9.35463
16.2955
5.59657
2.94776
4.26141
5.5
4.57769
2.72603
1.3064
1.78244
1.88298
1.71062
7.25
1.57143
1.48239
1.6723
2.00405
1.63374
1.341
1.89286
1.50336
2.06226
1.32937
2.47388
0.85468
1.76113
1.32414
2.04167
0.270089
1.2619
1.17857
2.72857
2.50407
3.9153
4.52632
4.18919
2.15447
3.0692
7.6875
4.89908
2.1413
6.68033
3.44599
3.3253
7.05372
2.48148
3.33462
5.83974
1.56393
1.90878
1.47564
1.79437
2.33607
1.79032
1.59032
3.94203
3.79643
2.00357
4.88889
0.582983
1.89535
1.70732
1.86022
1.45151
1.58224
6.68478
0.76412
0.750831
0.933333
1.37981
1.04317
1.08597
0.842308
0.750865
1.14919
7.78636
1.55462
0.934866
0.742754
0.753205
44.4725
6.65363
13.4965
8.69231
2.81818
1.37795
3.32189
2.6547
0.403974
2.2375
3.85278
5.71192
6.73896
4.06107
4.92996
14.8
42.7203
26.551
14.4067
26.5939
13.0287
12.9901
3.56318
35.8045
1.45327
0.955882
0.822981
1.08834
1.03306
6.49492
1.25581
1.30418
0.888031
0.932249
1.45794
7.82627
2.14493
2.63564
1
0.964135
2.49598
0.730088
0.243862
1.50662
1.19303
1.81402
1.98071
1.69143
1.97266
1.7305
1.58967
1.50758
2.06977
9.9338
1.62857
1.81818
1.55435
1.56818
2.0655
1.7605
2.19249
1.51452
1.5
2.27237
7.09055
0.952381
0.549872
5.89362
0.814685
0.888889
0.880952
1.07792
0.988095
1.03226
0.882129
1.05932
1.0367
0.896825
1.47303
2.47881
3.2163
3.51562
2.17966
1.73856
9.80597
3.80357
2.33613
1.35231
1.86996
1.41732
1.47183
2.53846
1.73559
2.36449
3.65789
2.69531
2.00877
0.333333
0.83046
1.29968
1.63514
1.86434
1.51667
1.83966
1.77049
1.97571
2.48319
2.11828
1.83154
5.67089
3.65089
8.48903
2.61927
34.7878
22.7342
18.8085
5.58788
2.22609
2.44516
3.69291
43.512
8.18681
2.1404
7.73665
2.0813
1.56686
3.15385
2.16382
1.7283
2.86905
2.40164
2.47388
1.93291
2.97692
2.52727
8.75983
2.73664
2.49673
1.2568
1.19658
0.855124
0.896694
1.2446
2.86713
1.49618
2.61712
2.73551
2.4
3.92355
4.42105
5.2087
3.78599
6.41739
4.49789
4.53812
3.17754
12.2239
2.99095
1.63484
0.498413
0.656772
5.29692
7.02671
3.94828
3.10573
0.79854
4.8623
4.0858
5.72807
6.18723
21.3247
10.5639
1.30333
2.0614
2.63608
26.2754
2.99541
2.13725
57.8136
28.133
1.98259
4.88991
4.14655
3.60714
3.53365
2.56107
2.27703
6.84
41.8276
5.31395
1.67636
1.12791
1.08333
1.47692
1.32394
1.37302
1.10317
0.577844
5.41
0.803125
0.889937
5.07054
10.2943
14.919
136.272
1.44615
1.39462
1.4798
1.37751
8.01818
15.3424
4.47917
1.50725
1.05438
1.82807
6.91034
4.97091
3.85496
3.6
22.2139
82.2041
3.86321
6.51724
23.7857
21.3687
13.7132
5.4222
22.9662
52.3182
37.6164
34.6527
9.06564
8.55135
1.74419
1.60536
1.28269
36.524
2.43689
1.19444
2.3278
2.55172
4.17891
3.1994
12.7832
51.6532
2.35907
0.319627
2.89206
9.52727
10.1849
1.54505
1.00284
1.62302
1.59341
2.3814
12.1975
2.77928
1.86364
1.55301
2.88843
2.02247
16.4211
39.1126
12.8571
12.1991
19.4793
5.14
7.12805
6.93382
2.48148
3.38095
3.1322
6.66139
29.3304
49.0281
58.6688
7.28938
6.92015
15.9771
3.55882
6.57193
2.07627
2.00787
1.70385
2.48927
2.01071
1.42932
87.2389
54.789
4.55853
4.4065
4.26316
3.52313
19.041
2.67093
4.49194
2.70629
2.04478
1.25442
1.36923
1.43254
5.2439
2.78814
1.94152
2.75347
8.78827
1.14706
2.34118
2.48193
1.5687
1.84733
2.59424
3.65891
1.00388
2.8685
0.891016
16.9513
4.93182
4.63393
6.89513
2.20443
2.4459
3.37417
0.708546
3.90272
3.03114
3.53975
20.7954
13.4755
12.5876
11.4173
6.73444
9.84651
14.3574
7.90456
3.69597
5.35096
3.51237
12.472
19.3272
11.431
7.17467
26.0202
2.07179
2.41176
1.33
1.17376
23.1574
3.73077
2.19421
1.82707
1.86695
3.74704
5.06299
4.57651
3.86142
3.82292
3.78646
7.95987
2.89787
2.90438
3.28854
2.49851
2.12541
3.92283
26.0909
0.688202
0.983871
0.310976
0.721264
0.920635
1.0614
0.853211
0.704698
1.58824
1.09486
0.946565
0.628834
1.04743
0.760736
0.436224
0.928
1.05702
4.83268
22.3922
7.15806
7.09896
2.34859
3.25868
1.57637
1.24242
1.64706
1.58766
47.1759
4.03502
3.30976
2.55298
1.44872
0.749451
6.57143
0.762082
0.608069
1.13265
2.26816
1.67041
2.2381
1.12013
1.2996
1.22269
1.70504
1.15385
3.55508
3.08951
10.5887
22.5391
5.60533
7.337
15.1438
4.20089
30.075
3.18819
5.52518
7.52708
3.05369
2.40964
1.98696
2.50442
6.24534
31.1221
1.7052
0.566775
0.750831
0.901639
0.928571
0.991525
12.4803
39.3719
26.0807
7.31034
23.4131
32.9621
25.0043
0.472294
2.39024
2.01899
1.8
1.452
1.88333
1.53036
1.88889
1.58436
1.85837
19.283
1.44656
1.40909
1.16906
0.766355
1.27347
1.73504
1.47951
1.34553
1.50467
6.09363
30.5068
130.149
0.588889
1.02239
1.20513
1.18841
1.25397
1.49138
1.06494
1.21739
1.33077
0.345982
0.870482
1.59524
1.69524
4.69
6.15
3.3
4.048
3.61565
2.71206
5.87188
1.28896
1.37234
1.4529
1.63877
1.56078
0.858491
1.17082
1.23077
1.21633
1.44251
2.6129
1.09804
1.24828
3.37719
3.31004
8.17722
1.91949
2
1.46429
1.17405
1.57931
1.37931
1.33793
1.18819
1.54601
17.5494
1.27008
6.56299
4.625
0.633136
0.49697
1.10599
0.839161
0.919492
1.10599
0.896296
1.87288
7.18898
2.84422
1.66065
2.59289
2.39847
2.14773
3.78571
2.30968
4.48649
7.72954
13.1174
3
0.535354
1.03937
0.627907
0.931298
0.75
0.919732
0.76779
0.97166
0.850394
1.29386
0.678363
0.922131
0.813559
1.09843
1.1374
1.14679
1.20524
7.02564
1.5146
1.38462
4.67974
1.10881
0.797468
1.76786
3.60635
0.497778
1.05285
1.29134
0.991416
1.95533
11.1815
68.9531
21.592
1.05078
0.179431
0.972414
1.26606
0.77044
1.13821
1.25688
1.13043
2.75862
4.2234
22.2581
18.9828
8.21429
1.95696
3.53725
6.45946
20.8491
12.9177
2.27848
0.846386
1.47345
1.20763
0.747405
1.16529
1.10246
1.43772
2.14773
1.5679
1.3882
1.22601
1.70447
1.6612
2.59449
9.43868
2.62445
5.65487
9.04727
26.6286
0.448157
2.50877
2.94444
8.64725
28.2764
7.4434
6.77132
1.57292
2.91716
1.63636
1.43089
1.16484
28.6729
2.62581
1.22868
1.41892
0.875
1.18008
1.14964
1.38182
4.39056
2.96113
2.60076
7.71753
1.46311
0.970588
1.07083
0.881119
1.12397
0.888889
1.07563
19.3975
1.12662
1.17787
5.90541
1.32787
1.06122
1.5991
2.56475
9.03422
17.7786
24.9939
9.84314
5.78387
17.0534
1.46377
1.04511
0.199675
0.763158
0.9625
0.757895
1.09091
1.55046
1.97248
2.11111
1.41358
2.88211
2.01056
1.62681
1.484
1.22008
2.09375
1.27778
1.30385
0.22205
0.863636
1.23574
1.13768
1.32283
1.35593
1.45763
1.54128
1.43119
1.68852
1.38129
1.92913
2.04478
1.85517
24.6229
0.942748
1.64249
1.00364
1.08772
1.01695
0.913386
0.897059
0.865672
1.07087
25.3394
1.57895
1.05902
1.28261
1.13262
1.01119
1.23183
16.7176
3.52349
1.76289
2.31679
8.26894
2.34252
4.10976
1.25743
2.42972
0.950113
1.9004
1.57951
1.53472
1.06667
1.06494
1.12319
1.38462
1.84404
3.54128
7.79517
2.005
1.81707
1.125
1.42857
1.49049
6.57787
0.856742
6.75893
6.65328
3.66667
1.74558
2.61194
1.10278
1.75082
1.41284
0.925197
0.993174
0.152857
0.72956
0.872951
0.806691
1.09542
0.587013
1.18807
1.04089
0.870175
0.951613
0.909836
0.968254
0.966667
0.885496
1.06967
4.40845
3.7375
0.602151
0.277211
1.78125
3.42857
1.50489
0.653179
0.776978
1.5748
2.98209
0.642487
1.07509
1.16084
2.13021
1.75746
1.18557
7.02362
17.0682
127.922
3.96569
4.30196
2.99237
1.40523
1.94737
1.36576
1.11194
1.01465
1.13333
1.12687
21.6752
2.88142
2.65506
2.76692
1.16878
12.5344
10.2082
0.517304
3.37906
0.931138
2.0582
0.656134
1.27092
1.68878
1.95135
1.48927
1.30943
1.15909
19.457
4.87736
5.65232
4.44697
21.2466
3.87774
2.5963
2.6367
4.13585
11.9716
11.8308
9.84959
7.52866
2.78212
1.65652
1.14729
1.25166
1.48561
1.17544
1.19776
1.78462
11.1256
3.25333
4.04661
15.4983
1.2543
1.36404
1.43494
1.79661
8.1831
54.4453
6.40076
3.07988
2.43866
2.49597
1.50758
1.53439
1.73034
2.2
0.305876
3.05306
3.36119
2.05466
2.69436
12.3387
7.97078
1.74108
32.3061
19.5731
18.0979
4.16318
4.9316
4.22059
2.52013
3.52874
6.48361
5.69106
0.6492
18.3566
5.18478
3.70565
2.29514
10.2747
63.8556
3.16041
0.706967
2.41695
1.08628
0.898455
1.68763
0.672468
2.10547
13.6885
6.19521
8.48235
10.7761
49.0172
2.34539
12.2748
4.64286
8.48515
6.19556
9.46364
4.66129
59.0133
86.9889
0.862288
2.02956
5.84932
1.35
1.18671
4.7764
8.15207
4.01992
1.44523
1.42083
1.75781
1.49606
1.23973
2.512
7.81919
3.42857
2.86195
2.81061
2.98592
2.83399
2.84321
2.86792
0.940075
0.824627
0.810345
1.12335
0.734483
0.842857
1.54028
0.281955
0.961864
0.731148
30.4746
7.99254
2.05473
3.20325
12.9959
4.59756
0.861592
1.16084
1.0709
1.2807
1.15693
0.766323
4.73571
5.19797
3.46667
5.90909
13.8022
17.7895
1.42069
2.17405
2.12625
3.15525
2.23887
9.41699
4.66532
3.09764
3.37838
3.13732
4.78058
4.78846
5.00714
1.06737
1.81818
0.84965
0.989547
1.083
1.48092
0.972441
1.068
1.12639
1.22271
1.53846
1.21812
0.81338
0.917647
0.740385
0.823529
0.888462
3.15517
1.24689
2.06322
2.44326
2.9485
9.86041
6.49727
13.4
5.99614
6.46358
3.20233
2.5343
4.67647
3.18792
2.78926
2.0916
0.165788
3.13527
0.496466
3.00427
5.87535
12.5043
4.24725
3.6555
25.7359
5.56215
4.61446
1.75714
2.0823
0.377747
3.33195
2.6121
1.84559
9.47148
1.22222
1.14662
0.947761
1.14286
1.14729
1.00365
2.1358
6.31959
1.61765
1.05806
1.71739
1.06967
1.07063
1.45894
4.1701
52.9091
6.6129
27.8246
2.79915
3.12821
3.53409
3.45848
4.72727
9.72083
9.18548
29.3537
12.7893
4.47463
9.13191
16.9926
13.4091
7.62319
6.24834
2.40426
2.67577
2.32422
3.29508
19.3304
2.90226
6.34586
47.9496
1.13109
1.79888
1.55435
1.21721
2.22603
1.2898
1.49421
1.19249
1.19149
1.13091
0.83004
0.891304
0.993197
1.44444
1.72781
1.40465
10.3512
1.90417
1.93689
0.809524
1.10299
1.10882
1.88511
1.32698
0.972376
1.82759
15.9918
8.65603
4.79352
3.30952
13.083
5.30986
3.45936
4.4329
0.765528
8.14935
28.0442
9.01845
2.55245
2.58993
3.16372
2.72014
1.96604
2.99625
24.1992
54.4528
4.09639
1.68165
1.84252
25.9103
3.0239
29.6034
2.59459
2
2.01504
5.90625
1.54098
0.753943
0.903915
1.29457
0.956835
0.857143
0.786207
1.18254
0.717857
0.92638
1.38393
59.581
21.3538
4.73835
3.98425
11.084
5.02813
5.08377
8.22348
18.3691
17.6968
2.20513
2.92788
7.49618
1.4127
2.05054
1.10037
1.57951
1.19865
10.587
3.66245
2.96479
2.67803
2.76056
1.0783
3.57207
5.78113
3.14286
2.62696
1.89109
3.0035
2.73504
2.74074
3.224
0.353448
2.59333
1.81298
1.98855
2.13274
1.81419
1.39773
1.90909
2.28968
1.56637
33.7767
3.29139
1.28037
1.05761
0.960289
1.11927
1.00862
0.781377
5.79348
0.8
0.802419
1.14286
0.865672
0.928571
91.9918
21.6309
13.0691
33.435
13.5793
15.6901
38.0599
2.37903
3.48016
7.83824
3.17358
1.69372
3.36866
31.1692
40.4803
9.38509
3.25446
6.6779
1.24671
1.54717
0.980519
1.18
1.59322
1.5339
1.40254
1.2637
1.65678
8.46886
1.82716
2.8253
3.64678
3.65272
0.773333
2.08679
2.68254
0.852679
1.14512
1.69444
10.2385
11.5625
3.83667
1.44444
1.78804
1.22353
4.04265
9.97748
10.5732
11.3381
2.53878
14.4722
17.0469
12.5169
1.68523
16.5
50.322
2.03226
1.9604
1.26022
1.26271
0.951049
8.00926
1.23132
1.40157
1.26154
0.963696
0.910828
12.6767
5.92462
2.21864
3.30556
8.81992
3.38321
2.87795
3.08209
23.1875
18.0172
1.57143
1.79545
1.13619
1.56618
1.52402
2.49733
1.32946
1.77686
1.48684
2.48171
1.91781
1.50161
2.84295
9.89855
3.65649
4.76628
3.41418
2.52805
3.288
37.1818
5.57471
4.9589
14.442
14.03
41.6437
11.0563
4.63285
1.5
1.36559
1.25769
1.46296
1.42014
0.405462
1.10117
1.58744
1.30909
1.63359
9.10357
6.92978
6.4053
17.2301
2.82267
3.52817
3.66234
0.51506
3.68421
0.636943
2.36614
12.9592
2.56667
3.81226
3.02299
2.39661
3.41473
3.21404
14.6667
5.34413
3.77241
2.80602
3.45794
6.69395
3.10277
3.94677
9.53968
3.0241
2.0463
2.13636
16.1411
31.0341
5.03354
6.4916
6.60816
19.2426
7.30556
4.74219
8.67557
2.26009
7.79868
18.6039
19.25
8.53725
20.5468
4.15979
0.788321
0.543353
18.5116
31.1772
28.4811
32.0991
69.9391
29.7542
47.7
46.454
20.317
4.31818
3.50622
3.47601
4.02299
3.70168
3.42041
2.73835
7.85145
29.0032
14.4142
10.7631
67.1652
2.79137
1.79352
2.15926
2.62393
6.98936
1.49063
1.35621
1.78767
1.83706
2.94141
4.74886
1.07175
0.838129
1.09701
1.17391
1.54894
1.15217
0.818841
1.25203
1.52315
0.991228
0.337054
0.761733
1.02672
7.21127
3.64948
2.34037
3.83402
2.80835
2.57752
13.9526
27.9241
1.04011
1.03741
1.22881
1.00917
0.801471
0.825939
0.132275
0.770548
0.873646
1.1055
0.861538
0.863636
0.965251
0.940928
0.826568
0.826568
1.04508
3.96104
0.916168
1.17094
1.13761
0.991803
1.07724
1.04016
0.970085
1.11913
5.76071
0.682353
1.20763
0.797048
0.80597
0.97417
1.15596
0.883117
0.709581
0.96371
1.26871
1.27049
2.32258
1.88581
0.445652
1.4
3.75
0.95756
0.68515
1.14887
165.659
1.70722
1.89837
1.93197
1.62202
1.78834
0.431818
1.50168
1.48986
1.98462
3.02553
49.7238
6.897
0.514722
4.23
3.85145
3.10821
2.43519
9.98175
10.9783
10.464
5.58844
4.76736
4.03213
1.6558
1.58423
1.24224
1.34426
1.2619
1.9381
1.71186
1.39831
8.4
0.832512
1.40164
2.06957
32.572
15.1559
4.37097
3.27148
5.30732
3.35821
4.02166
2.45566
0.531148
1.92063
0.797834
6.01091
1.27041
0.644737
0.863469
1.03629
0.787582
0.642857
1.1573
1.09302
1.14286
1.16667
0.698113
4.06589
1.84375
1.46371
1.01908
1.17647
1.18443
0.869436
0.984733
0.16564
1.1295
1.25
1.47638
1.28319
1.12712
0.903346
0.855263
8.45089
12.3093
8.54878
1.83204
5.2735
4.32374
2.37778
1.60714
0.835777
1.09643
1.46311
1.77273
0.86758
0.864686
1.24296
1.14768
6.98819
0.902098
1.10196
1.77459
1.436
0.891026
1.38793
1.27935
1.21371
1.06716
0.958955
1.19858
1.35361
1.53712
0.990033
1.26
0.871345
1.23832
1.9963
36.5397
2.80142
1.59914
1.55777
1.5
1.88785
0.279018
1.47191
1.12715
0.788344
1.32377
1.0596
1.37687
1.81343
2.11511
1.28947
29.3097
3.54902
3.24595
3.92424
3.18062
2.96575
3.34979
3.28516
9.76695
2.16803
1.39841
1.3626
0.789617
1.98444
1.31173
1.06796
1.43511
1.2669
2.03271
1.32692
1.36134
0.875433
1.33808
2.1457
1.19718
0.117718
0.78
1.2217
1.09677
0.663522
0.838129
0.913386
1.10163
0.70303
1.04918
1.50459
0.893103
1.05224
1.05505
1.42991
0.815182
1.52489
0.704301
1.37143
0.832061
7.79661
0.992424
0.848592
1.46947
5.16667
1.93617
0.616867
3.18644
3.38356
14.6724
36.3851
0.922705
1.09539
1.23129
1.48624
1.44737
1.5339
1.65138
1.40367
0.145604
0.901961
1.40476
1.42373
1.37281
1.08414
2.17972
2.09589
1.44622
1.83737
1.27885
2.29493
1.93471
1.51055
1.07524
1.51341
7.09259
2.1295
31.7383
5.52804
2.53478
2.88953
1.57143
2.31636
6.94737
1.99143
3.54128
2.90909
1.33333
1.47931
1.7326
2.30502
1.55682
1.32422
1.44444
1.36822
1.99608
1.5277
1.59542
7.02049
1.02548
1.51835
1.21812
1.41667
2.51292
32.5922
1.71479
2.29242
1.60949
1.55401
1.99582
1.9181
1.86296
1.69349
1.75
2.42213
3.21538
40.881
4.44404
6.47845
10.3946
3.77992
4.27734
1.85417
16.7333
42.7308
45.4887
25.1397
34.5941
45.849
4.0297
2.75641
3.6453
4.5042
3.99667
3.8
5.53147
0.344272
3.08562
0.570613
3.11684
1.16022
1.24313
1.82724
3.55556
64.8055
3.17672
4.41975
2.89453
4.43462
2.4484
2.03237
2.68475
7.17702
26.3662
36.3223
1.90972
2.20346
2.73894
1.71216
3.164
7.71765
1.92749
2.54348
3.16961
14.2585
9.92045
4.94444
63.1118
12.5695
3.62835
3.40672
2.504
11.2705
4.3221
3.53257
35.5329
1.37736
2.78277
3.39172
3.89085
2.5947
6.08407
8
10.7235
9.31102
4.9257
5.55185
2.10263
2.0057
2.78983
6.60856
2.65565
2.17143
2.84286
11.084
10.3223
12.191
3.90262
2.38253
2.67622
1.6776
2.51373
2.16779
3.11189
17.7663
61.0701
4.56383
5.75958
10.8388
6.60092
4.51869
57.745
6.77308
6.18548
51.5962
21.87
9.93182
2.51953
3.32766
1.86486
2.61462
2.87295
8.56584
3.32271
3.38437
6.69325
21.6321
14.518
1.36842
1.85789
0.938111
1.13359
1.58369
1.11498
1.39048
1.34848
1.35172
1.19718
1.55319
1.50673
1.77064
3.19725
1.72137
6.84946
2.7799
1.38819
1.62898
1.7747
1.18667
1.5122
1.26774
1.35855
0.914179
1.23967
27.9791
56.0896
30.117
11.6081
11.6701
5.66415
4.85663
5.18357
4.54545
16.1633
60.9416
18.0249
16.2442
21.0383
17.4104
42.9448
28.8341
40.7305
18.2599
22.4271
8.96324
60.6009
2.83395
1.42998
2.35714
3.28899
2.89565
7.67687
4.38571
3.45308
32.3333
14.2029
19.652
7.86544
1.39697
1.70068
2.34298
0.667857
1.99634
2.19784
2.475
2.18352
2.50813
29.4615
31.7459
19.0078
15.6762
3.87681
3.31414
2.66337
2.81513
2.47453
3.85981
3.86522
6.64362
34.6904
49.0989
13.4464
12.6519
11.9789
1.54019
1.55082
2.07037
2.21862
2.2029
1.67742
1.29396
2.3871
3.16667
10.0893
12.8947
4.92053
4.84586
2.7148
1.06092
2.95324
3.08681
2.28986
1.30794
16.4478
9.02797
12.619
1.17308
1.25
1.3985
2.35316
1.40168
1.33185
0.779661
2.76829
2.50904
7.17956
3.1434
6.76966
2.97287
3.4321
2.68504
4.34177
4.64021
4.72239
11.6097
8.73684
17.7043
13.41
2.57004
25.2772
30.1329
10.8282
4.27113
5.85024
3.78012
5.75
8.15299
11.8292
8.91787
11.9167
152.569
2.46721
5.44388
1.87661
4.4931
3.81533
9.77328
4.75
3.76754
3.53465
1.3775
3.13462
2.75379
2.55973
3.82329
11.9321
24.6042
0.906977
0.975155
1.03659
0.153274
0.754717
0.727273
1.36207
0.991228
0.923664
0.943089
0.892857
0.790076
0.992674
0.727915
2.14901
36.8168
8.625
3.26462
4.51793
5.51456
8.71032
1.27225
1.34361
19.4064
11.9187
0.981117
0.603571
1.25575
2.12602
1.82075
1.68952
2.11429
2.24016
1.6789
2.19474
1.91213
1.66387
1.09589
1.29225
8.38154
5.55805
6.79283
4.23226
1.14879
2.67333
7.67598
5.61168
1.30948
44.4436
3.76797
4.46996
3.87097
5.14683
6.8
21.4739
11.0737
7.15714
1.88095
0.474609
2.19364
24.8993
31.3575
3.00425
33.8716
53.2222
23.6527
52.4273
71.6349
0.52986
1.01929
1.64
1.14618
1.63004
1.92271
2.42763
1.07395
1.33074
1.22222
0.856688
1.8578
4.59127
3.95588
7.5794
2.29213
1.02439
1.13158
1.27046
1.10092
1.5045
1.21759
1.21538
0.877193
1.05556
0.960432
19.873
21.6363
18.3385
9.29108
1.24183
0.940994
1.37945
1.29348
1.07092
1.27946
6.47766
2.27451
2.31349
4.07955
25.4826
0.539541
1.10759
1.20155
1.25517
1.2518
2.04508
1.25735
1.34641
1.26721
1.35172
1.63971
1.70082
1.4375
0.807692
1.10781
1.24138
2.24186
0.396978
2.05668
1.4863
1.38148
2.17358
1.94492
1.9053
2.01304
2.02682
2.28514
2.27376
9.64463
5.96806
3.28758
2.79461
3.82388
0.364444
1.4181
2.23077
1.77528
2.18577
1.70412
1.68864
1.94318
7.11278
1.75497
2.54074
4.15546
12.3462
16.0316
0.663342
0.162037
0.628931
1.02518
0.786164
1.25225
0.905882
1.28139
0.773256
1.05263
1.26531
0.86755
1.20093
1.12281
1.55963
0.867133
1.80702
1.6882
3.26165
0.178108
4.38117
0.360465
1.02119
1.25573
2.90968
1.17424
3.33077
23.1481
61.1939
6.44583
1.77885
1.21986
1.30172
0.971429
1.19277
0.895954
1.43077
8.88945
1.21951
1.61616
0.891156
1.14286
1.9476
1.34706
33.7642
35.3146
2.26966
2.49612
2.54577
6.44221
3.75964
2.12143
6.2518
2.65049
5.18966
6.56557
2.56973
6.83165
2.88073
3.90323
1.1937
2.65033
2.44
8.07282
12.6618
5.70617
7.67619
11.8523
6.33893
6.01527
17.9363
23.4587
19.5918
1.86477
2.46522
1.96552
21.291
24.5
3.52434
3.72587
4.46
2.81846
29.6012
1.4913
1.2549
0.960265
10.6184
18.4528
16.7872
7.39689
5.92344
6.69804
18.4685
6.43421
0.957364
0.833898
1.18008
0.852113
1.2839
0.97037
1.19084
0.713018
0.719844
1.33051
0.972549
1.13281
1.61977
4.00565
7.69112
1.56538
1.26923
1.54448
1.44788
1.59825
1.40081
1.77523
1.45833
1.98165
1.47256
1.49071
1.4251
1.06618
1.1
0.997041
1.55253
6.45318
1.35806
1.20408
1.50871
2.08621
1.59322
1.02586
1.36882
1.13653
1.396
1.85165
1.32787
1.74888
1.08273
1.31429
1.25449
1.17949
7.83898
1.37069
0.819315
1.01056
1.85246
4.48744
6.31338
0.931655
0.671975
0.833948
0.935484
0.95082
0.889764
0.991453
0.959016
0.976378
1.12281
7.43578
0.81203
1.45763
1.93443
2.9486
1.67528
1.68996
1.75109
1.37838
2.60305
2.25564
1.20354
1.10769
0.968254
1.4
2.07895
1.54722
5.82075
1.05143
2.36429
1.57333
1.61538
3.06356
3.87786
1.50809
7.7161
52.609
2.03571
1.512
1.62719
4.5087
3.77228
17.8321
2.11321
3.68302
1.33219
1.36612
0.774908
0.977273
1.38532
0.825806
1.0678
1.15888
0.966102
1.31308
0.636364
0.982206
1.05556
0.793893
5.92222
0.666667
1.0431
1.30275
0.629032
1.4636
1.86769
5.00545
0.662162
1.15493
1.91985
5.76323
0.0961945
1.28571
1.71942
1.59779
0.805616
1.1319
1.90361
1.6
3.05405
2.46494
1.46535
6.35117
110.152
12.1762
0.546605
5.11905
4.55401
3.57756
0.974227
1.85185
1.52308
1.18987
1.31522
2.41704
1.92857
5.80081
1.27525
1.21277
1.57993
3.33333
5.81319
1.11471
1.08837
1.43709
2.12185
2.22271
1.59524
0.891369
1.15461
0.643045
1.136
0.915751
0.868243
3.42326
17.5767
16.5419
22.8129
3.65116
2.32982
49.848
5.07983
4.18827
10.2784
2.43602
1.24675
0.96063
1.03623
1.42222
1.21329
4.8658
3.8125
5.4507
15.9903
1.34158
0.779935
1.08824
1.25847
1.20611
1.12295
1.08017
1.28279
0.97807
0.845283
1.11504
10.5319
6.61512
1.77917
3.54826
4.68261
3.27813
1.50698
1.22881
1.2963
0.924603
0.81203
0.858268
19.6181
6.03311
2.51587
1.80556
5.06383
4.16456
3.57706
4.61056
0.570204
2.68293
5.3346
2.08607
4.26484
22.2262
86.2695
14.6293
4.59539
23.1154
5.15058
3
36.2265
1.30488
1.63761
1.38281
0.751773
1.19745
1.34387
0.905594
1.34932
1.27206
42.6009
1.96805
2.28947
2.93506
1.15709
1.6129
5.32865
1.28871
1.30275
1.62097
5.05882
9.26071
46.5729
11.0799
3.12838
5.59524
3.46899
3.34035
36.9098
1.17407
1.17105
1.74545
1.41045
1.58716
1.56343
1.54077
1.07639
0.8
1.37255
1.3156
1.39085
0.228448
1.72587
2.99167
2.96928
3.3211
3.50165
4.42509
4.01538
12.92
11.0041
23.6995
11.8392
14.9124
7.62094
4.06557
2.12146
2.38889
1.66558
19.2736
26.821
1.97541
4.65094
2.20486
0.902778
7.22174
0.645963
0.923664
1.24771
1.05263
0.991525
8.55605
47.0639
3.43043
2.33721
3.33607
20.4322
9.3641
1.3218
2.84053
21.7984
0.37594
0.684814
0.885093
1.06667
1.42857
1.72477
2.61468
1.46181
1.4812
1.47987
1.92887
1.48399
1.41935
1.4313
3.00948
1.31875
0.407738
3.34643
6.61918
7.49004
2.72075
2.69825
4.8853
7.85878
1.56552
2.62151
2.26429
2.1627
2.51601
1.56667
1.9359
2.19097
5.57092
21.9198
1.74212
1.43103
2.5249
4.48
6.00368
4.26394
3.09259
12.3575
2.14688
3.81955
2.34672
3.36496
3.01149
2.51079
1.10526
0.79085
1.25
1.02101
1.13636
0.923664
0.253247
1.53604
2.875
1.66923
2.74483
1.13531
1.61765
2.0885
2.55046
2.03509
1.68304
1.65134
1.19388
1.42105
0.80315
0.822535
0.238095
1.01866
1.08051
1.47418
1.09886
0.974576
1.08897
59.3607
145.707
91.8125
9.30303
6.81226
2.15563
2.13929
2.85663
14.6786
9.8609
7.28909
2.95578
4.86429
0.891172
2.25641
4.72951
5.68889
13.3477
20.9486
6.63158
1.75549
2.22707
1.35987
1.42339
1.56489
1.66537
1.62034
60.4959
3.00595
1.04435
1.13656
1.04483
1.2249
1.33649
2.07937
1.46914
10.448
10.5299
0.437242
1.4375
1.61504
1.30916
1.65863
1.25357
2.89427
4.46124
3.89179
5.54348
26.5541
2.4254
3.55396
3.22333
2.83557
2.40226
3.66532
23.8908
1.74409
2.29167
2.73333
3.14054
1.70805
6.41096
7.49853
3.80876
18.073
17.8656
28.3718
34.4787
29.0728
23.2009
1.12678
3.74153
3.23132
2.32714
1.3384
1.32353
1.98529
1.80952
1.3211
1.40146
1.36842
1.25877
1.22222
1.12288
0.669643
5.97902
0.931973
1.372
1.21212
2.04089
2.26667
3.05517
25.0234
9.60173
1.74603
3.22368
2.58436
2.67742
2.83776
3.8186
2.88737
19.9333
14.8718
43.4878
11.8103
23.2993
1.4375
1.89883
1.54365
1.6015
1.39655
2.34221
3.45486
5.28
3.33094
27.0679
17.5385
7.12605
14.6481
6.52326
3.60284
9.784
4.52917
6.38462
15.8978
8.57065
2.9469
2.86972
7.17568
10.8986
12.3534
3.92722
2.3527
1.78509
1.26316
1.54545
1.75
1.69841
23.2652
19.5603
8.18132
5.77736
1.9894
4.26852
5.6474
11.0714
19.0394
2.91971
1.58065
3.65929
41.8832
64.705
52.8856
25.8207
36.1561
234.764
86.7162
0.750173
3.09296
3.47809
2.57726
2.19269
2.08421
2.38314
2.68327
1.67937
1.86121
0.404135
1.91447
2.68696
45.9519
2.30899
0.874346
0.640371
1.90254
1.32647
1.1663
5.07516
2.09809
3.74621
0.879785
2.57491
4.944
4.79495
11.6375
3.73558
9.53878
2.75
3.52918
2.95166
4.32174
4.16102
14.2583
68.7548
8.29213
9.7004
4.08649
1.49621
2.22222
2.72727
1.68908
3.48305
34.291
1.91556
1.84507
1.72203
1.57678
1.63385
4.76562
4.73828
4.42795
22.6863
7.1502
44.1532
3.94737
4.61111
2.36882
1.66667
2.3442
4.70724
12.373
31.3167
3.50303
3.55439
8.60815
38.7717
41.5231
59.0727
10.6042
3.30723
4.27642
43.7205
22.91
3.85551
1.24619
3.20495
4.0315
0.973783
1.18627
1.4735
1.9403
2.26442
1.56198
1.58051
2.18717
1.16327
1.45185
1.64179
0.232143
0.971897
8.44091
22.4323
19.3483
11.8618
50.4049
3.96047
2.32394
5.40865
5.36207
9.9
6.40964
36.3777
7.83645
0.792793
0.824427
0.8
0.852713
1.06195
0.916031
0.923729
0.954198
1.11009
1.13889
2.18403
2.10072
2.01124
4.42279
21.7845
8.48113
11.9109
16.0987
1.22378
1.0947
1.06441
1.23729
1.01866
22.458
8.06349
11.716
27.106
0.400922
0.877966
1.0119
0.867704
3.90476
2.7571
2.83465
2.26182
2.45955
46.0582
3.22034
7.18541
4.59574
3.80292
4.77852
2.40678
31.0789
5.64
2.98649
1.51292
1.58108
1.175
0.889344
1.10599
0.859259
0.949153
0.868217
1.00781
1.14679
1.09174
1.20561
1.06356
2.08029
5.44944
2.50929
1.81071
3.09766
3.47679
2.65979
7.24183
5.53819
3.07784
2.76014
4.3118
0.724324
0.815385
0.90493
0.825939
1.22018
1.25439
1.0229
0.995413
1.00781
1.69266
3.0437
1.18519
1.49724
0.807407
14.1185
6.89455
7.53043
21.2011
14.99
1.95984
1.86379
1.23559
1.03316
1.38511
1.38679
1.77835
0.953623
1.26449
1.80153
1.94553
44.5046
2.07643
0.936047
1.12676
1.29104
1.44444
6.28417
0.890717
5.22568
3.04382
4.46951
0.718696
1.56098
1.26042
3.11055
1.34909
1.5
5.16333
0.953642
1.89474
0.944805
1.62385
1.02422
1.19203
1.55932
2.54128
2.125
1.85333
41.8448
10.6653
1.875
1.63636
2.1393
1.49819
1.40214
1.48077
1.30075
1.36434
1.14931
9.97436
4.40086
12.125
10.3216
2.352
3.64455
2.59361
42.2821
1.23938
0.641566
0.844291
1.36697
1.35945
0.299513
1.24723
1.26957
1.22018
1.07407
1.19665
1.62719
1.11382
0.955556
1.06356
29.1564
4.07895
7.04938
6.26953
14.8423
0.887218
0.945378
0.197205
0.818841
0.846774
1.01639
1.57787
1.4781
1.50588
1.70833
1.9319
1.95131
2.72388
2.51587
1.61628
1.56176
2.17216
5.23547
0.904412
0.978648
1.01224
1.02193
0.951965
0.877778
0.884615
0.737589
0.756458
0.794872
1.11354
2.20423
2.56175
2.3121
4.05385
27.5652
3.83182
2.27654
1.81
1.6654
3.45205
6.35786
5.41696
3.47851
1.47191
1.78387
1.38176
1.83824
1.99099
1.19608
1.77419
0.671533
1.27338
0.400376
1.69874
36.3559
1.06338
6.12324
0.902778
1.01805
1.06489
1.11927
1.23137
0.689189
0.983553
0.874016
11.3333
1.09053
0.959259
0.870175
1.22034
1.0292
0.900794
1.58525
0.1367
0.716667
0.744027
1.05654
1.24549
1.7377
5.91603
0.556008
0.887681
1.61303
1.1261
1.43564
0.779156
1.5
1.33579
8.0087
4.46417
116.922
1.43434
0.59383
0.864964
1.24675
0.95614
0.672956
5.47883
0.864
0.97482
1.1087
0.77305
0.968504
1.35294
1.39934
0.939227
2.05854
1.69108
0.872576
1.36424
3.06
2.01456
1.38603
1.71636
1.48727
0.312169
2.22892
1.68085
7.44828
4.83439
4.81119
4.0404
3.73234
4.8012
12.5504
1.54177
1.4678
2.04167
1.35336
1.508
1.19444
1.29231
0.31391
0.789474
1.19403
1.28244
1.42177
3.43644
1.48238
5.23913
1.23497
1.3156
1.51656
1.4702
1.41603
1.44371
1.63115
0.40051
12.0459
7.18211
8.07843
5.34673
1.11392
0.837638
5.7349
0.882576
1.76449
3.65306
4.36806
3.28
3.1417
4.70916
29.207
48.865
18.3745
23.0663
17.784
32.5941
7.52941
10.8272
21.3086
27.5902
47.7662
36.9548
23.2256
0.471545
0.95
36.0037
2
1.35842
1.52727
1.00305
1.42692
1.59211
1.63303
1.64407
1.66216
10.9386
2.1938
1.15699
0.336308
1.38303
2.24739
2.83333
1.04615
1.80193
38.9336
3.28221
4.95604
4.68794
3.05755
4.41418
18.8778
7.97414
11.126
4.37104
0.454545
0.649351
0.734694
0.835821
0.97561
0.95082
1.13761
0.894737
6.05204
0.759878
0.947368
0.752852
0.889706
1.29487
1.06849
0.732441
0.975779
2.20879
3.86577
3.79693
3.19505
5.75
15.996
3.01408
6.18939
6.13873
3.9085
4.20635
0.181747
0.666667
1.08036
1.13615
0.789116
0.97561
0.927966
0.666667
0.768166
0.89313
0.88189
0.88189
0.913386
11.1907
26.2857
3.48133
1.6779
3.01064
4.72609
2.18605
7.30682
8.84588
4.07527
3.80534
20.2251
8.21795
1.9316
2.38801
2.15723
3.21854
4.92806
8.61111
5.06373
2.54327
0.253189
1.55944
1.1391
1.796
1.59107
1.54455
1.57042
1.9693
1.07807
1.40171
0.986842
1.69507
3.31364
1.15862
1.91385
5.49109
0.968215
3.39713
2.73955
0.608051
1.171
1.77344
1.31788
1.35172
2.13214
1.50566
1.21698
1.34906
1.87727
6.77907
2.02239
2.59375
2.24723
7.38462
47.8563
92.9234
3.84772
3.89899
0.357576
2.22008
10.5417
5.43798
4.46218
5.2161
11.0622
6.2967
5.26457
0.677019
4.23016
2.81673
2.43307
1.18143
1
1.13393
5.38496
6.36268
28.2681
4.03356
74.9388
14.436
19.4319
17.7979
7.36678
6.14286
3.41629
38.764
2.21622
3.28358
1.18284
1.20325
1.33704
1.48658
1.96618
1.68293
1.36299
1.46179
1.47826
10.9802
7.53982
7.49643
9.68826
3.09091
79.2594
7.85669
15.4787
7.93333
4
4.84937
4.74439
3.66308
3.0979
4.04861
3.77291
31.1343
50.5111
3.07252
12.6629
21.5371
21.6403
24.7063
15.8403
14.8889
22.4261
34.8889
37.1891
25.8298
1.88048
37.4103
3.62348
32.4941
69.8264
31.7401
4.08986
5.94359
5.34146
3.58909
5.156
5.50754
32.9347
11.6777
9.62658
13.9779
7.14925
6.23875
1.4459
2.07143
2.52459
2.43902
2.47674
2.06309
1.67178
7.61724
11.9266
41.54
31.7011
11.8535
12.4545
5.46739
3.34982
2.26838
2.00587
2.04437
1.78395
1.92481
2.93117
2.45174
6.24116
4.28846
59.231
25.6253
5.77821
6.4507
4.55
0.994048
9.5119
10.0164
10.5307
0.719794
2.77821
3.59916
1.96708
3.70915
1.65327
2.82812
1.98201
0.393443
1.00573
1.48444
0.387755
0.980519
0.755639
0.958466
1.81667
0.81677
1.09622
1.54098
1.35271
1.2901
1.83987
3.96057
5.24797
12.1712
5.22449
3.38168
4.22553
9.4879
10.0846
20.54
2.18343
17.4038
20.8138
31.5576
12.7877
4.56089
12.248
4.02632
3.34231
6.20588
5.85185
6.03937
8.17695
44.2126
82.6204
4.60099
3.41786
3.37872
3.15185
4.15328
10.3478
12.8843
30.9698
1.21097
0.814935
6.54251
1.14022
0.736842
0.734824
0.842491
1.1362
1.15138
0.905263
1
0.835714
1.26087
1.29108
1.14222
1.23451
36.3206
5.0754
2.83799
3.34058
0.93038
3.42857
0.738767
5.54063
38.1609
1.85143
0.80315
1.14706
1.13851
1.36145
2.36429
1.16779
1.22124
0.950704
0.983871
1.15242
1.27083
1.55804
20.9563
12.8589
1.37634
19.02
12.7514
7.07407
41.7373
4.43197
5.83794
6.38776
6.0722
14.362
11.1628
12.7838
41.6205
30.7969
9.43478
6.02273
4.45703
4.14187
4.56471
11.5854
2.84848
3.04959
1.72374
1.48256
3.7377
2.59067
1.50637
2.11438
2.64032
2.31698
