0.211356
11.9843
0.976562
0.607843
0.362319
0.546131
0.847411
0.893564
1.08571
3.53832
0.562264
1.16414
1.14839
0.925287
1.39695
1.17368
1.77876
2.02609
1.69492
1.13423
1.55039
1.68421
1.4876
1.75887
1.29323
6.60949
0.92268
1.47518
1.61468
4.62302
4.4386
2.6378
1.5251
2.53143
2.34112
5.55
4.00847
8.18284
13.807
7.70175
11.0808
9.57534
17.4136
12.4407
16.0134
7.34862
9.85294
26.2436
1.4322
1.69582
1.53755
1.4115
1.05034
1.14433
1.56654
1.44444
1.17472
1.32283
1.44444
1.37652
1.41275
3.05909
1.55224
0.417857
1.79348
1.62719
1.74786
2.12273
1.16935
1.50763
1.26271
1.74704
2.21364
1.6569
2.25862
4.19545
15.2311
12.3333
0.893617
1.19203
1.3662
0.957393
2.35981
1.35246
1.58197
1.62281
1.90351
1.7156
0.244709
1.42475
1.77193
2.67458
5.18681
5.91983
8.65778
16.943
2.86885
4.30275
5.72222
6.92661
6.38596
10.9622
5.86018
1.43636
2.17904
2.34335
2.29545
1.64865
1.75877
2.00877
7.60092
5.69298
2.0035
1.63504
1.89831
7.9322
1.41353
1.62249
1.80531
3.00439
5.66667
13.4136
6.78571
15.1579
8.82018
1.42537
1.42958
1.46154
1.85398
1.74153
1.47302
2.31535
3.47881
6.09926
4.27183
5.54918
24.578
7.87347
8.01639
2.79358
3.41611
4.5461
3.56761
1.64493
2.1886
1.04103
0.627832
0.675373
1.17073
0.870871
1.07746
1.12195
0.977273
1.01481
0.801325
0.713836
1.09441
72.848
3.18812
86.133
9.72
3.98165
7.42727
12.5614
3.16791
5.07971
8.76151
8.72826
5.33636
10.8114
2.69915
2.78182
2.03187
2.30952
1.32658
1.03318
2.2562
1.69935
2.16487
2.14545
1.60317
1.18315
1.22464
0.21627
1.58403
1.21311
1.62281
1.83945
1.43379
1.63761
1.32095
1.65074
1.3278
1.3622
1.77632
1.83262
1.73387
1.78544
2.00459
2.10698
7.69388
1.60854
1.72936
1.69099
1.72101
1.76259
1.86347
2.19081
1.91221
2.11594
1.6
0.96124
1.54726
1.61039
7.61111
1.70492
1.86777
2.14957
2.16667
2.07328
1.51695
1.48507
0.764957
1.46825
1.57798
1.35106
1.71179
1.89231
1.975
1.44737
8.57798
1.40984
4.89344
28.7966
1.53097
1.16949
0.941176
0.336735
1.43636
1.5749
1.7533
1.64455
1.51852
1.3937
1.71053
1.83182
1.6278
1.84322
0.95614
1.31559
1.67965
1.9633
1.62199
1.9693
8.21171
1.59848
1.875
1.65185
1.49035
2.06987
1.57812
7.43443
1.86545
2.41463
2.25
1.80932
2.34091
2.11765
8.59016
1.94776
4.25316
5.01908
1.81739
1.93636
1.48684
1.38516
1.5082
1.58871
1.74545
1.03774
1.22378
1.36441
1.45726
0.272487
1.54128
1.32787
1.85135
1.65357
2.12785
1.91016
1.80328
2.24324
1.42213
1.88983
1.71739
2
5.2
9.2623
1.18403
1.21311
1.44068
1.17355
1.14184
1.31967
1.67727
1.29075
1.58685
1.21127
1.35294
1.6729
1.97788
1.57143
1.58744
1.69266
1.07692
0.731651
0.1866
1.22881
1.34862
2.08879
1.87442
1.68696
1.6375
1.12143
1.06615
1.20312
1.32707
0.591885
1.26744
0.996865
1.18493
1.25191
1.62719
1.43103
0.428571
1.49603
1.98182
11.6991
5.28261
1.77528
3.03182
2.41525
2.27523
2.14407
22.5504
1.34286
1.72131
1.81974
1.84836
1.06618
1.625
1.76316
25.3165
2.06329
1.54762
1.4958
2
2.02966
2.01339
16.5442
47.9128
4.84052
4.63672
6.43408
14.9147
2.8254
3.30345
13.1905
2.07077
4.81579
41.0435
6.86301
7.52439
25.8603
8.42014
0.802817
0.73
0.931408
1.17778
1.09559
115.761
56.5766
42.2045
355.831
259.732
2.9078
4.20721
6.78814
8.94672
7.16807
2.2
7.84016
4.70175
3.30916
1.45902
1.12857
1.34058
1.52869
7.21561
1.9959
16.3609
10.3176
3.13517
2.97458
3.05085
2.22936
80.6174
12.3459
15.6776
21.7913
1.58947
1.5368
0.271825
1.99528
1.7
1.86087
1.45385
1.63136
2.86697
1.64912
2.80909
9.2193
25.7294
1.78151
0.927536
1.29843
3.12671
2.55085
2.80909
2.19091
2.55085
2.29091
2.11404
17.4083
2
2.95614
3.18217
1.7
3.45872
2.34545
2.38793
9.18103
2.16522
0.283069
1.86
0.990826
1.48876
1.57627
2.23776
1.91549
2.53279
1.64504
1.54582
3.43011
3.21374
10.4679
6.00769
5.20175
4.98165
3.78899
2.21127
4.52632
4.65741
2.81013
9.17063
2.96203
127.605
2.93462
3.34711
2.53299
15.9758
8.27064
7.12587
8.9469
3.65909
0.136646
0.636364
0.829545
0.709677
0.856031
0.717608
0.75
0.976562
0.933594
0.949275
1.15909
0.800712
1.39754
0.864035
1.01024
0.990826
0.801527
50.4982
0.16955
53.9663
3.94068
52.3111
11.1061
193.322
164.719
100.739
2.9962
1.88627
2.46087
2.39167
1.88235
7.48221
2.64754
2.42857
1.65079
7.84681
14.5909
29.689
235.358
3.47917
4.6886
1.84444
2.8
2.13492
7.984
3.52966
4.52869
4.30903
23.463
6.32143
1.61508
1.40323
1.65574
2.16889
1.16609
2.07009
2.30932
1.62281
19.0484
1.81739
1.58559
1.60169
2.02212
1.45387
1.06497
0.772414
2.0283
3.97458
5.73729
2.02609
1.54065
5.3619
1.53307
1.77523
1.89873
1.40367
1.44737
1.45082
1.70763
1.74237
1.92727
1.24194
1.45133
1.70339
3.14035
4.03947
3.05769
9.94191
1.82569
1.42727
1.67213
1.64912
1.76606
1.89427
2.36449
16.6822
1.41132
1.88532
8.42202
1.23123
1.4633
1.3361
1.59843
1.53725
2.0678
2.03167
1.83898
1.45763
1.71491
41.5823
1.47015
2.02222
2.78112
2.03115
2.37168
5.49084
10.4963
49.3056
2.04029
1.92437
2.88596
2.38596
2.05505
8.75229
3.48624
48.693
76.3017
5.06618
4.04054
3.97619
10.364
43.617
11.5498
10.9525
0.807692
0.83959
0.749064
0.825581
7.07391
0.900302
0.739286
1.02247
1.10145
1.20079
1.14545
0.816794
0.913978
1.04206
0.992727
0.920949
0.744444
30.1964
45.7783
21.2807
25.837
195.074
65.8432
0.00531915
27.0134
1.3125
1.32456
1.67273
1.5942
1.40773
1.27313
1.34127
32.661
201.99
1.30357
1.04151
0.879562
0.724252
0.764706
0.77931
1.02593
1.06786
2.39333
2.9386
2.02717
1.18095
6.79921
1.36923
2.03333
1.31873
2.68528
1.64557
2.28814
2.17391
5.352
7.10759
5.61475
0.259921
1.22404
0.875
1.50579
1.47826
1.11333
0.780156
0.766773
1.66568
0.961451
1.94615
1.41176
3.41667
7.15094
4.70548
6.62774
4.81193
2.27468
1.60088
42.5105
1.61842
1.44366
2.33065
2.19106
1.70115
2.34649
3.25764
2.20642
0.500992
1.49455
1.46559
1.72692
1.90588
2.2193
1.92982
2.0614
2.3211
1.37195
1.896
1.97887
7.89908
7.49561
1.32721
1.05852
1.26481
1.60821
1.27097
1.20567
0.945687
1.6157
1.61066
1.57741
1.59184
1.42672
1.37079
1.89091
1.69141
1.63303
1.25431
0.335404
1.86842
1.47826
0.531768
1.3271
1.19863
1.8552
1.3213
1.36364
1.8913
4.28968
3.96923
2.61207
9.52529
3.36087
2.81818
2.45983
4.48905
5.768
7.48246
5.54386
0.543478
1.9322
30.7895
37.7195
4.63258
2.28814
2.41975
6.33621
3.21739
8.07895
4.71491
20.7063
18.5046
8.90351
2.42982
2.11282
4.76147
4.0073
3.80702
10.0294
2.15596
1.87288
1.7377
1.83486
2.11927
1.80508
2.00917
1.84404
1.95575
1.47518
7.8913
1.37302
1.75877
7.40711
1.90476
2.02294
1.83886
1.72936
1.83475
1.77407
1.47925
2.56967
3.1
28.7864
7.04839
2.93939
3.29677
20.6783
2.48764
12.5782
1.06335
1.05682
1.0748
1.23305
0.977876
0.85348
7.25424
0.837398
0.705298
0.827068
1.18534
1.11742
0.825397
0.843972
0.779503
1.17188
1.09766
42.2588
0.257792
77.4256
0.502697
68.3565
91.6914
38.2969
170.123
1.65934
0.714286
0.325472
0.325472
0.611111
0.586364
0.376271
0.591549
0.445783
0.170635
0.280285
0.577982
0.591549
0.395018
0.266033
0.316038
0.577982
0.591549
3.1145
13.8301
4.59701
1.63636
1.81884
10.5318
29.4664
4.15672
3.19512
2.33588
1.58791
2.75229
3.09649
20.3119
1.71654
2.0709
1.32571
2.58974
2.24771
3.16514
1.90789
18.3648
1.45185
1.60909
1.57798
1.89474
1.17647
1.28261
1.51538
1.75
1.71311
2.33945
1.54673
1.34014
1.73394
1.73246
1.67257
1.57934
7.73246
1.60317
1.74561
1.68421
1.79825
1.68644
1.18605
1.77647
2.17284
1.70763
1.83969
7.23305
55.0261
13.27
7.4927
5.05859
5.82906
23.0909
1.37267
15.4025
8.89416
1.79913
1.49275
1.0561
0.301429
1.03438
15.4073
14.4505
4.56923
0.539541
6.51818
7.45872
53.5127
29.112
81.5164
7.11969
10.9141
16.0442
20.2915
12.3145
0.835249
0.808725
0.729097
0.861111
0.627628
1.05263
0.881679
0.654485
0.541209
0.611621
0.498747
0.585227
0.828479
0.694611
0.541209
0.85159
0.916
27.6868
23.3741
73.419
1.70455
1.6087
1.33841
4.19495
1.13964
1.40909
1.41254
1.14157
0.972028
1.3869
47.8323
0.0665888
0.0335714
109.59
2.06343
1.79091
1.3
1.0199
1.34228
1.92333
1.68038
3.64939
4.1055
1.98413
2.27016
0.478836
2.712
3.46818
4.29091
2
1.43846
1.86441
2.0339
1.91743
2.62288
5.13091
10.9009
3.06207
2.39216
1.52357
3.75163
42.1483
1.21739
1.86364
1.63596
1.86026
1.56223
1.66825
1.88073
1.60833
1.75566
1.83936
2.49091
2.61818
20.8318
20.2091
3.43033
1.61742
1.7758
2.0262
0.345779
2.38532
2.50459
2.18421
1.82456
15.246
4.4009
2.1435
5.47222
4.59322
36.8212
8.95775
4.64783
5.38559
3.08696
3.08547
5.04472
11.7542
9.94215
6.1307
16.2114
2.43345
1.37662
0.715074
0.715891
0.905172
1.25166
1.59504
1.15686
0.831797
0.263049
0.61305
0.565008
0.698545
1.02638
2.24085
3.77823
7.19492
5.30702
2.97248
0.440476
2.87611
2.39552
3.52752
3.06349
2.82482
1.97985
2.19512
4.31967
4.64407
45.9593
22.0307
4.31579
2.93985
38.3057
8.62079
13.788
8.32233
10.5022
1.0087
0.98374
0.95614
0.923664
0.765343
0.156593
1.01587
0.97807
0.53944
0.750929
0.763441
0.554054
0.521628
0.505593
0.745981
0.541176
0.431718
0.438479
19.5467
0.000590667
155.202
197.569
88.7235
146.549
0.992593
0.66
0.566524
0.325472
0.316038
0.322674
0.591549
0.445783
0.263658
0.256532
0.474359
0.591549
3.26305
0.249438
0.280285
0.697674
0.691358
11.1429
4.64828
5.02759
3.22222
0.757275
3.23767
4.15596
2.85088
2.16102
2.15079
2.83203
3.44843
2.98246
8.61404
3.28046
12.7783
1.45946
1.2381
1.92857
1.58
1.95575
1.37063
7.2839
1.71739
1.78571
1.57265
1.70614
1.61039
1.40741
2.79817
1.2541
1.01294
1.58462
1.22944
1.04545
1.32014
1.62397
1.25
1.47458
1.15035
7.20816
0.888554
1.28571
1.40891
1.51751
3.03636
4.15455
2.38136
2.28682
2
2.79817
2.07018
2.136
2.44915
9.48905
1.83607
1.7971
1.71975
1.9403
2.38532
2.42202
2.86697
2.20675
1.46392
4.03846
16.1739
4.97479
6.40789
5.7205
65.7538
0.519133
4.11947
3.42982
2.94068
2.8
3.48624
2.65254
2.87611
6.77523
31.9693
99.9922
36.1656
9.09426
14.6009
19.3862
11.525
12.5413
1
0.818548
0.206845
0.830116
0.680511
0.953069
0.813505
0.869732
0.586288
0.849802
0.592593
0.984733
0.921053
0.837121
0.802778
1.02075
0.678363
0.557692
67.988
125.403
0.0374904
68.8867
1.28472
0.626087
0.501425
1.12887
1.71988
0.731778
0.244709
1.12632
0.876289
0.733083
1.15
1
45.3447
0.629834
1.17431
0.940171
1.02381
1.13158
6.1558
0.78169
1.056
1.05785
1.17094
1.112
0.502041
0.4
0.573585
0.537611
0.989091
1.02308
10
37.1825
3.06204
3.10222
2.9205
3.65639
10
3.0411
2.00417
1.75439
1.84127
1.47887
2.25417
1.85778
2.23394
2.04717
2.20183
2.03361
2.35514
2.34862
2.5708
9.33054
24.6606
4.576
5.29091
10.6059
4.5
4.2193
4.18421
2.07965
2.0339
2.36885
2.59633
2.728
3.9881
3.2483
0.378307
2.10593
1.99291
2.22776
3.65351
3.45492
1.6867
2.25
1.48583
1.64669
1.4726
0.909091
1.65314
6.71377
1.94667
2.32787
2.10526
2.33484
2
1.32627
1.46502
1.7113
1.87288
1.68846
1.41667
2.04587
4.19068
11.0078
4.91216
5.47273
9.31532
8.33636
5.48246
2.86508
8.0307
1.62602
2.20339
2.19298
2.38492
3.05702
5.16544
4.34211
3.53509
5.088
9.13889
11.8824
4.31013
77.6357
2.46218
1.84127
2.53947
54
17.2686
4.00877
9.86111
5.73394
5.45652
7.80095
24.9227
7.95868
0.97479
0.863636
1.13208
0.847015
0.535519
0.526178
0.440367
0.569801
0.415913
0.910959
0.760943
0.664557
0.613861
0.704871
0.142857
0.815068
0.944915
0.938182
4.57895
0.189189
104.214
7.50149
15.1604
6.46964
0.989247
0.488211
0.411168
1.1327
0.903226
0.858369
0.714286
0.924731
0.88835
0.216931
14.4024
71.5672
0.314607
19.206
0.37037
0.626728
0.541485
0.353774
0.353774
0.633028
1.00709
0.403785
0.34434
0.412752
0.666667
0.493976
0.183862
0.324808
0.647887
0.799197
5.13482
2.51837
9.11301
6.99248
8.33094
2.08661
1.40323
1.72308
4.60902
4.68987
8.03509
2.42623
2.22018
1.37662
1.08287
1.37805
0.923469
0.445902
0.455319
0.376866
0.583051
0.69606
10.2068
1.10909
1.47191
1.76423
1.69737
1.86266
1.82627
1.54386
1.55932
1.87681
1.64706
7.68584
1.7931
1.78947
2.048
2.19841
1.96043
1.77536
2.29508
1.24138
2.10169
2.26549
1.5443
2.37302
1.15033
1.64957
8.4213
1.97619
2.43119
2.3945
2.07752
43.5642
2.77236
2.12844
1.80392
1.24706
2.01835
1.42149
1.3787
1.2
0.571229
1.69027
1.53333
1.17213
1.60769
1.74627
9.07273
2.27602
2.53275
2.3035
2.46491
2.18421
8.57018
11.8465
19.5219
6.31081
16.5263
9
9.80275
2.36441
3.16102
3.01538
3.54098
3.36697
2.98305
3.19298
3.55963
2.1422
2.87059
76.5543
8.13158
5
4.03247
13.6653
74.1769
10.4866
1.62338
6.2
15.145
4.12349
9.59226
67.627
93.5214
1.24638
166.886
113.837
289.029
1.35088
1.74497
1.04641
0.50289
0.582781
0.252646
0.802752
2.35664
1.57627
1.5339
1.51271
1.95413
2.57851
2.15164
1.64407
2.30909
1.60169
1.70339
2.2193
1.57207
6.97193
1.14321
0.636179
1.27815
1.55634
1.66923
1.39007
1.52381
1.77982
1.80342
1.53846
1.57798
1.19708
1.40268
2.10092
1.82569
1.65217
0.251374
1.79464
6.67769
6.53036
5.42917
9.82243
4.49153
10.3051
4.33333
6.0042
5
3.38034
3.91882
4.2377
3.5339
13.2412
4.51587
4.92661
10.3016
12.1101
6.13761
10.5734
1.81513
1.83475
1.4965
1.57422
2
1.70614
2.16901
1.62887
2.01376
1.87013
2.01376
2.40845
2.33884
2.04938
8.75847
2.64103
3.03947
2.25
1.86017
1.45399
2.02614
2.26623
2.1338
12.9679
27.9831
1.65351
1.55396
1.65138
1.51754
1.87156
1.71053
1.64831
2.01754
2.00877
1.77064
8.22768
1.81818
1.97368
1.8785
2.55385
2.19847
2.2782
1.92466
2.37226
2.72034
3.71053
2.94161
7.26493
1.36996
1.95614
1.42537
1.4375
2.39695
2.19298
2.68421
1.9661
2.79817
2.78899
17.5046
10.2087
4.61885
4.29893
49.5603
2.73171
2.59016
2.84393
2.47087
2.85816
39.3962
6.18376
16.6268
10.8246
9.8125
15.5737
7.68182
3.51195
0.927869
1.22619
1.31532
0.736667
0.759857
0.438819
0.675127
0.528736
0.40991
0.339928
0.588076
0.523605
0.153439
0.902174
0.837037
1.1451
1.0885
73
19.0344
0.837104
0.495614
1.09353
1.07097
1.69231
0.524823
0.930481
37.3624
67.1584
45.2638
171.315
1.0037
1.125
1.91892
2.26882
1.43779
1.82993
1.36681
1.38333
2.03488
1.23529
0.735669
0.146825
1.64706
1.24345
2.14205
1.35981
32.9902
16.5702
3.92308
4.04274
4.2
4.73394
4.29825
2.5
1.48246
1.48092
1.10915
1.54982
1.25
0.309783
1.11672
1.22881
1.07645
1.79646
1.60435
2.14474
1.86722
2.75439
1.5431
1.35455
1.56067
1.50896
1.65094
1.69583
1.49774
1.40711
7.7161
2.27727
1.24638
1.93023
2
26.7895
16.8062
2.39683
1.70213
2.35088
1.76147
2.10092
1.47807
1.45455
1.79661
1.83333
2.13303
1.84793
4.17308
2.34211
0.357143
2.12676
2.57971
3.76147
3.18349
2.93284
2.56637
2.88596
1.70339
1.86607
1.57895
1.62385
1.67227
7.45798
1.76515
1.79851
1.47706
1.44737
2.07619
1.51079
3.18493
88.3947
1.60177
1.7314
1.77093
1.86842
2.31651
1.8996
0.951899
1.00189
1.62887
6.65957
2
0.403061
2.37671
3.33051
11.9711
59.5599
9.34454
3.23636
14.678
59.972
6.76582
13.9254
10.6397
8.97255
7.01533
1.18552
1.00369
0.0956221
0.837037
0.344291
0.607843
0.776316
0.690323
0.785965
0.481953
0.843284
0.526882
0.620805
0.809339
0.661499
0.631737
0.363296
0.267473
52.8104
86.9099
6.19092
1.72106
169.657
0.494024
0.153959
1.78519
1.58696
0.127463
0.957143
1.25962
1.59606
0.897727
0.967742
1.24537
0.886861
1.34021
1.03636
2.42073
1.0678
1.98795
1.91579
43.1892
14.6268
2.3474
3.95364
6.02326
6.17241
1.11905
2.95618
8.09689
60.7808
1.82072
1.368
7.54
2.37288
2.24771
2.49541
2.62698
2.09231
18.0872
26.839
2.64875
3.79646
5.53175
5.84348
7.14879
1.51636
0.25
1.05382
1.3
3.36863
3.02752
6.33607
3.79825
3.72807
2.7193
2.52899
2.22581
65.9868
20.412
3.97561
5.44891
17.0439
50.5744
4.28713
3.41732
11.58
3.22152
9.33083
11.2886
60.0036
9.4973
12.3922
10.5249
20.5447
8.27468
0.887446
0.964981
0.898305
0.860759
0.770909
0.811594
0.818841
0.90625
0.798742
0.55914
0.663317
0.57485
0.565982
0.714286
0.853659
1.152
0.941667
0.24906
106.328
104.608
0.0028169
25.6119
8.33104
17.8826
74.2795
1.05426
4.70621
0.633028
1.00709
0.475836
0.34434
0.633028
0.666667
0.37386
0.285036
0.542735
0.647887
0.51004
0.285036
0.372727
0.191799
0.699571
1.29251
1.8961
1.87226
2.37295
1.58389
1.82456
1.10582
0.576324
0.716285
7.18613
4.59223
3.43841
10.8694
2.52448
9.53498
6.40146
9.86404
6.88559
5.79297
2.69091
1.85484
1.83955
0.420714
1.90826
1.85088
2.30508
1.7807
2.00709
3.31034
3.25424
2.04237
1.92982
1.976
1.93443
2.128
2.78689
10.1055
5.19492
5.27193
3.59633
8.19291
26.3102
3.62903
2.6055
1.94275
2.277
2.03906
2.17982
2.57798
2.87611
2.92683
2.7807
2
1.34118
0.386243
3.3211
3.70642
2.97368
45.4817
2.36066
2.14035
2.73305
2.04329
6.40351
12.8016
1.62838
6.85448
2.31884
2.44737
2.41284
40.812
3.01587
3.89474
26.4781
2.59649
1.81295
5.79706
22.9344
5
36.3156
2.81379
2.58861
20.573
12.0254
6.95413
18.4688
16.8464
8.10993
0.717557
0.797203
0.92623
0.12069
0.422487
0.849206
0.565574
0.27377
0.474057
0.515222
0.52657
0.497154
0.518703
0.866883
0.507338
0.808824
1.00855
29.0119
7.01176
10.3688
109.586
153.36
25.3703
102.344
0.910714
0.807163
0.942857
1.0843
0.972
0.826705
1.30603
1.03817
0.216837
1.14599
0.988189
0.836431
0.993506
1.43062
0.979508
15.0858
25.3929
4.3012
3.80315
1.57678
1.82186
2.27273
1.8087
1.72973
2.3125
1.61885
1.67373
1.18339
7.10656
1.12982
1.34211
1.30085
1.26749
6.94485
8.45175
8.40693
36.7418
5.85714
9.16818
1.11798
2.07727
1.97458
7.83051
1.68864
1.85281
3.52315
3.22422
1.87586
2.12581
0.992248
1.65258
2.95614
3.47706
4.00877
8.82895
2.64615
2.26087
2.53211
1.7971
1.8062
13.5556
2.51852
2.29508
9.05
1.61832
1.54128
1.72477
4.34649
3.01709
2.95763
4.62844
5.25847
5.25969
27.0642
3.47308
5.07456
3.32727
3.64474
7.21667
31.9087
2.11255
1.68807
39.9386
4.80165
2.51695
2.13089
3.13793
3.82203
10.4409
5.39344
93.6422
17.3493
10.0469
9.91985
19.0305
2.0888
0.795053
1.03462
0.787611
0.894309
1
1.05263
1
1.12236
1.17431
0.95122
1.16102
1.08403
1.01695
1.29825
1.09016
1.01695
7.66797
123.063
171.2
36.7125
0.890533
0.87234
0.716923
0.762082
0.892157
0.835206
0.986111
1.16461
0.969072
6.84146
0.660959
0.546835
0.816901
1.09565
1.12687
8.301
6.4693
2.52518
3.87288
4.04386
7.65141
3.19708
3.8945
4.18026
3.06667
2.16541
1.96753
2.11039
2.0155
2.63248
1.23684
1.52692
2.20339
0.252143
0.701461
1.44604
1.87281
1.54448
1.8319
1.77119
1.68443
1.6682
1.58716
13.0928
2.97464
2.98182
3.13559
5.10088
2.92123
3.68636
2.45238
1.93987
2.27632
1.72458
1.88496
0.387143
0.726496
1.27624
5.2521
5.03509
36.4495
2.36066
1.77642
2.21596
8.25877
1.62319
2.05505
1.81148
16.3303
3.94444
4.01754
3.57895
3.53571
15.0924
13.5254
4.84821
14.6727
11.8361
2.77056
2.43145
2.13992
2.02294
2.21053
2.14876
2.05505
1.34733
0.714286
1.36681
1.23986
5.66171
12.2421
8.03333
2.35102
2.18349
10.3274
11.6514
0.785714
25.8908
6.96491
63.918
21.4153
13.1284
16.5984
1.03831
1.07031
0.979757
0.984733
1.06452
1.2193
1.08036
1.09735
0.873016
1.13274
1.06464
0.991228
0.975709
0.581152
0.8
0.779221
1.27193
4.18963
31.1678
3.69898
2.30682
72.241
0.502041
0.624413
0.947368
0.712195
0.579592
0.353774
0.311275
0.647887
0.186508
0.301663
0.603325
2.14972
3.19492
3.39316
3.69231
2.1773
2.87156
3.33051
10.3532
33.3708
4.35537
75.4087
3.36822
7.64055
5.63636
45.9198
3.31119
2.33333
2.42982
2.344
1.70492
2.45614
2.67544
2.60909
0.421131
2.50459
15.8135
7.26027
9.08407
8.82743
2.08759
2.75229
6.45041
16.087
3.60526
1.32484
1.66308
11.0437
3.20455
5.03057
5.93644
2.85455
2.78947
2.07627
5.29358
3.76271
9.39035
4.58
5.02459
16.0077
62.1228
37.4713
2.07937
77.7869
22.0515
12.0561
1.25448
1.11765
0.151398
0.698795
0.643713
0.616667
0.355856
0.836879
0.874074
0.424125
0.589888
0.591716
0.716049
0.806667
0.704698
0.527778
0.876364
0.565097
42.3518
225.082
15.407
14.0695
45.4864
5.23361
4.97233
3.79825
3.7156
2.06215
1.93407
18.6815
2.32143
3.07252
2.86513
4.57627
4.05128
4.4058
0.732804
2.59633
2.28571
2.7807
3.44037
2.13559
2.272
3.18852
2.30275
2.4386
2.22018
2.30088
9.32569
3.72458
2.50794
35.1505
1.83835
1.64885
2.35965
2.13182
5.17188
20.8045
1.89837
2.12705
2.19651
2.08017
2.76233
2.60656
2.70796
3.13605
3.33333
10.4211
7.0431
5.33772
1.93249
2.03211
1.61789
1.4759
1.94495
1.31206
1.68153
1.05191
25.1311
9.94891
3.20455
1.95763
3.44545
17.0861
6.88596
19.4364
6.71538
4.10909
0.527778
3.81651
1.91234
2.22321
17.3257
7.74576
51.0036
0.703704
0.474286
12.7695
0.569892
0.876712
0.814035
0.777778
0.797872
0.944444
1.1875
0.61875
0.467337
0.392523
0.400835
0.375427
0.805714
0.602041
0.557457
0.527473
0.666667
22.5962
0.253929
21.8106
0.870748
0.596244
0.325472
1.9941
0.582569
0.713514
0.464789
0.325472
0.316038
0.353503
0.591549
0.445783
0.263658
0.270784
0.577982
0.591549
3.05283
8.54009
3.27465
2.32479
1.58647
0.427249
0.677586
2.01316
1.23273
1.6015
1.46429
1.98624
1.81435
1.8018
1.94495
2.73364
2.01556
2.65138
11.2827
18.625
1.5493
2.1371
1.9
2.53182
47.6471
5.96522
3.48624
1.71935
1.92571
7.82119
4.8
3.22881
2.63784
3.27465
2.62838
30.1376
8.16142
10.7818
12.322
26.192
13.3026
7.55474
17.0272
5.31551
6.39316
44.428
2.03623
1.66038
0.915825
2.77692
3.63889
3.38525
11.4298
55.7319
7.02128
4.92982
1.19299
12.6111
12.5741
8.02724
12.2862
0.938628
1.12069
1.02016
0.47343
0.513064
0.486667
0.392655
1.10075
1.10917
0.464762
0.611399
0.386667
0.445887
0.835616
0.132275
0.642623
0.772563
0.756364
68.1157
6.1982
0.193133
71.8304
0.452555
0.34434
0.651376
0.599078
0.304038
0.34434
0.633028
0.666667
0.34072
2.0285
0.681818
0.647887
0.51004
0.275534
0.797386
3.16972
2.88889
1.95294
1.85965
2.88559
5.36508
6.35
7.5641
2.73171
2.76147
3.97368
4.88596
6.47458
5.69277
1.15179
7.64706
4.8
3.88806
9.01128
1.5188
1.40484
3.90208
1.8719
1.75785
1.79661
1.82456
2.21101
1.76147
57.7431
1.77236
1.93636
1.6281
2.66372
2.21488
2.17544
2.3578
20.3165
2.08182
2.22131
2.21028
1.69604
2.40171
1.41549
1.78723
17.9674
2.01896
1.66667
2.15447
3.26724
27.8231
50.1047
4.89041
3.37594
5.8062
12.524
33.8646
13.491
15.8071
1.03968
13.669
13.2881
14.7854
15.1195
0.94902
0.753425
0.876712
0.963636
0.977358
1.14655
1.04667
0.995763
1.13158
1.17273
1.13761
0.90625
0.937729
0.15873
1.05
1.09649
1.10092
31.1272
121.336
0.0762053
0.660194
0.3769
0.363208
0.34434
0.633028
0.666667
0.186508
0.285036
0.651376
0.647887
0.427609
0.285036
0.492
0.666667
0.493976
2.71259
4.74429
2.39735
3.56881
2.51825
2.94495
9.35526
2.80159
3.4386
2.59615
2.25
1.67537
1.07656
2.22807
2.45133
2.01835
2.31193
2.54128
2.26606
2.76636
0.406463
1.60656
4.77481
9.12319
12.8158
7.09746
7.55274
1.70667
1.56522
1.78899
1.90909
1.75701
1.87156
1.62385
1.88073
1.94037
1.99127
3.05085
4.10526
15.364
5.4303
3.33333
13.1016
16.126
6.43849
3.85321
4.33466
3.38136
32.8858
5.26866
7.89344
9.8662
2.30508
2.60526
2.30233
1.65746
1.97761
2.79699
3.16058
2.49645
69.1162
7.68794
12.3802
18.7683
9.59322
7.66854
5.82031
0.94697
0.888502
1.0087
7.38865
0.695652
0.524297
0.857651
0.462585
0.899598
0.76779
0.78169
0.764706
0.697183
0.823944
0.44843
0.281392
0.434783
23.9049
191.853
42.0603
34.1669
101.018
1.07692
0.706186
0.581132
0.353774
0.311275
0.647887
3.28715
0.296037
0.308789
0.633028
0.666667
0.312977
0.294537
0.633028
0.647887
8.43291
25.4981
3.74797
14.1927
8.44954
7.76754
0.260582
1.88496
1.33058
2.15596
0.997375
0.687708
0.804781
0.663717
1.14366
1.27011
0.894737
1.60526
9.64118
2.51695
2.4918
2.02013
3.59633
3.54386
3.70085
5.14679
3.05932
3.80531
2.80508
0.599206
3.02427
4.17213
3.9386
2.54587
3.17857
2.29825
1.37574
1.12363
0.893333
3.28746
1.49153
1.64943
1.92029
14.5116
2.14007
2.81557
2.88341
2.12719
6.52443
1.80655
2.94253
3.63934
2.83459
26.9414
88.1656
4.69231
3.55963
5.12821
14.5656
19.5212
4.98408
4.68644
10.2421
18.5458
8.18182
1.09322
1.20175
1.37143
1.31193
0.928
0.992308
1.14679
1.31193
1.2844
1.22034
1.44037
1.17431
0.827586
0.764045
1.04918
0.161376
1.02459
121.211
6.32576
13.9593
1.23529
1.33333
1.17293
1.73504
1.87582
10.4467
4.03521
3.77105
3.74101
3.62353
4.73188
52.0212
1.65873
7.71491
2.19318
2.22845
2.55882
2.74561
2.16154
2.22603
2.9823
2.66972
5.72368
5.98305
2.4878
8.93421
3.76316
2.84746
4.25439
6.11009
3.97807
3.53211
2.6055
3.2193
2.72477
2.86239
0.53
41.0471
5.30515
5.4065
4.51613
9.50794
42.131
3.82353
36.8114
7.62054
3.68217
2.60465
3.31655
16.0149
2.88889
2.98165
4.51376
3.90678
92.633
9.29084
8.89831
5.79817
6.09091
19.8755
12.7111
0.734177
0.869231
0.797619
0.891791
0.701068
0.904594
0.629944
0.664384
0.531915
6.1791
0.690554
0.679612
0.943548
0.9375
0.947581
0.724739
0.753623
0.673077
93.4921
87.5295
1.096
7.27632
1.06329
1.1092
0.79646
1.42975
1.20705
3.18349
2.64253
1.62406
1.31
0.597285
0.643902
6.55479
31.8275
30.145
2.35537
1.73373
2.08257
2.52294
1.90826
2.16514
1.9322
2.3578
2.01587
1.66972
1.43066
10.8114
5.64035
4.07895
4.56154
4.84746
3.76271
3.12281
2.87712
3.01786
8.05462
1.47744
2.62719
2.20652
2.21711
3.3087
2.92623
2.45872
2.03175
2.5
2.09649
2.11966
2.44444
2.40984
7.14437
2.1745
2.87288
2.15929
94.5702
6.52256
3.25517
6.83942
28.8555
11.7377
4
2.80328
12.5872
10.6269
14.8856
3.02381
4.29661
26.933
66.7637
0.218045
0.310976
167.369
1.152
0.745946
0.32626
0.356295
0.34434
0.633028
0.167989
0.299287
0.353774
0.633028
0.633803
0.375
0.565611
0.561644
0.647887
0.51004
5.30998
21.6162
8.34615
6.05147
4.29412
6.39791
9.00847
1.87288
1.84091
2.01825
1.71739
1.20976
1.2035
0.603053
1.68974
1.12871
11.6569
2.02655
1.38736
1.31121
1.18548
2.26199
2.90535
2.65894
9.07787
2.24257
10.5168
5.22137
62.8532
2.592
3.86885
2.79699
3.26316
4.52294
4.99083
10.7248
5.86538
5.74429
19.5952
2.26957
2.24091
7.66946
1.41667
2.14932
2.38158
2.22624
1.82836
2.02752
1.72477
1.88073
1.57377
2.88596
3.73394
2.21186
2.60317
2.24096
0.641534
1.88073
1.85075
1.93431
2.91284
117.588
26.1732
13.0106
11.791
17.3333
0.752475
0.918699
0.576503
0.789091
0.75
0.793103
0.734266
1.11739
1.08197
0.865079
0.920635
0.801587
0.832714
0.754967
0.915179
0.470046
0.413093
17.2276
15.462
64.6332
0.521164
3.16535
3.94656
2.78814
7.61864
2.36885
6.5
6.94872
15.9394
8.54098
5.31148
5.98305
4.79825
4.45113
1.09788
10.7844
3.86567
1.54878
1.051
2.12727
2.40359
2.30508
2.61667
7.91803
2.9
3.86842
7.51271
11.7431
1.57778
2.37719
2.33898
1.46512
6.507
5.11852
2.13559
1.88073
156.832
121.004
5.22881
7.18807
11.2336
10.6864
21.3909
7.44915
1.02155
0.111772
0.654605
0.761404
0.889764
1.02439
1
0.538922
0.762943
0.577049
0.344569
0.349442
0.5
0.489465
0.646018
0.809689
0.833333
3.73646
37.5894
0.0221675
47.625
0.187831
0.346698
0.394667
0.972603
0.806061
0.468085
0.34434
0.384848
0.647887
0.493976
0.304038
0.301471
0.186508
0.545064
0.292162
2.93587
3.08242
8.85448
13.1187
3.08282
15.4064
7.98897
38.697
16.7087
9.63717
8.21186
2.21101
2.82569
5.02632
4.14679
9.22368
83.2385
2.24793
2.15385
3.6791
37.9153
4.15044
126.484
7.02459
15.991
8.59322
10.7248
2.38494
0.946565
0.745342
0.369427
0.414634
5.64041
0.942675
1.04
0.701657
0.67027
0.409594
0.680203
0.680203
0.354633
0.880952
1.04918
1.16667
1.30275
152.426
197.35
4.30396
106.06
21.7957
1.33953
34.2919
1.66242
2.06579
2.28169
74.5921
2.80137
4.18349
27.0734
21.6267
18.5779
9.58559
14.2958
1.01873
0.623596
0.639073
0.628289
0.744604
0.67101
0.585443
0.505747
0.405567
0.713376
0.666667
0.683824
0.754717
0.794118
0.781377
0.636905
0.146684
0.928571
62.8567
6.4943
8.87574
22.2604
205.793
13
1.57083
8.71366
1.20944
1.63525
1.53134
1.90361
2.00877
2.06881
1.92105
4.75564
5.73413
2.3641
3.57374
2.16616
3.30147
1.4479
75.1074
41.2642
3.9322
4.73684
9.53209
3.32975
7.78667
48.0841
3.93913
2.51261
2.67692
2.14483
2.05109
2.0339
2.24
73.2068
27.3701
9.69742
10.9315
23.0153
205.028
8.07422
59.6627
2.95763
9.10088
2.24576
2.27966
216.729
38.1581
1.03165
0.64878
21.3045
0.220339
0.18544
9.84024
2.15924
1.50259
0.683333
1.56855
2.14074
1.07836
1.82938
2.296
1.5
0.916667
1.60847
1.52358
1.19556
1.13551
0.815047
126.929
4.02985
1.84426
2.25294
3.78512
3.82803
5.78704
305.243
23.8607
43.8374
1.98092
1.81338
0.902222
1.40588
1.71119
1.5146
5.9
1.0977
1.0239
1.61765
1.10193
462.111
0.743169
0.404199
97.2182
1.438
