3.33033
0.903987
10.9275
11.6726
31.1981
1.75229
0.785321
1.6087
1.56786
1.74552
9.48485
1.77632
2.34351
3.92889
2.07619
1.11663
2.08532
2.71341
2.26132
1.38967
1.81496
3.30625
7.29057
1.89545
1.85
1.35474
1.09744
1.68077
2.2963
2.48958
1.83729
1.88934
1.46048
1.55036
1.72761
2.11864
2.26316
6.83838
4.5
1.37288
2.72973
1.87097
2.7697
2.38202
1.69863
2.71171
2.14947
1.93609
2.152
4.49635
1.96653
5.52083
3.15642
2.94139
2.30719
1.8766
1.55762
2.22053
1.69637
1.95604
1.7608
2.74725
2.6601
3.83871
1.72243
9.90865
1.9781
1.8524
1.36905
2.84409
1.85771
2.26506
1.64
1.557
2.11159
2.10078
1.91288
1.90625
2.70213
6.62105
3.50251
1.6023
1.91639
1.44969
2.50996
2.14134
2.06584
1.39024
0.971279
1.89796
1.69784
2.15966
2.0211
0.285119
1.57239
3.51562
2.11392
2.20705
2.97131
1.31628
1.42231
2.79583
2.4902
1.88667
1.93927
1.72492
8.66524
1.69512
2.01364
1.94464
3.48057
1.10979
1.63446
2.58369
2.41379
2.0309
1.75266
1.49378
1.58958
5.0904
1.6726
2.58779
3.47826
1.1697
2.91071
1.38938
2.39286
1.70526
1.76877
2.21101
3.87755
1.24289
0.391156
1.72868
1.49007
2.7814
3.5314
2.02273
2.31602
2.03257
2.35
1.47191
11.7081
6.06231
2.3209
2.47619
2.65044
1.78309
3.72109
3.692
1.42857
2.24364
2.90244
1.96567
1.49211
2.29496
8.85897
3.38182
0.548387
2.73303
1.40557
2.46124
2.91518
2.61003
3.00971
1.22609
2.73643
1.63636
3.43541
0.472737
1.21713
2.10757
2.01908
1.66355
2.46154
1.87546
1.98413
1.65116
1.96629
2.37546
1.08511
2.07724
13.2733
1.61667
2.2
1.44728
1.64423
2.07983
1.99645
1.5587
1.91259
2.01818
3.25271
3.90164
1.08805
7.41057
2.78659
2.05976
1.76351
2.60987
2.08591
1.78545
1.99587
1.34495
1.4375
2.40132
2.10274
2.50862
1.92806
7.3463
2.07364
1.91034
2.31457
2.48416
2.548
2.28054
2.51542
1.33951
1.51807
1.86792
2.36466
2.54777
6.91873
3.21782
2.48413
2.34545
1.83333
2.05903
2.02076
1.59871
2.37402
3.05714
2.33077
1.88983
1.772
5.15427
2.61589
1.26722
1.93907
2.91837
2.45643
1.87415
2.38889
1.53898
2.16118
3.16726
1.59107
2.24528
0.291098
8.53552
3.98582
1.14865
1.48457
1.87649
1.50806
1.43182
1.96923
1.77593
1.89961
3.81132
0.368153
1.50164
2.92105
2.04091
2
2.27586
2.9246
2.12734
1.52923
1.9962
1.81961
2.28464
5.93009
1.18944
1.81853
1.78526
1.76596
2.15287
3.01786
1.27083
2.312
2.31628
2.11972
2.29762
2.49145
6.69504
2.40698
3.00508
2.85502
3.76522
1.30079
4.70722
1.31208
1.87398
2.48458
1.61066
1.996
1.53416
0.381803
2.58621
2.1
2.13672
1.69159
1.76296
2.85932
2.4
0.965831
2.42342
1.28667
2.30159
2.56917
0.392081
1.58912
1.9876
1.63194
1.34219
1.59854
2.28571
3.08754
1.07143
2.88437
1.88852
1.76833
13.5306
2.96127
1.24528
1.98052
2.76448
1.74275
1.78676
2.816
5.19244
1.22581
2.03937
1.74
7.97177
3.86667
4.38489
1.49351
2.16479
1.25439
1.74449
1.94318
1.15951
2.3319
2.70445
1.40576
2.78571
1.52612
8.6713
1.89354
8.74038
1.46305
2.35556
1.9918
2.11814
1.87857
2.00645
2.06415
1.23203
2.14829
2.01068
3.90995
0.381988
1.76206
1.38623
2.48624
1.51417
2.08219
2.62774
2.78356
1.33628
1.89667
1.8629
1.75258
8.32
3.39041
2.12782
1.32852
2.51256
1.93141
1.6223
2.89575
2.02256
2.53648
1.55205
1.64567
1.75578
1.98095
2.21399
7.99573
2.98624
2.58197
1.4566
1.66308
1.90458
1.78889
2.17442
1.9934
2.55365
3.46795
1.43976
2.14286
7.90152
1.88843
2.76412
2.16726
1.45014
2.22078
2.65842
1.72
2.01531
2.51556
2.97665
3.25439
1.23256
0.27381
3.28643
2.63913
2.10256
1.76753
0.864286
1.39489
1.28912
2.94089
2.43396
1.59922
1.9876
1.61132
1.89199
7.6378
6.13873
1.17647
1.97154
2.01792
2.4552
1.68293
0.666667
2.60324
3.74091
1.03672
1.99324
2.40562
0.26534
1.82482
3.00922
4.74627
3.92067
1.12849
2.39922
2.255
2.55785
2.13109
1.77612
0.314208
1.47003
2.01071
2.31104
3.09544
2.19805
1.98828
1.93913
2.38261
2.06349
1.80755
1.57736
2.81159
0.269036
1.2634
2.68519
2.25078
3.40891
0.815427
1.79936
1.72549
2.06415
3.09326
2.16602
2.15686
2.57544
0.381494
2.52778
1.56115
1.52645
2.02745
3.66061
1.68444
1.15297
2.14583
2.47297
2.05333
1.73764
3.12698
2.39899
0.265944
1.808
1.50629
2.13808
1.4713
2.1841
1.56229
2.72052
1.78981
2.09486
2.98361
1.88395
3.96751
0.435105
1.72973
3.13284
2.02372
1.39205
1.43726
1.87797
2.15809
2.64777
4.20423
0.972056
0.56015
1.74205
2.37945
1.86328
4.4958
2.98524
1.29394
1.46844
2.16735
1.98024
2.28763
3.21978
2.06522
0.337756
2.4
2.3451
2.75
1.72388
5.74847
1.12903
1.90361
1.81377
1.56386
1.93088
2.01575
1.55594
10.7043
3.609
1.86645
3.13248
1.7971
2.15745
1.34853
1.77241
2.125
1.92975
1.80165
6.14655
6.31804
2.07836
2.42629
1.086
1.41214
2.16016
4.96014
1.80743
6.94495
11.2851
1.17871
1.61972
1.53979
1.40426
2.3278
2.37037
1.0362
3.19786
1.90494
1.82292
2.84279
2.29798
1.46528
0.368506
2.58824
2.81949
1.52198
1.64528
1.65157
2.76147
1.58219
1.97338
1.84884
1.29565
3.12865
2.60494
6.63
2.69266
1.43731
1.70091
1.67308
1.91837
3.75839
1.4
3.99435
8.24719
3.54706
0.358563
1.48094
1.76818
1.54313
2.20354
1.69963
1.73214
1.24164
2.93237
2.46988
2.58081
1.93023
2.38306
2.12143
9.10811
1.78369
1.95941
3.14493
1.70526
2.78903
2.70417
1.95154
1.75368
2.92032
1.39386
3.1125
2.48057
0.347712
3.20482
2.48548
1.46628
2.01527
2.59364
2.15854
1.34359
1.86713
2.09959
2.32645
2.28774
4.9507
0.349781
5.33161
3.52802
1.70992
1.98322
1.79399
3.0266
2.54709
2.19164
4.77005
1.96648
0.61924
2.73993
1.41667
2.21456
1.9069
2.24735
2.53082
1.55556
1.7874
1.97095
1.6343
1.48582
5.96923
1.45455
1.39482
2.02767
2.57764
1.97473
2.61991
2.41502
2.75229
3.0942
2.56072
0.826464
6.55839
2.42857
2.01688
2.81008
1.60961
2.3166
2.29461
3.47674
2.39427
1.38049
1.57447
1.85619
1.62
6.27302
1.61224
3.2973
2.39431
2.46
1.76358
3.80822
1.51957
2.55605
1.74426
3.93778
1.77224
1.63441
2.75771
0.428571
2.28814
2.07509
1.88333
2.75812
1.3964
2.24176
1.74499
1.47989
1.35168
1.90347
1.70714
3.44751
0.446252
1.19306
2.14815
1.70671
2
1.29664
1.56436
1.76285
2.78059
2.09124
2.40945
2.9145
5.53619
3.12121
1.5945
1.66393
2.19324
1.66346
5.65455
7.38908
1.72853
1.54513
1.78467
2.64068
0.383929
2.06786
2.18828
2.96522
1.23497
3.41156
0.883673
2.44144
2
1.86585
2.48515
1.73704
2.08
0.329545
1.74721
1.95623
2.7156
1.84814
2.41803
1.96512
2.6
2.43137
1.87774
3.3
2.08596
1.7099
0.357143
2.04089
3.25424
2
1.71875
1.73455
2.53371
2.34783
1.96578
2.04981
2.15
2.62069
1.96911
1.07801
7.90435
1.85382
1.55041
2.21107
1.4
2.89362
3.57143
2.47368
1.99355
1.65075
2.83895
1.48923
1.81513
0.289541
3.41296
3.67253
1.1521
2.14062
1.60507
1.71329
1.56328
3.26769
5.48523
0.268899
2.01569
1.81992
1.83221
1.66544
2.30732
1.61778
2.41503
1.79808
1.47959
1.20334
3.24211
4.7563
2.1581
0.507937
2.33486
4.24818
2.06738
1.92581
1.39483
1.79456
3.21714
5.12598
1.93774
2.81675
3.17308
1.28676
9.13734
5.35256
1.5034
2.69898
2.2438
3.06875
1.66426
2.24427
2.32014
1.46875
4.6
2.08502
3.35519
1.07034
2.3
0.510842
1.89227
1.65922
4.1746
1.88561
1.57857
2.17447
1.79643
1.88278
2.49782
2.15185
3.23651
3.06786
0.50869
2.16235
2.37849
1.93496
1.93636
2.32197
1.76357
2.24315
2.33333
1.14986
1.89899
1.56657
0.454365
1.41553
2.0969
1.96751
1.94872
1.96552
1.62205
2.03169
1.17958
2.21488
1.30233
3.37668
1.09836
8.12205
3.31308
1.78716
3.01782
1.68683
2.59477
0.894349
1.38686
1.93004
3.65405
2.24806
2.61569
7.45914
2.06757
1.07509
1.93805
1.86822
1.8
4.28063
3.83214
1.23282
1.95941
2.39091
2.16791
1.68726
6.95057
2.35242
2.20714
1.68634
1.97581
2.26432
1.86792
2.59471
2.37295
2.78109
1.93385
2.00398
1.86429
1.71023
2.62385
0.547321
2.20339
2.1375
2.15695
1.80345
2.17073
1.97173
1.97101
2.22176
3.05556
2.0211
2.18519
2.10909
7.39615
4.47651
2.98246
2.27823
1.68794
3.17801
2.10776
1.89916
2.13514
2.00893
3.43348
1.25623
2.67708
1.54779
1.9639
8.74074
1.51064
1.52321
1.50871
2.34286
3.18966
2.15282
2.6681
2.15074
2.24296
1.37817
2.58411
1.58996
2.14655
0.301786
4.125
1.33564
1.47078
1.62449
1.84052
1.2577
2.50345
1.68322
2.94144
2.3633
2.72275
3.18307
1.39159
2.91603
1.42812
2.35407
1.91319
2.03175
3.7641
2.4435
1.93575
1.5
2.54331
1.62857
5.95327
2.3125
2.81
3.73397
1.12469
1.70979
2.21818
2.58123
2.63035
1.45623
1.8629
1.39939
2.04615
0.378827
2.09286
2.45276
2.73853
1.87037
2.78261
1.19664
1.59664
1.5748
2.14672
1.72039
1.43774
2.14925
5.95224
1.97048
1.736
3.07042
1.28803
1.99602
4.16964
1.11623
3.35741
1.88235
2.31963
2.16355
1.75
5.76543
1.49333
3.44397
2.04348
2.38321
2.67073
1.71182
1.39426
1.78893
2.42972
1.55859
1.38279
1.90837
8.83173
2.35
2.09053
2.14516
2.16949
2.13274
2.3348
2.03833
2.28704
2.69604
2.46907
2.22768
4.1701
2.01034
8.21983
2.41935
1.96694
1.74074
1.61566
2.76106
2.48347
3.27513
1.54815
2.24315
1.61517
1.58824
1.77736
3.21264
8
2.65689
3.00725
1.18684
1.89062
2.27155
1.48036
1.95695
2.69432
2.68636
2.20614
3.3401
1.31871
0.259155
1.9359
2.5907
2.27778
2.3908
1.90476
2.28194
1.41429
2.88601
5.28182
1.46739
1.48667
7.08425
1.75738
2.32422
1.82545
1.80546
2.5678
2.1145
1.46684
2.13758
2.45734
2.0211
1.79372
2.64626
7.88186
2.29817
2.21875
3.144
2.3745
1.53287
1.54728
2.04895
1.81522
2.22222
2.18939
2.24046
1.91844
6.13378
1.77903
2.32218
2.41353
3.7782
2.78549
2.73154
2.83451
1.91148
1.29494
2.60944
2.21795
0.335979
7.59174
12.3946
1.16522
2.47934
1.40164
1.62541
1.83913
8.13011
1.23462
1.66901
1.99592
1.37346
2.7156
2.6569
1.6678
2.12963
1.2839
1.74494
2.02941
1.91915
1.47619
6.20833
1.34528
2.24913
2.07663
1.57321
2.85098
1.25258
2.1588
2.11498
3.18182
1.46392
1.751
2.68085
4.81369
0.432534
2.18349
1.12091
3.34553
1.46914
1.68792
2.80476
2.56784
1.2971
3.28829
1.75427
2.37551
1.9
7.00717
2.28352
1.71805
2.14786
2.30153
2.01866
1.58029
1.84906
2.72811
1.73878
2.12273
2.04659
2.90952
3
5.11538
1.18654
1.66078
2.27037
4.05769
2.53516
2.10194
2.51515
3.0041
1.30097
1.91209
2.39695
1.91214
1.26385
0.340714
2.24199
5.0283
2.70513
2.95763
2.73518
1.4538
2.93798
4.0363
0.871245
2.03879
2.21484
7.86694
2.41799
1.8764
2.0597
2.26991
2.37238
2.10931
1.91611
1.71595
1.71704
1.12941
1.4784
1.84672
2.34629
2.89804
0.352679
2.49778
1.57919
2.04231
1.89954
1.8756
1.29062
2.22
1.51079
1.48936
3.53171
2.91746
0.975342
3.72222
0.93512
2.00971
2.02069
2.91341
1.66981
1.7193
2.40076
1.73485
1.7093
2.49421
2.92647
6.5981
2.34201
3.1814
1.8694
1.56231
1.80342
1.82041
2.32906
2.33482
1.66207
1.94248
2.39754
1.91954
2.63786
0.277372
2.35319
1.7875
1.14815
1.84151
2.08856
1.66456
1.80973
1.44611
2.09388
2.20152
1.98805
1.9391
1.73878
6.38519
1.21975
1.47651
1.832
1.5
3.86979
1.86769
3.21477
1.34673
2.18504
1.92885
2.77612
2.12913
0.299834
1.36036
2.72642
1.77444
2.00433
2.01027
2.27711
2.325
10.3307
6.81879
2.7003
2.02023
3.15289
1.3526
1.86853
2.68797
1.7192
2.09924
1.61328
2.16889
8.27027
2.15294
1.22951
2.55449
2.21708
1.84677
1.62847
1.66288
1.7717
1.70896
1.54762
1.63139
1.08224
1.41791
0.718894
0.442308
2.30719
1.21636
1.71769
2.99435
1.05655
1.55597
1.59921
2.69076
2.63229
2.26102
1.29846
2.6834
5.45845
2.23106
1.83509
2.61411
1.71841
2.63043
1.21341
1.83784
1.48837
1.72993
2.36239
3.61616
1.97492
6.91398
1.89474
2.57107
1.52063
6.02973
9.06897
1.23756
2.06612
0.424689
2.94468
2.00685
2.56383
2.5
2.06
2.08451
2.91892
1.66403
1.79649
2.18657
2.09434
3.56279
7.59231
3.58065
3.3955
1.95294
3.60959
3.41379
1.11143
2.40076
2.10545
2.13805
3.18056
4.0086
3.08511
2.41667
2.06148
2.34298
2.18391
2.64372
2.71548
1.6478
1.64769
4.70204
1.43197
1.4256
6.8609
3.2439
1.42247
1.94631
1.89964
2.72143
1.54088
4.19216
2.32727
1.21516
2.41909
2.00823
9.28936
1.50543
2.03376
2.15827
1.80465
1.56767
2.072
1.94314
2.56175
1.58934
2.16372
2.03906
1.51292
6.47205
4.11392
1.79152
1.71053
1.89236
1.41489
1.80707
1.56667
2.39474
2.66502
2.4703
1.8893
1.83696
5.23585
2.34091
0.309332
2.64135
5.36232
13.8817
1.34217
2.17904
1.67384
2.73991
0.29083
4.0596
1.74854
2.11407
3.95133
2.20588
3.84951
1.45708
2.15038
3.42162
2.67296
0.268927
1.99091
1.6381
2.1039
1.47911
1.78333
1.71377
2.34722
2.48707
2.8015
3.03883
2.18881
5.84839
3.25792
2.50464
2.07295
2.13469
2.22053
2.10526
1.75099
1.87755
2.26556
1.60851
1.90283
1.78929
2.26667
0.463624
1.00229
2.80374
2.13469
2.18182
2.44904
1.60366
2.34084
0.850325
2.5514
2.64286
2.54789
8.2383
1.81818
3.28959
2.52529
1.99587
2.96739
1.34307
2.09055
1.47253
1.62295
2.5
5.05556
2.56897
4.46617
5.06509
1.34892
1.85714
2.6129
2.91628
1.85
2.36889
1.65421
4.67553
1.45588
2.5687
1.92933
1.74377
2.27386
0.378827
2.51786
1.49854
1.49737
1.99275
3.58893
1.65361
1.81967
1.9918
2.61778
1.94059
2.19178
8.85281
4.04
2.51131
2.79781
2.25837
1.66058
1.84211
2.32226
1.65
6.02609
1.64255
1.80822
2.14085
1.91007
1.79412
0.403727
2.10121
2.1098
2.01805
1.78333
2.2902
2.15833
2.12134
2.06641
2.77477
1.50809
2.09451
2.48519
12.8373
1.75333
1.54142
3.14379
1.39039
2.67421
1.84
1.56061
2.30147
1.59707
2.22041
2.94059
2.34071
1.95019
0.312857
2.97244
6.01818
2.18421
0.993266
1.5767
2.50685
2.32653
2.55042
1.61603
2.01064
1.21839
1.844
3.0184
7.41797
1.16154
1.67925
2.06198
3.1502
1.74096
1.80882
1.86063
1.52997
3.80541
2.12403
2.1102
2.10359
1.46125
0.496753
2.48936
2.60633
2.21757
2.12734
3.88202
1.33793
2.23755
2.88177
2.92015
2.09677
3.30769
1.7619
0.454545
2.22
1.24781
2
4.71429
3.68116
1.72603
1.40461
1.92837
1.68817
2.19802
1.63728
2.05837
0.323892
2.64088
2.03175
2.16532
1.59231
2.46215
3.27461
1.30696
2.32719
7.05674
1.39568
2.37238
7.27698
1.97569
5.79528
3.52924
0.610272
1.48684
2.61938
2.54043
1.66667
2.54753
3.77489
5.15578
2.685
1.97015
3.12556
2.18217
1.80068
1.52711
2.50671
1.80696
1.64706
1.76159
1.92832
1.69538
7.25573
1.659
2.16129
1.56429
2.26506
1.66667
7.94737
4.33562
1.99583
1.5942
2.44922
2.87259
2.00588
0.362637
2.52252
2.07798
1.15896
1.83203
1.86
1.33333
1.69388
1.25843
1.63799
1.4685
1.95455
2.05579
2.57732
1.61905
17.72
1.67718
1.75261
2.25862
1.76923
2.42188
3.88849
1.86179
2.69186
1.61468
3.81507
7.87045
3.88446
1.23848
2.20913
2.37847
1.92113
1.8252
2
2.02105
2.0804
2.36777
2.83105
2.69343
0.549589
1.82263
3.19075
1.58301
1.45588
1.72043
2.96567
2.96923
3.11307
0.888087
1.63636
6.94526
2.59375
2.06897
2.06028
1.09355
2.37179
1.59925
1.55414
2.30798
1.71273
1.92411
2.38745
1.87164
2.03915
8.1087
2.44898
2.07692
2.00784
1.45528
2.00377
2.57292
2.27007
1.69038
2.82328
2.05078
2.26364
1.76506
2.53846
3.62028
2.23774
1.56552
2.80729
1.88235
1.43953
2.97908
1.47383
1.5142
1.58394
1.78195
1.67879
2.11312
1.42581
7.16031
2.40244
1.39623
1.78439
2.0042
5.7138
1.37532
2.28571
1.47024
2.58159
1.29639
1.69517
11.9651
2.85185
1.47569
2.02448
2.22634
2.07563
2.09442
1.98739
2.96667
4.00823
1.56647
2.34322
1.74905
2.49751
6.86379
1.68079
1.96981
3.9375
2.33482
2.03788
1.59661
2.6347
1.74539
1.55202
1.44151
2.01493
2.33202
1.45687
0.621305
0.886076
2.13559
2.21097
1.904
1.80597
2.51724
2.9
2.03654
1.91789
1.54417
2.11765
1.8502
0.641807
2.39806
2.62443
1.27925
2.58051
2.60484
2.05159
1.6834
2.41176
2.60764
0.812245
9.76336
0.441121
2.36863
1.29213
1.9697
3
1.78947
1.76829
2.18403
1.5265
2.08824
1.77474
2.77626
1.69742
1.55743
0.454464
1.5993
1.62847
2.00862
1.72993
2.05769
1.23427
2.13357
1.90997
3.28077
2.14126
2.76142
0.504233
1.16944
2.39437
11.301
2.7619
3.72575
0.611111
1.98913
6.9529
2.12409
1.92742
1.46619
1.97705
5.07477
5.97683
1.4024
2.03409
1.68195
1.72483
6.97378
3.95565
2.24164
1.50524
2.13834
1.64495
1.88087
2.1748
2.05634
1.26582
2.31618
1.72523
1.34539
7.11765
2.87234
1.65328
1.72036
2.52917
2.47321
6.2492
3.48168
1.34901
2.78731
6.21587
1.95331
3.40526
3.56985
2.125
2.04321
1.21946
1.85818
1.76498
1.45455
3.12
2.54717
2.71978
1.24658
0.596639
2.04016
2.29885
2.08911
2.49091
1.85836
2.23554
3.40964
1.5331
1.63175
2.124
2.32927
8.83482
1.75304
1.6831
2.12069
3.77288
3.38158
2.64629
1.96786
2.61538
2.77739
1.29323
0.36369
1.74729
1.74427
1.79008
1.96154
3.66129
1
1.96751
2.51786
1.97738
1.81092
2.85833
1.68613
1.78333
0.336957
1.40672
1.58276
2.04795
2.81679
1.24516
2.17844
3.42199
1.10992
1.74275
3.72385
2.51713
5.75806
2.17391
4.42105
0.829412
1.7451
2.16842
3.85556
1.48944
1.98283
2.37132
1.3149
2.15356
1.37736
0.261243
2.28881
1.9547
1.28269
1.13208
1.82707
2.55714
1.79787
1.976
1.74448
4.01515
1.35429
1.95679
7.10294
3.4527
2.21339
1.94841
1.76161
2.2605
1.50137
2.17436
2.24777
2.84685
2.67073
3.8755
0.320809
1.02239
1.70034
2.00803
1.90152
2.18361
2.08408
1.98069
1.67181
2.14388
1.35057
1.18065
1.40138
0.312925
1.84914
1.74818
1.64591
1.70748
2.94505
2.50467
1.44697
1.57317
1.78662
1.89216
2.59766
3
2.44898
7.37023
3.71429
2.01732
2.07087
2.42745
4.18033
4.72069
1.07963
3.18605
2.8255
1.64669
2.15566
0.682143
3.61278
1.21212
1.5434
2.91667
1.98696
1.79775
1.92276
2.3346
3.39623
2.87395
3.69328
2.46226
1.39152
1.43023
3.16949
2.27668
2.54751
1.653
1.91336
1.90588
1.92636
2.37089
2.28205
2.18727
8.64474
2.18214
2.16929
3.99296
1.72923
2.68966
1.5638
2.6065
2.45489
1.42951
2.23148
1.80567
1.02058
6.48822
3.32099
1.89695
1.83871
1.84758
2.24464
1.70189
2.05976
2.2375
1.91935
1.94468
1.70486
2.15891
1.82018
2.24658
8.78302
2.13426
1.55639
0.87822
1.35254
2.69038
1.5
1.54815
2.03509
1.92424
2.19027
1.60473
2.23478
2.83133
1.864
6.95686
1.32822
2.45192
1.63258
1.79688
1.96512
2.36364
0.95625
3.5396
1.81712
2.35055
1.80934
2.40161
2.13043
0.466964
1.712
4.91586
2.78976
1.46774
4.13103
1.25197
3.13866
1.87697
1.8
9.01456
1.99038
2.01587
2.38843
2.04777
2.17626
1.38421
1.9875
1.86316
1.84561
1.96567
2.27313
1.64286
1.83654
5.98366
1.80634
1.45652
1.8843
3.12207
2.09662
2.68914
1.48329
3.46014
0.82047
2.0819
1.30634
1.8806
6.66316
1.70342
1.52189
1.95753
2.15315
1.80165
2.11789
2.78838
3.72642
1.61934
2.78279
5.56557
5.66667
2.44528
1.90476
2.87791
1.39535
2.13699
2.86517
2.44595
2.73568
1.85484
2.4963
1.6947
1.87375
6.61056
4.17143
3.2567
3.45769
1.59635
1.42938
1.90672
2.287
3.01531
2.42857
2.06827
1.81967
1.93385
3.48663
0.348571
4.02362
4.73913
0.875912
1.93243
3.72857
1.97083
1.44
1.8024
2.27234
2.37387
1.98734
2.26562
1.65714
7.79424
1.54252
2.17769
5.15953
1.64338
1.91473
2.77215
1.38764
3.1
6.66768
4.84615
0.302326
2.14035
1.46099
2.39535
1.48582
1.92759
2.112
1.7551
5.27753
1.28607
2.63838
1.36494
11.1264
2.41667
1.86598
1.41479
2.47525
2.5155
2.79654
1.49231
3.04281
1.1615
2.54955
1.8777
7.592
3.77551
1.94595
2.44309
1.66472
2.22059
1.60949
2.11304
2.55066
1.72781
2.15203
1.87109
1.94444
1.97656
1.25926
7.36015
1.9451
2.588
1.11656
1.891
1.46349
2.19196
2.44105
1.62633
1.50988
2.36
4.02346
4.70769
0.351648
2.46502
1.98734
2.02326
1.96691
3.84706
2.04134
1.34656
4.42014
2.48157
1.96491
0.441469
1.9622
2.296
1.34951
2.47596
1.64085
1.57237
3.41566
3.94721
3.00798
1.64857
1.41497
0.423137
1.69485
2.19907
3.07656
1.69004
1.98252
1.69412
2.41925
3.31894
2.38235
1.92923
3.84419
2.0112
1.098
1.63941
2.10105
1.46642
2.47826
2.24603
2.01487
2.28958
3.14749
1.60961
6.24516
2.24153
1.65772
6.71852
1.88674
2.70934
1.91753
3.66063
1.49057
2.625
1.72874
2.06338
2.2974
7.26644
8.93151
1.37748
1.1201
5.51779
1.6185
1.8741
2.03502
2.64286
1.63659
2.88845
0.40728
2.81356
2.04967
2.6453
3.3797
1.72973
2.14925
1.78016
2.12782
1.65027
2.23077
1.67374
0.301679
2.3694
1.7614
1.05155
1.67412
2.03289
1.09368
2.12847
1.81206
1.98291
1.50138
1.80769
1.32986
8.2621
1.8427
2.63019
3.78413
0.904277
2.47317
1.23256
2.70721
1.95341
1.81818
1.34505
2.30631
1.696
10.8854
3.33471
1.23759
2.19048
3.8797
1.52161
2.06335
2.38326
2.73967
2.14765
1.97842
2
5.27668
1.56534
1.65318
1.83955
3.28387
1.83439
2.94975
2.06589
3.09605
2.7881
2.41026
1.82576
2.65854
0.245833
1.96939
2.14231
2.15018
2.13453
2.26522
2.93939
2.91038
2.8186
2.78205
1.99118
1.14127
0.944444
11.6647
4.19337
2.82462
1.54839
1.89098
3.20707
2.13525
3.91401
1.18319
1.73047
1.85965
2.06198
0.559753
1.80068
1.62667
3.73022
3.95349
1.37176
1.15972
1.72063
1.94421
1.81073
1.69884
1.20939
7.05415
3.29126
2.09569
1.82231
1.968
1.6108
2.66412
0.818627
1.67399
2.15814
1.89299
1.88103
2.625
1.96341
1.40329
5.56845
1.83846
3.26452
2.54468
2.0757
2.12719
2.136
1.25831
2.26667
1.85915
2.0292
3.22944
1.51178
2.5102
0.262212
2.40594
2.56202
1.29586
8.31019
0.82381
2.38174
2
1.73361
1.58086
1.93561
1.7732
7.51969
2.54753
1.66165
2.05328
2.42739
2.02787
1.96181
1.6255
1.47826
1.88704
2.35789
2.86641
2.01562
7.42748
1.67014
1.79853
2.03113
4.33696
0.947368
0.967337
2.58515
2.89974
2.48817
1.46588
1.56757
8.16078
2.07171
2.35169
1.49655
2.27477
1.46945
1.42034
1.71787
2.09363
2.20165
1.69153
1.6284
2.63111
3.18768
0.344122
1.27799
1.49042
1.70412
1.84211
1.56985
1.50575
3.49367
1.28465
2.68966
1.99225
1.51572
1.83193
1.88603
10.8652
2.11864
1.93651
1.92672
2.16142
2.23482
1.4806
1.65845
1.73404
2.31174
6.18
1.72304
1.11444
3.1976
0.388188
1.74426
4.14706
1.48322
2.37674
2.24171
2.15556
1.78355
4.00365
1.39457
4.17066
1.08527
0.394918
2.53455
1.52365
2.22925
2.48035
2.17073
4.49104
1.04202
1.42092
1.46183
1.62799
2.35039
8.41767
2.33613
2.09677
1.7218
1.45763
2.93694
1.72566
2.11355
1.96129
3.77199
0.925926
2.20332
1.93607
1.86364
0.211889
1.70082
1.34865
1.16294
2.155
3.06452
2.0124
2.00408
2.18868
5.724
1.09337
1.50482
1.93117
7.73984
3.70051
1.36395
2.40741
1.89453
2.24898
1.79412
1.78927
1.95219
1.82377
2.37441
1.37984
1.97491
1.59431
2.03249
0.320578
1.68847
1.57031
1.58952
1.20606
1.46377
1.84733
1.95238
2.97987
1.79217
1.17354
3.74468
1.98193
5.9736
2.87698
2.5
2.09091
1.63406
1.46888
2.72072
2.36667
2.72523
1.9058
2.54741
1.53746
2.72941
1.5614
0.309524
2.53788
2.92744
4.07692
2.0981
5.8547
2.84368
1.58594
1.32727
1.96983
0.460034
2.20132
1.0114
2.83254
1.93657
2.01471
1.14286
1.62835
2.22097
4.61702
1.62094
1.48162
2.0082
7.94561
1.81699
1.46875
2.01186
2.07531
2.07782
2.39738
1.97211
1.24601
1.83391
2.08491
1.82657
1.61515
1.80069
3.10152
0.329365
2.29767
2.19725
1.41812
1.7617
2.08879
3.00372
1.33077
1.50258
1.58015
1.81712
3.25116
2.62782
9.05213
2.29688
2.76423
1.00913
1.97909
1.88696
4.08252
1.68955
1.73498
1.699
3.91538
1.46642
2.01053
1.77391
7.16342
1.60127
2.50173
2.69466
3.6566
1.64481
2.74016
2.75794
4.49782
1.16216
1.30457
2.07586
7.48047
1.39437
1.76227
2.10645
1.74675
2.27174
3.25287
2.91919
2.44589
2.19608
3.61429
3.09506
1.08182
6.80968
1.9434
1.89167
1.65
2.32627
1.78571
1.94309
1.63077
2.43983
1.50943
1.31944
1.30899
2.0453
3.1267
0.335597
2.05856
1.79279
2.30833
1.43077
2.0146
1.59514
1.59398
1.74427
1.3578
2.65934
3.16139
1.59077
7.4403
5.25833
4.84859
1.36932
1.43653
4
4.8503
4.86466
2.33798
8.74775
3.05578
2.61702
2.36364
3.03077
1.39077
1.85153
1.83436
6.37302
2.14706
2.2087
1.46729
1.41667
7.24176
2.12253
1.96786
1.83019
2.1831
2.02823
2.47638
1.15652
2.41667
2.34842
2.45455
2.96838
0.880309
9.81429
2.92308
3.55593
0.942396
1.65299
2.39431
3.26866
2.02961
8.09783
2.80751
3.91768
0.482787
2.92
1.55263
1.36304
2.86283
2.03502
3.03049
2.6055
1.94024
2.02128
1.94144
1.5206
2.23223
2.995
8.73059
2.44167
2.67249
1.82847
2.815
2.01724
1.99602
1.60744
4.85799
1.27244
2.91053
1.78927
2.68214
1.26699
7.03435
2.0708
2.73143
2.25238
3.63462
2.42384
1.83333
1.53644
1.73718
2.08614
1.18207
1.74477
2.31163
2.93846
7.97898
2.39344
1.96023
2.50655
3.13226
1.23828
1.17117
1.33333
1.84307
1.39901
2.19863
1.73455
3.73288
0.515517
2.0155
1.78351
3.84444
1.63717
1.32456
1.95019
2.63905
1.83929
1.94093
2.37023
1.35739
1.69932
0.392007
2.65138
3.44304
0.724466
4.11364
2.54676
1.09589
2.41096
1.74257
5.5291
2.75542
1.76923
0.495879
1.97942
2.13281
3.23196
1.50331
1.56536
3.69841
1.74525
2.19844
2.42041
2.31915
2.02006
3.89869
0.394139
2.61039
1.80368
2.36864
2.22388
1.50654
2.81951
2.41057
1.83772
1.8865
1.90169
3.56695
10.1223
7.9913
1.77224
1.53004
2.02593
2.30303
2.38914
1.82456
2.71795
2.78313
3.53979
0.895197
1.52381
8.3304
1.50833
1.84874
2.13439
3.0084
1.08174
2.4685
2.4346
1.96642
1.86411
3.84568
1.92271
2.59514
6.53035
4.00633
1.82258
3.61622
2.34375
2.50206
2.81513
2.15686
1.70632
1.37154
1.63363
2.36029
2.18403
1.54848
17.5856
2.49004
2.60853
2.17857
2.88
3.63303
2.81884
1.14644
1.74118
2.56198
2.0303
2.19291
2.35
0.290179
1.53819
2.24167
8.38966
1.61702
2.09426
2.04418
2.32189
3.10152
2.09328
3.63343
0.305428
2.82432
2.63158
4.77778
2.16034
3.57923
1.73607
2.56641
7.51759
5.1487
5.4375
4.12102
2.92708
2.7686
1.73978
1.78689
2.42735
2.80588
3.07692
2.39631
2.17014
1.57612
2.70418
2.96679
0.389694
1.4269
1.8719
1.46324
1.44
2.3719
2.08898
1.54152
1.73606
2.02
2.71713
1.80287
4.00794
5.95584
1.72391
1.1348
1.95094
2.56777
2.7508
3.78171
1.05797
2.98544
5.69718
2.44304
0.242961
1.84783
1.81226
3.31373
3.67391
2.35094
3.32065
3.35897
1.56509
1.45956
2.30252
1.68373
1.83133
2.59024
7.04511
1.56522
1.77007
1.13445
1.77406
1.87446
2.5495
1.97552
2.63786
2.45296
1.87455
2.18241
2.07752
2.21941
6.37152
1.85461
1.88645
2.58635
2.03516
2.25957
2.39689
1.6763
1.65591
2.5991
2.46185
3.89602
4.35022
1.79134
2.34694
2.11638
1.84918
2.3018
2.37778
2.01154
2.17131
2.06498
1.65753
2.42128
2.03236
3.63569
0.541149
2.73571
0.994382
0.935323
1.73978
1.98246
2.09687
1.64333
2.34191
1.96047
1.96642
2.82492
5.22
5.85714
1.37604
1.6899
2.32
2.71239
3.25309
2.52778
3.8717
1.51818
2.00321
2.43515
1.58194
6.12158
2.32489
3.0578
1.93985
1.75092
1.92364
1.37407
2.30131
3.97468
2.18651
1.90417
1.19084
1.87713
1.85281
3.89583
0.415512
4.34583
3.06763
4.4529
1.70934
5.12723
0.962687
1.74275
2.52768
1.85714
0.623884
0.847059
1.52672
1.90196
1.3913
4.79297
1.64888
1.84722
2.17228
1.69097
5.54626
0.459216
1.39952
2.64312
1.17108
1.66873
1.80709
1.98881
1.49477
1.66541
1.30249
1.73723
2.04167
1.77068
8.78995
2.04207
1.32812
2.05512
1.98418
1.93443
2.62264
2.02545
2.31496
2.0101
3.19253
5.89219
0.410584
4.07143
1.61246
1.54753
3.03774
1.69655
3.10563
2.49077
2.04282
0.786585
2.62128
1.80128
6.39249
2.29434
2.29268
1.25424
2.28
1.21739
2.34074
2.12226
2.00617
2.07663
2.32075
1.66578
2.15949
0.370109
2.94091
1.88529
1.6027
3.45098
5.03939
2.47692
1.54412
1.2799
5.66866
1.82545
2.42616
2.42742
2.92075
2.74239
1.43468
1.87189
2.13655
3.2823
1.38631
1.82463
6.5098
2.41818
1.69251
6.86068
1.97635
3.75
1.14439
2.31636
1.85714
1.89498
2.12454
10.6836
2.09829
3.75664
1.46914
2.96403
1.60606
1.51554
3.05381
1.65233
3.525
1.93724
1.30273
7.73978
2.53883
1.82642
1.44583
1.47529
2.80808
2.05054
1.64983
1.98571
1.79615
1.94355
2.50575
1.764
2.26275
2.25283
7.64815
2.89767
2.324
1.33019
1.60569
1.4416
1.31657
1.64045
1.68485
2.64557
1.64983
2.53184
1.73764
4.97661
0.765928
1.31392
2.20335
2.1444
3.4223
2.75862
0.938095
2.77941
2.33613
3.0303
7.76613
2.04561
1.98069
2.54545
3.39073
0.772834
2.361
2.23019
3.7651
1.16162
1.57558
2.52222
7.40221
3.23429
2.64706
1.56463
3.13333
2.07299
2.03097
1.1891
1.47368
1.9
2.27692
4.88848
5.37786
0.333151
3.24779
1.55372
2.11373
2.49612
2.86036
2.32068
2.09013
2.19485
1.60256
1.91188
2.73367
2.00787
7.34711
1.4898
1.33453
2.25556
1.49045
1.81667
1.71103
1.80078
2.10112
3.10042
1.61165
1.72266
1.70656
2.30292
7.42045
1.47632
2.04525
1.41958
1.82515
2.00758
1.8952
2.31556
2.57979
1.85
5.00403
1.49202
2.00826
7.61364
3.03614
2.40529
1.92647
1.905
1.96094
2.10476
3.7013
2.62917
1.73498
2.15102
2.55691
2.77665
1.76596
1.64068
7.94583
1.62857
1.23123
2.73148
1.85563
1.56757
1.66929
1.59451
1.64706
1.9661
2.99548
2.67754
1.3069
1.65737
6.44681
1.19048
2.16725
1.49259
3.74832
2.54829
1.69767
1.7855
3.28251
1.55805
1.75
2.71277
1.59533
8.3251
1.49804
2.64706
2.45455
2.68182
2.45596
1.46557
1.89412
2.30116
1.98221
1.46765
1.95817
1.61328
3.06468
6.75972
2.252
1.59649
2.25911
1.86337
2.35065
1.65799
1.5871
1.81124
2.22519
2.875
3.87186
1.44063
0.298469
1.89961
2.24167
2.5
3.1875
1.0259
1.83817
1.65693
2.68385
1.52769
1.72464
2.08333
1.0838
0.338599
1.50909
5.41014
2.23077
1.31148
2.58846
2.07305
1.34086
1.06988
2.44643
2.72986
2.28251
7.63878
1.51211
1.59041
1.74517
2.17544
4.77397
3.52147
2.27083
1.8963
1.96639
2.20833
1.15033
3.77949
1.90545
9.73846
2.23853
1.58214
1.55144
1.80784
1.97727
2.19531
1.46919
1.35357
2.2518
5.27222
3.34018
1.78261
0.29205
2.03279
1.97674
1.55197
2.52273
2.59494
2.56477
1.49609
1.64557
2.18033
1.52077
1.84083
1.62109
2.57073
2.43043
0.203651
2.48649
1.72638
4.71255
3.06467
1.27851
2.52083
3.02162
2.08224
2.44398
2.19799
6.01893
2.53846
1.98276
2.06987
1.97287
1.38742
2.92169
2.7929
2.66524
1.85523
1.92089
2.417
1.65203
4.26894
0.29105
2.08225
1.98
1.4902
1.59794
1.58885
2.0332
1.66265
7.7234
5.51707
1.24425
8.60251
2.16955
2.06897
1.75191
2.5907
3.11667
2.76735
4.1676
3.64407
1.00265
1.87461
1.4
0.908377
0.466964
2.42593
1.50175
1.47541
1.55986
1.58824
1.0866
3.27397
2.705
2.58824
1.34821
1.92727
1.96835
2.15415
0.291667
1.54769
1.60072
1.97628
3.23118
1.68212
3.20548
1.49041
3.15957
1.30659
3.34375
1.36364
2.34058
1.17455
3.09192
1.53186
1.74036
1.42742
1.52212
1.97899
2.71674
1.61172
1.59655
8.06148
1.31751
1.72414
2.04167
7.29557
2.21951
1.89557
1.9823
1.84672
1.59412
3.12935
1.8097
2.34137
8.69231
2.63134
4.85227
1.31931
2.86235
1.82707
2.63415
4.17712
1.01918
1.77959
2.22267
2.7
1.5473
6.121
2.8271
1.97778
3.13298
3.61111
5.90783
7.91803
3.55776
1.8612
1.35786
2.02165
7.20351
2.83077
2
2.06977
2
1.74905
2.30085
1.88889
1.94224
1.70182
1.58607
2.18219
1.69835
2.09677
1.80524
1.43125
1.17037
1.7331
1.81369
2.19368
2.68619
1.69397
2.19403
2.34553
1.51714
1.78679
6.94521
0.693742
1.91532
2.05357
5.37217
2.30901
0.966741
1.69884
1.7457
2.19847
1.8
5.93607
0.235632
2.90171
2.42231
2.55072
1.58719
2.40758
2.55399
2.36441
3.34982
1.77222
1.94904
2.53435
6.32288
3.87671
1.18305
1.66102
2.58633
8.83482
3.79646
1.30607
1.77333
3.01596
2.52151
1.84791
6.97744
2.13158
1.82095
5.44242
1.4
2.24583
2.40833
3.86792
1.23645
3.82432
2.42902
1.45301
10.1649
1.60059
1.91045
2.94118
2.23016
1.78409
2.59524
2.60092
2.72881
1.71472
2.5234
1.76147
2.33478
5.67593
0.832928
1.37045
1.92642
1.89338
2.11255
1.90299
1.94667
8.88627
1.15401
3.5367
0.402597
2.55204
2.13058
3.80952
0.971483
2.24895
1.61905
1.86525
7.81818
2.54018
1.49577
4.97236
1.69617
2.0543
2.38562
1.43073
1.82848
1.33846
2.35849
2.42292
2.08468
1.56017
3.04918
1.96414
1.87168
0.267622
1.53994
2.23207
1.78571
2.54028
1.71374
1.78169
2.78646
1.93015
2.28627
1.32422
2.07143
1.08287
1.61194
5.29444
1.51
1.73358
2.49302
2.26906
1.97255
2.58661
1.17039
3.95312
1.64068
1.57875
2.06883
1.97445
1.06433
1.45752
7.23333
5.07391
1.19547
2.35685
2.53304
2.888
1.64453
3.02449
1.95935
1.41611
1.58252
1.77778
5.81646
3.90341
2.06767
1.65152
2.2625
2.16667
1.57525
2.36546
2.33603
1.8186
2.47368
1.61261
2.56332
1.89362
1.74021
0.481399
2.41743
2.00402
1.57246
2.57261
1.67029
2.25506
6.85214
1.50505
1.6
1.15819
2.20221
0.322581
1.17201
1.67781
1.71903
1.22483
1.84766
1.82511
1.79435
1.76923
1.3838
2.71921
2.53817
1.91935
1.46154
7.58647
7.2
4.66667
0.636598
1.68905
5.20942
2.69597
2.80425
1.9908
2.48789
5.02051
1.5689
1.58214
2.49808
4.22302
1.28756
3.20556
2.91707
2.38565
2.00727
2.23922
1.33929
1.28107
7.63953
2.09237
2.52358
1.808
2.44948
1.86842
1.79193
2.36905
1.71591
7.81181
1.21932
3.91515
0.237589
1.20238
1.609
1.86207
1.52066
2.19476
5.75299
8.0082
1.09649
1.77204
3.27413
8.35125
4.07116
5.84247
2.18739
1.40106
2.28049
1.91946
3.8
1.08869
1.89494
8.65022
2.11636
2.39535
1.75665
2.52174
4.6369
1.06468
1.49258
2.79147
1.47368
2.53043
2.74517
1.17927
1.60638
0.72584
1.83534
1.72069
2.19512
2.33077
2.51082
1.78616
2.52252
4.31757
2.16423
4.58475
2.11027
4.73009
0.483967
1.69466
3.07258
1.41886
1.79605
2.42424
1.88158
2.68103
1.86831
3.1976
2.53403
1.84559
0.443323
2.16964
2.63551
1.31818
1.27907
1.46885
1.67586
2.75463
2.47005
1.35211
1.97273
1.72607
2.29032
1.98876
2.325
0.267744
1.91736
2.58984
6.91246
3.30068
2.95238
2.09314
2.37278
4.08147
2.84848
1.62577
3.05446
1.1013
2.0239
1.86434
1.59661
1.45878
1.9195
2.54645
2.37799
1.90722
1.49259
1.52688
0.337143
6.76056
3.67901
1.62209
1.72242
2.63054
2.69796
6.39572
3.67674
5.10052
2.92788
2.9061
1.55477
1.38776
1.19392
2.19435
1.48734
2.35981
1.32692
1.6223
2.73446
2.21739
2.71304
1.75
1.51475
0.945419
2.35165
2.35433
1.29846
2.98095
2.01969
1.52439
2.621
1.86784
8.88535
4.61261
1.23684
1.74155
2.14625
1.95076
2.35531
2.29114
2.51754
2.0641
1.81818
1.39818
1.33043
2.44037
1.32056
0.378827
3.96831
1.19453
1.20857
2.71053
3.25116
1.7079
8.25781
1.30827
1.84789
6.791
1.59507
2.20345
1.80062
1.9375
2.17536
1.36395
1.68852
2.01064
2.54286
2.42259
3.044
2.14859
7.47426
1.42395
2.40465
2.09124
3.07843
1.50842
1.49434
4.36478
2.55639
6.13793
3.46667
1.21277
8.97235
1.85623
1.42123
2.06129
1.7566
1.775
2.04954
2.12454
1.98367
1.6811
1.77397
2.02655
4.27586
4.56643
1.23288
1.60123
2.12069
1.94694
2.75794
1.76504
1.54987
2.62454
2.80408
1.97358
1.57447
2.27413
7.50996
1.32209
2.1811
1.90234
2.46639
2.22628
3.17647
4.61069
2
2.56787
2.16667
6.82295
1.83761
1.86084
1.83004
2.37549
2.09589
1.88611
7.08155
1.46025
4.1349
1.08156
1.82292
0.295833
2.59677
2.69268
1.78448
2.06273
2.18502
2.84694
1.73817
2.00714
1.4127
1.61812
2.044
3.48869
2.43066
2.83885
38.8606
0.299221
1.80952
2.0641
1.53232
1.5342
1.46313
1.94529
1.36508
3.37186
1.63393
2.05263
2.59756
4.83267
0.41355
1.59281
1.96057
2.66406
2.93443
3.15419
1.52286
2.56354
4.3612
10.8462
5.77815
2.17727
2.42688
2.49393
1.61199
1.76898
2.41667
4.99329
6.74113
2.23384
5.98611
5.08936
2.23509
2.29252
1.76877
8.55
1.14516
2.09615
1.64145
1.75969
1.8255
6.76052
1.35526
2.38197
2.25969
2.1938
1.94891
1.7375
1.85075
2.52
2.54902
2.99588
4.85122
4.41026
2.34848
1.65875
4.61538
1.46429
1.98049
1.81788
3.50932
2.01083
2.09646
3.01277
1.3377
1.94403
0.44122
2.25746
1.51695
5.65267
3.45522
2.86111
1.62275
1.71989
2.18085
4.46939
1.98726
0.811096
4.14241
1.03125
4.12245
1.52941
1.28443
2.00797
1.95703
2.20784
1.67254
1.87891
8.45852
2.92308
1.6748
2.17818
1.70588
3
1.76712
2.08929
1.81081
1.688
1.65541
1.768
1.1821
1.85764
1.87448
1.41132
6.7881
7.82274
4.42138
1.01737
2.65098
2.32456
2.57727
2.4375
3.2375
1.89744
1.604
10.5303
2.16475
4.03891
3.60163
7.52597
6.84298
4.79927
1.29356
1.47561
7.15751
1.82117
1.41455
2.08367
1.60435
1.45126
2.36444
1.52174
1.57563
2.15512
1.7617
2.45211
2.32877
1.42517
1.34035
8.04527
5.51449
3.50588
1.88889
1.81759
1.86869
1.87549
2.87823
3.19087
1.50469
1.79348
1.48571
1.60967
1.47492
0.489286
2.657
2.00862
2.02602
1.69811
1.93487
2.21014
1.69186
2.46635
3.11742
1.46791
1.11921
1.99654
0.376429
2.14919
12.3067
1.95113
1.00647
1.65768
7.73684
1.16769
8.3913
2.7402
2.09319
4.20513
3.72973
2.72644
1.22556
2.59608
1.71094
1.91837
1.58438
1.89299
1.84923
7.70238
2.88957
2.08966
1.97976
1.86328
2.2094
2.83417
1.87712
4.45806
4.38596
1.89137
3.92575
0.280112
1.26578
1.65993
2
2.32456
1.80992
1.92437
2.07422
1.48473
1.98008
1.84921
2.17722
1.32414
1.72664
7.10035
2.57706
1.71094
0.921965
1.99593
1.97758
1.63226
2.30112
1.68868
1.9727
1.88
2.56398
1.80524
2.51837
7.57308
2.56477
1.95472
2.04297
2.83645
2.52657
1.62545
1.75421
5.05932
3.49351
1.05212
3.55285
5
0.355569
1.82596
1.61017
3.27841
1.11868
1.30058
1.95208
1.66942
2.52055
3.18243
1.50198
2.12261
7.48837
4.17857
3.12632
1.46269
4.3949
0.919913
2.11224
2.42396
1.55446
2.45652
2.5534
1.81008
1.80374
9.63636
2.13946
2.43254
4.9469
1.38272
2.19277
1.21429
2.04779
2.33918
2.41079
1.68065
8.67206
0.281026
1.6
1.69084
1.94942
1.52768
2.49442
2.67401
1.73443
0.94878
1.59524
1.97447
1.66212
1.63406
1.32155
17.7692
1.96818
1.7044
1.91633
2.32889
1.45638
2.28571
3.72805
1.93827
1.39249
1.60968
1.716
1.42244
1.28125
0.668651
3.03187
2.67516
8.09158
7.85517
1.58306
1.49865
2.12177
3.09921
1.82657
0.352437
1.5107
2.30233
6.37281
1.65768
3.40964
2.04962
2.68284
2.1
2.43192
2.3381
1.52
0.297412
1.08909
1.96324
1.75652
2.55814
1.976
2.55208
2.60541
1.05505
1.49315
2.02262
1.17751
1.78571
1.72201
2.32258
0.515464
2.99615
1.33081
2.75319
2.00563
2.27124
2.14667
1.87915
2.65766
2.28155
2.03636
9.21395
2.15917
4.31765
2.31818
1.95253
1.80833
3.07843
4.11268
1.91011
2.85821
3.10274
0.253826
1.99595
3.72105
1.84266
1.90877
2.0084
1.42857
2.17228
1.4058
1.4375
1.85098
2.17037
2.472
1.86147
0.470238
1.53986
1.61983
3.33333
4.09551
5.30496
1.48974
2.49231
5.61161
3.31738
0.565259
3.02804
9.93088
1.1924
1.41534
1.71161
2.20417
1.9697
1.69436
1.60791
1.50694
10.1842
1.9
1.91935
1.9283
2.09843
2.18777
1.38199
2.48178
3.07692
2.92434
1.29181
4.93642
7.06324
2.54545
1.82253
1.49096
1.32919
1.97857
1.89352
2.39326
1.36256
1.61097
2.57962
1.24701
1.94805
1.11357
0.550265
2.17668
2.22053
2.48768
7.34932
1.32923
1.8328
2.37383
1.54815
2.17886
1.74648
8.01172
1.4779
1.45724
3.14595
3.57767
1.53134
2.1391
2.62051
1.61818
2.68163
1.66358
1.57143
4.48485
0.833333
0.96281
1.40602
1.43582
1.8231
2.668
2.42791
2.00385
1.875
2.25794
1.71863
1.71014
1.83206
0.264493
2
1.56369
1.83688
2.0885
2.51653
2.725
1.37838
1.70325
1.62353
1.62281
2.3
2.06667
2.11985
5.76398
0.496629
6.07407
0.903766
1.71784
1.51667
2.4296
1.81164
1.51459
2.55128
2.46748
2.32719
1.41908
8.57919
1.31609
2.12205
1.68821
3.97287
0.661064
2.15108
1.38255
3.10577
2.65778
1.98264
6.5251
5.23481
2.48259
1.30387
2.22596
1.47866
1.96996
1.72368
1.3414
2.18056
1.76689
1.23776
1.89179
1.80085
1.75265
6.33754
2.38075
2.02101
1.7027
4.00787
3.40553
1.40173
2.88983
5.36268
1.12676
3.39919
4.03571
0.345732
1.99023
2.70307
1.91707
1.11443
3.86458
1.87987
1.21915
1.79848
1.71218
3.21818
5.35754
2.82524
1.20635
1.52698
2.15328
2.73545
3.04762
3.14575
1.04857
1.948
4.98734
1.18209
2.26027
1.36918
0.416667
4.96748
1.23132
1.89388
1.86477
2.11441
1.98008
1.29225
1.2356
1.65957
2.09665
1.84375
2.08712
6.45455
0.290559
1.44912
1.53527
2.31839
1.30245
2.16114
1.75107
2.31641
1.78189
1.82911
2.1704
2.07018
2.12016
1.99618
8.99556
2.048
2.43519
2.96859
4.34054
7.44928
6.13718
1.66134
2.24359
1.72764
2.7788
6.25714
1.92045
1.6375
2.24898
1.76744
2.19305
1.48265
3.56198
2.24695
1.62426
1.71841
4.80357
0.776193
2.48024
2.70506
1.23315
3.17872
1.6039
3.44082
1.72843
2.05023
1.68293
3.34524
0.299678
2.01282
1.55714
2.2212
2.29688
2.47131
3.16098
2.59174
1.944
1.99602
1.75849
2.26446
1.66341
1.13316
0.396429
1.88017
2.52564
1.81579
1.71154
2.57547
2.70588
2.43966
1.45392
1.54864
2.56951
1.4902
1.70561
1.57196
1.4877
0.515873
1.79167
2.14
3.31073
2.75916
4.392
2.46591
1.47229
2.41204
1.94156
2.43421
2.30894
1.81298
8.05603
1.79825
1.64068
1.72905
1.37838
2.45918
1.97417
1.37234
2.2467
2.28139
2.35745
2.82632
1.41587
2.3871
1.636
6.51439
2.9186
1.77358
2.63014
2.69667
2.35714
2.24476
2.12033
7.43379
3.086
1.06176
2.55556
0.480263
3.49206
2.38017
0.807273
2.79263
2.46457
2.46795
2.87719
4.23333
1.1114
1.75458
5.46133
1.47522
4.20913
1.10512
5.55926
2.14428
1.7017
1.55155
2.26641
1.97026
1.97959
4.55159
0.498361
2.58861
1.04661
1.85556
5.76433
3.56329
3.31058
5.15909
2.67463
1.23664
2.03271
8.62128
6.00444
1.62465
2.47104
1.67785
2.55909
2.88636
1.71014
2.16538
1.93511
2.13433
1.95142
8.41322
3.6443
1.47138
1.87109
1.0684
2.42308
1.79859
1.86538
1.40506
1.70182
2.66812
3.57062
2.59836
1.84718
1.95076
7.31923
1.44311
1.592
1.69455
2.01277
3.21923
0.823024
4.61826
3.55906
1.65172
2.23504
2.43289
0.331377
2.92469
4.78305
1.12919
1.69831
1.91386
2.57488
0.898383
1.50167
2.27572
2.07393
1.92164
12.6071
1.84274
2.34413
2.43103
2.131
2.2287
1.56204
2.172
2.31776
2.5354
1.71875
1.36719
2.45972
2.35443
1.92735
0.341615
1.57037
2.01235
3.11165
2.85933
1.08296
2.07067
1.55477
2.42231
1.98077
2.01167
1.81139
1.66242
10.418
2.19925
4.26812
1.18372
1.3452
2.0369
6.03252
2.91364
1.44009
1.61096
1.6006
6.94526
2.52529
2.29643
8.53333
1.14458
2.11927
2.02098
2.52055
2.52586
6.30565
0.205348
3.93586
3.06706
1.44562
2.1588
1.68846
1.38944
2.18315
1.59016
1.64314
2.24597
1.74704
7.80321
1.74786
1.83618
1.68293
1.41053
2.0412
3.31646
2.02155
2.38793
1.4684
2.29583
1.79592
2.08537
1.66
3.77917
0.266257
1.4164
1.75352
2.20635
2.28517
2.47805
6.89789
2.19383
1.27507
1.86986
3.43946
6.63509
2.59218
1.94017
1.33939
1.47842
2.09259
2.54167
1.78281
1.68652
1.875
3.09466
1.73021
2.20667
6.10726
2.10924
2.39394
3.58621
3.89377
3.81071
4.66984
1.10424
1.08387
2.772
5.64311
0.517286
4.18721
1.475
1.67284
3.07831
2.06849
1.72941
1.13167
1.77907
2.052
1.82156
1.97211
1.72835
1.57732
8.32189
1.5529
1.89209
1.38281
1.72414
2.37118
2.24498
2.43673
2.08425
1.3839
1.63707
1.61728
2.63927
1.64794
2.32677
0.258362
1.60961
1.91016
2.94118
1.61656
1.93697
1.36074
2.40613
1.68627
2.56667
1.30508
2.94872
1.49068
2.15175
9.06573
1.56597
1.3046
1.48085
3.44061
2.05645
0.898467
2.07563
1.96032
2.47809
1.33333
2.89005
1.90588
7.1362
10.0561
1.13309
5.08734
2.58644
2.68249
2.53846
1.73389
1.98893
11.5172
2.4306
2.43952
5.05178
1.82094
2.23265
2.54656
1.97426
5.96748
3.69388
2.14623
0.337998
4.77256
1.60299
1.72727
1.82937
1.69767
1.80972
1.86722
1.47985
1.5963
1.60065
2.07229
2.12195
10.0152
1.48913
2.24268
2.75701
2.04382
1.9288
2.97423
1.9058
2.84141
2.01967
1.72887
2.04741
1.94505
5.18033
1.21536
1.77574
1.63753
3.10549
1.1198
1.65948
2.15451
1.84937
2.19266
2.57073
1.9069
2.41573
0.366149
1.80321
4.83929
1.43357
2.61538
2.00352
1.88194
1.4094
4.22628
2.9917
2.27935
2.19231
1.81667
2.07469
0.364286
2.556
4.95167
1.05684
8.72959
1.30732
2.21875
2.26106
1.9654
1.5977
1.85843
0.35119
1.78431
1.6069
1.38671
3.52427
2.08051
3.51333
2.70103
1.55372
1.80144
2.0186
1.74912
3.34498
4.80697
1.16985
2.20319
3.07778
1.40059
0.920139
1.96497
1.28241
2.42969
1.42857
1.88571
2.34025
2.33882
1.80435
8.92381
2.24561
2.16466
2.80788
1.70588
2.06513
3.74432
1.25532
2.63256
2.22
2.09665
2.80315
1.91732
2.62451
7.94715
2.56923
2.35714
1.8373
2.64015
2.33234
1.5187
0.950649
1.51242
1.55822
2.75373
1.52022
6.01875
4.63571
1.70819
3.89674
1.4863
2.07634
1.29712
2.03448
2.27734
1.63746
2.33195
2.58537
1.53016
3.06364
8.61847
5.34494
1.18678
1.78073
1.77872
1.96
2.01498
1.36187
1.86742
1.92241
1.08451
1.48571
1.36615
0.401786
3.34866
1.08971
2.15079
1.96057
3.95019
1.07479
1.55
1.81132
1.74678
2.7
2.8408
2.98859
0.364698
1.43711
2.40553
2.48864
2.97895
2.33585
1.875
1.49615
2.12838
1.59936
1.81154
4.48161
2.95392
0.70676
1.27273
1.47059
2.24231
1.97133
1.40845
3.77586
3.2549
1.42265
2.18939
2.21739
1.73103
7.78632
2.34137
2.49004
1.78909
1.75494
1.80827
3.20874
3.89091
1.91111
6.94595
1.88119
2.16045
3.10674
0.417239
1.31961
3.76271
1.61022
6.01515
2.57455
4.74333
5.80571
2.43836
4.52871
1.7362
2.02745
1.71104
2.55652
1.35455
3.37013
2.16807
2.93333
1.11261
1.87726
4.45238
1.27978
6.88927
1.79514
1.32907
1.83268
1.88768
1.12766
1.93023
5.25439
2.3125
1.83986
1.72619
2.08696
2.29534
2.69856
2.11504
6.21639
1.72145
2.07895
2.16092
1.87156
2.01141
1.45847
2.25818
1.65449
1.74091
2.25
2.32601
1.94318
2.41593
6.04027
1.62667
1.43452
2.11003
1.26389
1.94982
2.14403
1.62661
1.88356
3.52941
2.57944
2.48996
1.59862
2
7.71375
1.72381
1.79918
3.7907
1.76375
2.23358
2.03279
1.79147
1.94483
1.7972
1.62583
3.26404
2.09677
1.58287
9.29358
3.41398
1.70498
1.93885
1.91288
2.64463
2.18251
2.37097
2.91667
1.79139
1.62807
6.69744
1.0745
5.65176
1.50607
2.1519
4.73841
2.2605
1.14087
1.54747
1.64151
1.73723
2.65421
1.63636
1.50462
2.17603
3.89941
1.1485
1.65704
2.41546
1.70679
1.72691
1.5583
1.79182
2.29437
2.30104
1.65818
1.64493
1.92453
3.45755
0.323549
2.13158
2.21399
1.54086
1.99407
1.64348
4.48087
3.39404
1.70876
2.68889
1.65507
2.91837
0.321429
1.16447
2.03101
2.77959
4.12977
0.964286
2.3907
2.53125
1.39672
1.70721
2.60324
1.65385
2.27556
7.0738
1.70412
1.73276
1.93728
1.38922
1.85263
3.35593
1.56471
2.28462
1.37176
1.69401
1.96283
1.93651
1.80556
7.61739
2.00364
2.27668
2.8875
1.26087
2.2654
2.52049
2.40084
2.94714
2.79204
1.53766
1.78979
5.44565
0.522671
2.04494
1.51064
1.61074
1.89388
1.97378
2.1875
2.80083
2.21333
2.00971
2.12083
1.81749
1.93227
6.78498
4.12583
2.70089
1.82101
1.40741
1.28053
2.00746
2.00885
1.98944
1.77739
1.97348
2.30739
2.23297
2.44292
2.67078
0.788462
2.972
2.14338
1.74525
1.67427
1.78261
1.55205
2.93519
1.7194
3.53302
1.99187
2.26211
0.363683
1.6284
3.70924
3.86139
1.22157
1.84775
1.58203
1.87692
2.80081
2.2186
2.02318
7.35246
1.63798
2.19917
1.46465
1.84962
1.84291
1.8442
1.87903
2.42123
2.91163
2.975
2.17959
1.42657
2.39331
7.47826
2.14337
1.86971
2.6982
1.24213
1.89416
2.1129
2.41379
2.54508
1.80252
2.12621
2.24576
2.13402
1.51953
0.474624
2.06695
2.64407
2.72566
1.44484
1.69732
1.77567
3.91379
2.03529
2.1106
3.16568
6.84739
4.94723
1.65789
2.35023
2.37407
1.17705
3.86331
1.60736
2.06122
1.47351
2.66667
3.20524
5.64145
1.15294
6.57732
1.56198
1.5802
2.82935
2.36481
5.3913
3.63415
1.19313
1.86792
3.73288
1.73106
7.92885
1.74828
2.52066
1.98258
2.30864
1.59364
1.44086
4.96947
1.375
1.80687
2.10877
2.3242
3.08333
0.405797
2.25784
6.11715
1.23039
2.5
2
2.21723
1.9529
2.13542
1.99194
1.85776
9.4486
2.15164
3.28099
1.12166
1.65779
1.76046
2.18468
1.83794
1.99219
2.012
2.44976
1.61462
2.8134
2.88718
1.93365
7.15649
2.71667
2.98361
1.46923
1.75097
2.096
2.86702
4.91429
2.05328
2.21888
2.15891
2.55157
1.78491
3.51389
2.95266
5.95498
2.08696
1.55161
2.0597
2.08889
1.96429
1.90295
1.29042
2.87446
3.01365
1.19345
1.49466
1.60328
1.76068
7.53815
2.11111
1.996
2.46275
2.22581
1.90842
2.58943
1.89967
1.49653
2.47264
1.67846
1.43478
1.34532
2.3626
6.94295
3.00897
1.13103
2.93365
2.1573
1.70817
2.00361
2.09542
2.10599
2.68984
1.83534
2.212
2.07636
1.32099
6.0495
2.69604
2.72727
2.52874
2.34286
4.37603
2.02724
2.41479
1.90113
1.72434
2.33898
2.16768
0.734127
3.68192
1.61809
1.96911
2.5307
1.85348
2.22624
2.82126
2.39768
2.29119
2.55242
0.374339
1.47468
2.31061
1.428
2.78698
2.16327
1.86047
1.79688
1.59292
2.01667
2.79435
6.60345
5.09091
0.993631
1.98556
1.35714
2.07203
1.70635
1.67143
2.2682
1.11911
2.71498
5.89224
10.5576
2.4951
0.316968
1.22727
1.76393
1.06419
2.3379
2.06939
2.70611
1.26966
1.72819
12.9924
1.19118
2.0814
0.311828
3.2375
1.44632
1.79783
1.75
2.38258
1.70307
2.27206
2.64017
2.65098
1.58033
1.79478
7.75397
3.47753
1.86228
1.79297
1.33882
3.29508
1.39247
2.04135
2.0431
1.99248
2.68687
2.48261
3.45223
3.48744
5.03886
1.98502
1.892
6.30576
1.65455
1.4517
3.84722
1.66667
2.74286
2.77612
1.74708
2.14796
1.63889
0.292857
1.46269
1.9569
1.93725
1.98872
2.40391
1.85512
2.14828
1.42651
1.19638
4.62376
2.16216
0.215566
1.57407
1.37874
1.59848
2.08871
2.09339
1.93388
1.87313
3.74486
3.0906
3.00279
1.87459
8.03175
3.75893
1.16703
1.27097
1.81377
2.36475
1.82625
1.63296
1.65385
1.41234
2.9869
2.0805
2.53596
0.309852
2.90625
2.11429
1.91129
2.33051
1.67939
1.73381
2.91209
1.90204
2.01498
2.10762
2.00366
1.42816
2.21364
0.371566
1.62977
1.9
2.2451
2.52542
1.45818
1.64923
1.58675
2.34225
1.09969
1.66923
5.9386
2.92683
2.31282
0.840897
1.54662
5
1.29242
3.47727
6.79851
1.01729
1.86971
2.91923
0.581044
5.35768
3.80443
1.31294
2.81481
2.05882
1.75
1.67623
2.15849
2.44037
7.76863
2.89744
1.74349
1.61268
2.02151
2.46
1.38138
2.93651
0.944206
1.76552
2.5102
1.63158
2.35632
1.76534
0.239692
6.55263
2.15953
2.49428
1.4427
1.98106
2.16974
3.61189
2.90517
1
0.772727
6.47482
2.56676
5.83673
3.62172
1.875
3.5969
2.52703
0.299571
1.11316
1.49004
1.81503
2.5102
1.36122
2.88298
7.2582
1.48485
2.69955
1.79114
1.62891
0.390977
1.97902
2.37222
2.08475
2.66154
1.66279
2.29508
2.9485
1.81985
2.18548
1.82156
2.35065
1.35556
1.95203
9.07767
2.35217
2.03922
7.96212
1.2331
2.39648
2.69748
1.61765
2.10612
2.10687
3.08642
1.99071
8.97273
2.125
2.07619
1.95851
1.81509
2.14815
2.39224
2.07292
1.40136
1.375
2.37302
1.42578
1.49658
2.42857
1.95082
7.08711
1.66927
3.71212
4.01569
5.19592
3.31454
1.90778
2.72072
1.46199
1.83534
0.323661
3.07179
1.20113
1.18769
1.43887
2.09091
1.57182
2.85714
2.08108
2.84343
1.47518
2.37201
4.49597
0.264957
1.95102
1.21453
1.47601
1.9
2.02158
4.23846
1.61059
3.25352
7.96429
5.69444
1.56962
4.29062
2.96416
1.72086
2.84337
1.94787
1.75889
1.40293
3.37559
1.91822
2.15714
2.06883
2
1.42599
1.87925
2.29694
10.644
1.1655
2.44402
2.95516
1.76241
1.86161
3.03046
2.19149
1.78481
1.47638
1.67178
2.96682
3.2043
0.353709
2.37405
1.36156
2.91388
2.73659
2.51181
3.01634
1.02251
3.15638
2.10983
0.996296
2.32028
1.01409
2.06024
1.52537
2.13182
1.76071
2.11373
2.048
1.50186
1.74909
2.36943
2.33235
5.21579
1.67284
4.0129
0.529825
3.24
4.89956
1.53218
1.73333
1.06436
3.20812
3.45283
2.64474
9.24779
4
1.75093
2.2186
2.09871
2.20495
1.89568
4.10145
1.23348
1.93774
1.97635
1.63158
1.59774
7.88477
1.96914
2.96552
2.26087
1.64085
2.57627
3.00337
0.984252
1.41176
2.19685
1.42667
1.78333
2.0687
1.71119
0.359286
2.03987
1.91393
1.64495
1.85662
2.00442
1.44366
3.49153
2.39925
4.74809
1.67033
1.9717
2.24125
1.95669
7.361
2.85644
1.3169
2.25991
1.6903
2.04693
5.12963
2.85081
1.10411
3.20792
1.8642
1.68382
1.61512
1.88104
7.76538
2.02542
2.1046
5.8797
1.61176
1.69474
2.94636
3.82958
1.16197
3.4078
0.919037
2.12444
0.208525
2.49761
1.71481
3.50299
1.30667
3.9934
6.35333
4.18731
4.32932
3.9504
2.264
2.02703
2.22951
2
2.62712
4.67376
1.54789
2.34831
2.15412
2.02317
0.97954
2.16667
2.76984
5.60119
3.83398
2.3569
1.37716
1.93919
1.89669
2.03754
3.96393
2.31423
0.855691
1.35484
2.30802
0.372143
1.34462
1.73702
2.0708
2.68293
1.77055
2.63985
2.22709
1.60086
1.95425
2.00437
1.98776
2.21488
2.4633
0.283867
2.28571
2.68778
2.4811
2.03834
1.15571
1.7193
1.7897
2.57547
2.39172
2.74845
1.77124
1.74091
0.627046
3.77469
1.67241
2.00787
1.98529
1.9917
1.86505
1.98544
1.31849
1.86897
2.82203
5.73427
0.775563
0.74359
1.61224
1.69592
1.59857
2.44175
2.06738
1.41058
1.94203
2.82412
1.54983
1.89744
1.86282
5.38333
1.93431
1.93023
1.53872
1.92733
1.19677
2.30841
1.28966
3.25134
1.12131
2.32955
1.52174
2.08571
1.66949
5.94864
1.56195
1.86942
2.18952
1.68475
2.51562
1.56458
2.20492
2.18577
2.1564
1.69444
2.1405
2.39256
1.67203
1.9115
0.301345
1.53285
3.89231
1.88926
2.76871
2.36246
1.18276
1.825
5.07254
1.19492
4.06228
1.12971
0.302339
1.95971
1.72624
1.66071
2.23132
2.55859
2.39113
2.31799
1.39404
1.48701
1.6652
1.58934
2.06367
2.02201
0.498016
2.06522
2.86885
12.754
29.0306
0.391172
1.88561
3.38942
2.71429
4.04211
3.01026
0.806911
2.06531
1.49603
2.62846
2.12446
2.01754
9.57488
2.37288
2.08468
1.28045
2.01128
3.28415
3.11111
1.32919
1.23256
2.17489
2.83077
2.20175
1.84364
1.92803
7.74297
2.87805
1.43321
3.51786
2.55328
1.26904
1.84354
4.71605
2.43726
1.10373
2.18148
2.11034
1.91603
5.15676
2.13793
1.5502
2.15451
2.27465
2.16722
4.69128
5.87795
2.58416
1.86297
1.90947
7.39916
1.2437
2.70476
2.4375
2.35681
2.02146
1.32041
1.36176
1.00361
1.22973
6.5124
4.4955
1.64326
2.18026
0.603237
1.80952
2.35602
2.61739
2.1769
1.45726
1.87195
2.15859
7.01504
1.17232
2.66805
0.328052
1.32746
4.8
4.31532
1.10765
3.20896
3.38191
2.9797
1.58633
1.63941
2.36875
5.67147
3.11055
1.06484
2.61735
1.81818
2.65297
1.70874
1.40252
2.03782
2.08407
1.57087
1.72414
1.88655
1.60069
1.03497
0.463571
2.3166
1.24359
1.9375
1.91732
2.01969
1.54902
1.91829
1.74593
2.70854
2.41322
2.92058
1.47159
8.47664
1.50755
2.19113
1.71492
2.09524
1.17403
1.72205
1.99644
2.1749
1.42932
4.63158
9.0463
0.342627
2.25373
5.93729
1.68273
3.01706
1.33898
6.35833
3.01878
0.459658
1.24
6.12654
5.42908
1.63197
1.5
1.51724
1.97942
1.97667
1.87879
1.97021
1.52553
2.40933
3.22024
2.03793
6.94007
1.43325
1.55147
1.82609
2.4067
1.67308
3.01531
2.87037
3.22549
1.47735
1.92275
1.17534
2.1306
1.6383
1.54132
0.755252
1.97987
2.048
1.61935
2.28962
1.26393
1.91736
2.22128
1.86532
1.7234
2.25
1.53583
1.66296
2.63842
0.296556
1.74052
1.54
1.53704
1.5214
1.34853
2.7037
2.19485
2.88177
2.03113
5.29457
2.54043
0.343126
1.49624
2.40336
1.89965
1.89965
4.44099
1.09025
2.12245
2.29921
2.05556
2.07634
1.57743
2.25
6.89377
1.80349
1.93511
1.62583
2.65517
2.05752
1.6
1.52941
2.16858
2.09871
2.56332
1.97925
1.97129
1.54403
1.52083
0.229396
1.75319
1.41473
1.36709
2.05694
1.4871
2.08197
2.68528
3.09836
3.01476
1.32737
2.16452
0.98374
1.53506
8.17872
2.311
2.0297
3.23457
2.05856
2.6166
0.923567
1.66154
2.36161
2.22222
2.62547
7.3271
4.3289
0.458412
1.49398
1.5089
1.64
2.12227
2.01471
1.77734
1.52475
2.2
2.49128
1.8612
1.94348
2.59783
1.54412
0.311335
4.87571
1.31937
1.91791
5.01128
4.32456
1.45192
2.78319
1.74061
1.33218
1.29167
2.03017
1.77778
7.61633
1.46875
1.68018
1.46207
1.94937
1.96283
2.09195
1.45066
1.93043
2.17717
1.92116
2.07113
2.71101
2.52941
2.06406
0.539966
1.96094
2.85039
1.24528
2.14403
1.27419
2.2757
2.00394
1.67265
1.74704
2.43511
3.90604
1.04545
8.40359
1.7234
1.54655
3.38676
1.71849
3.29844
1.09294
1.90826
2.10442
1.75265
1.43333
1.984
0.325123
2.08846
1.77165
1.93233
2.75862
1.16931
2.59048
1.6931
3.48325
1.86395
1.67828
2.86095
0.313693
1.55731
1.64198
1.5019
1.85657
2.16667
1.83539
2.5297
3.51163
1.85207
1.73585
2.45693
1.45794
2.33891
0.367262
1.87805
1.40491
3.09709
2.55253
1.4377
1.35294
1.684
3.14433
2.28251
1.75092
2.10078
1.92157
2.24107
0.353954
6.375
5.74107
1.54864
4.22517
2.17176
1.1863
3.24686
1.70588
1.75546
0.274471
1.48443
2.00356
3.11321
1.88971
2.51073
2.78125
6.20253
2.15455
1.83578
1.50676
1.51768
10.3778
2.17703
2.10317
1.55725
1.97656
2.68304
4.71889
6.66272
1.56057
2.87558
2.11508
3.06228
5.58804
2.90909
2.23615
2.93571
1.71839
2.50691
1.77032
2.09366
1.62366
3.04167
2.59917
2.21849
1.68776
1.51195
0.333995
1.16359
1.03927
2.42647
1.32959
1.75258
2.20588
1.89069
1.48657
2.87013
1.38402
2.36071
2.17333
6.57971
2.70556
3.0125
2.11066
1.64883
1.75
1.6263
2.69231
1.99095
3.05285
3.21222
0.939103
2.37458
1.60811
18.1062
3.51832
2.33476
1.53908
1.24159
1.65217
2.78498
1.76341
3.93354
1.59513
5.29787
0.379425
2.45946
1.54661
2.14848
2.68041
2.97899
2.14872
2.19522
4.85141
1.8425
2.47328
2.12784
0.612825
1.38938
2.21951
2.24771
1.91635
1.53333
2.81731
2.2562
2.82022
1.59292
1.29582
2.14679
1.88298
2.98333
0.282834
1.6701
2.15282
2.01003
2.9569
1.47782
1.36364
1.64263
2.09016
3.22951
2.35865
3.45276
2.10227
0.29496
2.15966
1.5489
2.05145
2.25843
1.4086
1.9004
2.62115
2.32308
2.31557
1.3639
1.81124
1.79443
2.71503
0.267219
3.78613
2.25943
1.65165
2.34135
1.96284
1.85232
2.72993
1.51913
1.79087
1.67265
1.58214
2.21645
2.14159
0.247497
1.65385
1.44178
2.43668
2.13478
2.3625
3.74847
1.53433
2.8022
1.83936
1.99119
5.96429
5.51695
1.91273
1.75549
1.44891
1.99597
1.95876
1.36286
1.61329
2.32593
2.38696
1.67826
1.71129
1.87661
0.312605
2.77222
2.39113
1.12
1.34639
2.03782
2.19592
1.46939
2.19433
2.00816
3.13364
1.99296
2.42802
2.08065
0.28735
1.27707
1.40404
3.41954
2.14286
2.6
1.23158
1.89583
1.91797
2.39024
1.57034
2.14732
2.13605
1.15942
2.17727
0.292092
3.58117
1.69436
0.603306
1.64982
2.03008
1.62766
1.48571
1.97479
1.2901
3.82635
10.5948
0.453029
1.69328
1.31818
2.41433
1.21972
2.18677
2.88017
4.04483
2.1174
3.30364
3.51429
1.25021
0.905303
1.20863
1.81505
1.41445
3.125
2.06522
2.67677
2.54386
2.07407
2.12134
1.74342
8.38158
3.87586
1.85366
1.94286
3.04762
2.95652
2.22308
2.91866
2.19592
1.73864
1.79344
2.20664
1.82263
2.57709
9.69948
2.34615
2.53986
1.66897
2.82018
1.9069
4.43939
1.65517
1.63953
2.84539
0.943515
2.48235
1.43581
6.37829
3.15761
2.65471
1.63287
1.91513
1.70245
1.82051
3.285
6.69048
1.96091
4.69822
1.61832
11.3123
2.28908
1.18681
2.16867
2.65812
2.33484
2.46473
1.97407
2.0307
1.88476
4.41525
0.286778
4.21591
0.862162
2.04844
4.42222
4.11659
3.76705
1.53517
1.73563
1.73538
6.25904
1.09877
1.9777
3.76433
2.58333
1.38438
2.06306
1.67606
1.34944
1.43295
1.71831
1.98312
1.86667
4.11952
0.367476
2.30645
1.53147
1.92996
1.80657
1.69266
2.17672
1.4375
2.48966
2.01901
3.85789
1.23392
2.08537
1.82906
0.234106
3.86154
1.24812
1.56159
2.27363
1.19777
1.7907
1.53137
2.575
1.79675
2.04301
2.05508
2.59184
4.0303
0.983471
0.274874
1.68831
1.68151
1.89046
2.41704
1.89333
1.92308
1.72119
2.04594
1.35587
1.32963
2
1.62323
2.04264
6.31861
1.64103
1.65886
2.60674
1.72491
1.73129
2.79365
1.88745
1.87391
2.17021
1.59028
1.34507
1.7992
1.96809
1.72542
7.05385
1.72491
1.58394
2.01224
1.86879
2.03237
2.11558
1.72222
1.54135
1.72535
1.96887
1.56522
5.43388
1.26358
0.269257
1.33108
14.6587
1.08041
1.78014
1.90262
1.85714
1.80769
2.01533
2.41597
1.62857
1.68382
0.463346
2.69057
1.65957
1.43575
2.49714
5.6015
1.09934
1.99608
2.32895
3.20179
2.90157
1.84302
11.6842
2.10811
1.0023
1.23649
1.91518
1.98885
4.26692
2.07407
3.73699
2.33641
1.2536
1.70648
0.547619
2.43028
1.89113
1.70526
2.99583
2.23906
2.3694
2.23695
1.32174
5.76204
2.99202
0.890029
1.73878
1.85938
1.88115
1.79752
1.43726
1.76036
2.68846
2.24664
2.24206
2.028
1.77692
1.35691
1.65091
8.02075
2.14602
2.13878
1.88889
2.09746
1.7251
1.65372
1.90984
1.86196
1.79078
1.79699
3.6319
2.28352
2.86364
8.67391
2.43173
2.34615
4.06696
6.07908
1.49852
2.94
1.91358
1.83794
6.32313
2.5787
1.37069
1.53727
2.61207
1.65267
1.80282
2.16429
1.45583
2.10811
1.88498
1.76404
1.37918
1.55769
3.40889
0.562762
1.17204
1.76981
1.55488
1.95556
2.2963
1.94403
1.48936
2.59722
2.77228
1.85563
1.58333
1.2717
3.22159
7.48221
1.84718
1.45098
1.9845
2.80734
1.5641
2.07491
2.16733
0.949881
0.979042
2.29524
1.67308
2.82203
2.55216
0.557159
1.65284
1.54857
1.48148
1.62934
5.08451
3.07407
2.18919
2.70079
0.941919
7.26642
2.21908
2.06309
4.50178
1.83333
3.39244
4.07576
4.22039
2.75352
5.21196
1.70221
1.93056
1.94074
2.3797
1.56716
0.988372
1.72581
1.48689
2.66029
2.2844
1.73504
2.33891
2.11589
8.07364
3.06911
1.79211
2.09972
1.41509
2.7125
2.50633
2.81857
2.1068
2.58413
2.01807
1.80702
0.28437
1.86139
2.86268
3.4911
2.17699
1.68443
3.25497
1.90028
2.41899
2.61644
0.410128
1.68613
1.8677
2.22162
2.22605
1.54545
2.67213
2.60096
3.08602
2.17266
3.56828
1.55556
1.90688
12.3006
2.51442
3.70504
2.20736
6.30279
0.930966
1.85537
2.55978
1.76547
3.36628
1.97701
1.70325
1.39384
7.83398
2.03861
2.2834
2.40343
2.79503
6.72642
1.14394
1.69014
2.11885
1.33234
1.44523
1.98182
1.90411
1.71986
0.26601
2
1.6381
1.88087
8.625
1.78788
1.70684
2.18939
1.84138
2.13115
2.24597
2.09474
1.40083
6.82414
3.26061
1.66667
4.625
1.29431
1.27147
1.3367
1.88803
1.27059
2.94667
1.7377
7.97244
0.263096
2.70531
1.38961
2.46919
3.83439
2.24576
2.20084
2.76628
1.04348
1.54908
1.77465
1.70674
2.04545
6.77926
2.60396
2.24096
5.49655
6.31022
1.19519
3.44751
2.14717
6.89956
2.03226
1.62975
7.88306
4.4586
1.80498
1.81159
1.91983
2.81643
2.43701
2.24167
3.30151
1.80309
1.78426
2.14523
4.05837
2.95335
0.608311
4.27869
1.99203
2.76016
1.44828
1.68707
3.75676
1.43257
1.67042
2.76652
4.39523
4.52822
2.74611
1.35211
1.82313
1.93182
1.58755
2.09375
1.25664
1.97561
2.06723
1.62143
4.22464
1.53881
2.09322
3.68056
0.320623
2.11069
2.956
1.02857
5.70946
1.79736
2.00279
1.6383
1.93562
1.98077
4.3937
2.10577
6.24658
1.96032
1.79672
2.64
1.81275
1.64045
1.33908
2.08936
1.33544
2.56596
2.51698
1.96
2.12195
2.35185
5.80339
3.63415
1.83404
3.12919
5.01498
3.09442
1.12664
1.90182
2.25
4.38644
1.28941
9.80383
2.46914
2.39643
2.70423
1.45481
1.48485
2.22174
2.26715
1.80297
1.55094
2.66805
1.27698
1.97826
2.81188
0.715869
0.994805
1.67647
1.64979
2.66667
1.67541
2.23116
2.14184
2.16064
1.92032
3.2439
2.17672
1.83891
6.68613
3.44196
1.34237
1.70397
2.66667
2.27049
1.66462
1.80201
1.66887
2.13333
1.69057
2.28517
2.18018
1.72566
10.7686
1.86322
2.24286
2.27037
7.07782
2.77709
0.770961
1.67391
16.184
12.9779
1.41406
2.78995
1.91519
2.47087
3.56148
1.80714
1.62637
2.04981
3.17373
6.99659
1.19718
1.23295
3.70745
1.20053
1.23345
1.85953
2.47436
2.26238
1.70073
1.70035
1.89706
1.64683
1.81404
7.8252
3.29412
1.64479
2.09455
2.05556
1.29963
2.48387
3.13043
1.68895
0.890558
1.50781
4.3218
10.0438
0.221337
1.88931
3.2454
5.35689
1.73316
2.23875
2.1589
6.77419
2.19149
2.50775
0.760494
1.25854
2.68571
1.69685
1.48039
1.66084
1.912
1.59568
5.08712
2.93784
1.61915
0.226097
2.73109
2.13879
3.56204
3.37954
2.824
1.53207
1.75
1.74845
2.28058
2.69421
7.02787
2.22989
1.30622
2.12975
4.61446
4.14574
2.25926
2.28231
2.04186
6.30293
1.90842
1.60227
1.03929
1.32721
1.3796
2.11837
1.60976
1.47302
2.18954
1.94595
1.87356
2.75728
1.93976
1.78571
0.612013
2.27966
1.36646
2.04362
1.48161
1.85886
1.8373
2.2214
2.29064
1.62807
3.23457
1.74307
7.37413
1.09524
2.2717
1.34106
2.59556
8.20446
3.68947
0.813278
1.5905
1.86792
1.09202
0.287037
2.2913
2.49697
1.08247
2.41121
2.24688
1.72394
4.45788
5.03435
0.804029
3.02336
0.383291
1.19558
1.66807
1.58607
2.33766
4.01434
1.14509
2.56054
2.77934
3.92308
1.5736
1.41195
0.471591
1.71166
2.52899
1.56071
1.7554
2.21318
2.50965
0.773973
1.82026
2.86325
1.51918
2.09756
3.99408
0.333133
1.85714
1.91815
1.59589
1.5034
1.68085
1.27178
2.36667
2.284
1.95492
2.16034
2.09524
1.60932
1.46552
9.16822
2.80193
1.64667
2.18182
1.79167
1.65033
1.64286
2.69925
2.03846
2.31803
2.01569
2.6715
1.57432
1.50585
0.339947
1.37153
1.57244
2.90734
2.2243
1.99462
1.78086
2.02778
1.10352
2.35398
2.28631
1.36306
9.63184
1.86381
2.05306
1.89655
2.1551
2.03957
1.57143
1.89933
1.71032
1.94323
2.66977
2.62281
1.85374
2.55507
8.72523
2.15504
1.98148
2.15226
3.06542
2.51181
1.80795
2
2.06007
2.57014
1.51163
1.81899
2.44872
2.01504
0.481366
1.58865
1.34704
1.39564
2.4311
2.14694
1.62313
1.98473
2.3004
3.70588
2.4472
1.05656
3.08475
0.275701
1.70068
2.10409
3.43902
3.46703
2.05578
2.23166
1.65918
1.33036
2.01818
1.97436
2.40726
2.06213
6.22222
0.995671
2.53153
2.80505
1.15827
6.78873
4.53147
1.34225
1.76494
1.97133
3.54286
2.23108
8.98932
8.36562
5.15315
1.22835
3.82097
2.0262
2.81015
0.818182
1.704
0.444728
5.34951
1.6898
1.85714
2.16412
2.83537
2.14786
2.30544
2.27434
4.07636
1.11007
1.53497
2.97376
0.293382
1.11202
1.83582
21.25
1.43173
1.53757
6.38554
0.526932
1.73559
2.58108
7.16917
1.06037
1.16484
2.14602
1.5816
2.98131
2.32636
1.11561
3.78431
1.40653
1.44314
5.05417
12.7823
0.400628
1.47744
1.34365
2.79372
1.92058
2.03053
1.00243
1.88028
2.95676
2.01255
2.91635
1.68807
3.6971
0.176339
1.28846
1.92245
2.24
2.17455
2
2.83516
1.82937
6.70612
1.13636
1.79592
1.60317
4.07037
0.454545
2.1451
3.43103
3.65714
2.23293
2.83525
2.31321
2.45968
2.45017
1.34294
1.89565
2.02448
1.47152
0.282834
1.85664
3.42105
1.10334
2.02247
1.19169
1.82334
2.87773
1.72996
1.16667
1.76923
1.53793
1.4542
3.61491
9.38095
2.33613
1.85227
3.25439
2.66426
1.72543
1.69707
1.54667
2.28333
3.11475
1.4519
2.49627
2.17375
8.92478
2.61348
2.66234
1.70545
3.13253
2.2197
2.02941
6.25797
0.732639
1.86611
2.125
1.80843
0.31467
2.35714
1.2815
2.61504
3.25912
3.41538
2.66949
4.03409
1.17604
1.57612
2.96269
6.34356
1.88259
1.38163
1.68657
1.60474
6.53846
1.96321
5.55652
2.26073
7.28188
2.53112
1.12665
0.258929
2.0807
2.02239
2.98305
1.30548
1.68254
3.25414
3.74483
1.79443
1.73793
1.87739
2.30233
1.9924
1.19608
7.66802
1.52351
1.8985
2.13636
2.25559
2.02077
1.83392
1.51751
1.63878
1.63014
1.91026
1.67021
1.8249
2.10246
0.275959
2.87037
1.82392
1.78049
1.28101
2.04104
2.94465
2.32121
1.21321
5.13878
4.52582
7.99301
1.41693
2.3932
1.67416
1.54044
1.34568
2.34615
1.85603
1.70397
2.67956
2.48525
1.89219
8.46888
3.53448
2.17054
2.61376
1.47826
2.66221
1.71336
5.12889
1.81918
1.46503
2.42564
2.04795
2.1086
9.03182
2.42105
1.40312
2.19342
2.58436
2.75
1.1626
1.66135
1.5233
2.43333
1.6171
2.48826
2.58447
1.61837
2.86029
0.44237
1.996
2.24783
2.1336
1.83712
1.83456
1.63333
1.67832
2.00844
1.34211
1.41026
2.22761
2.53876
1.47656
10.882
1.20382
2.2
2.02927
2.72596
2.18327
1.84965
2.32743
2.69406
2.45755
2.69658
5.1831
1.06329
6.32302
1.4359
2.5812
1.55414
1.89167
5.24057
3.38433
1.06639
3.62555
1.84814
1.37597
3.08852
1.06154
0.321356
4.49339
6.59336
2.7095
3.18237
4.51288
2.95573
3.94595
0.410517
1.6955
1.81933
1.22062
1.49153
2
3.6755
2.15351
2.428
1.80808
1.75986
2.15319
1.48621
1.93077
12.1585
1.62887
1.70463
1.37267
2.02256
3.15873
2.33032
3.23762
1.74539
1.67969
1.44444
1.86742
1.22134
1.40988
1.89892
0.443654
1.17288
2.17672
4.50962
1.26744
1.67578
1.56107
3.57346
1.59375
9.39109
2.79042
0.434334
2.0365
2.96512
1.96753
2.52
2.70567
2.27385
1.95906
1.65549
2.15282
1.37127
1.64835
7.57255
3.15951
1.8659
2.44398
4.23047
4.80986
1.76792
1.68914
1.88889
3.07563
1.26885
2.51172
7.1526
1.0885
2.39921
1.88963
2.00741
2.54955
2.13223
1.66667
2.15678
1.8885
2.66667
2.39837
1.91339
6.03459
1.32743
1.46377
1.26875
1.68345
1.32764
1.66791
2.00704
3.80972
3.99427
1.4038
3.53571
0.283644
2.26141
2.98387
3.63473
2.18261
2.12635
1.93657
1.85603
1.45045
1.84191
1.72581
2.17597
2.67773
1.38782
5.21727
2.05069
3.80631
1.73737
1.97967
8.44131
1.66995
2.42791
3.94138
1.94531
1.24069
7.03901
3.37879
2.68182
2.84247
1.47309
1.24233
1.42618
2.55932
2.16522
1.77888
2.06383
1.6803
2.74091
3.615
10.9848
6.21068
0.891697
2.36139
3.12994
2.01476
2.12253
1.58065
2.12658
2.05603
7.92164
3.70588
1.62308
1.83004
5.43952
10.642
8.03483
11.4214
0.953237
3.23457
0.228754
5.072
1.84585
1.69498
1.668
1.93013
1.83036
2.51282
2.49545
1.7572
3.56796
2.13523
3.92308
5.46296
1.77255
0.289021
2.5
2.22705
2.12281
1.8963
3.61702
1.76336
1.72243
2.25131
1.59091
1.87925
1.90826
2.78008
1.65975
6.8007
2.58394
1.6128
2.17905
1.85714
3.92683
0.881633
2.48333
3.45109
1.91532
4.59028
1.77256
1.74021
2.04467
0.995192
1.59091
2.40336
2.49012
8.03559
3.49144
1.47872
3.14
5.89254
2.86294
1.81712
2.27119
1.79284
1.38235
1.79681
2.03261
2.02212
2.31395
1.67925
2.86087
1.93359
3.47531
1.33447
0.381181
1.90671
2.08125
1.55326
1.90385
2.29279
1.54754
1.73313
1.41645
1.28803
2.17959
1.6997
1.93333
7.58647
3.34459
1.27509
1.73171
2.44865
2.31739
1.80505
2.10169
2.00823
4.7384
3.05437
1.73765
2.84234
0.318548
2.09811
2.37281
1.86325
2.1
2.06148
2.28226
2.01071
5.71382
1.4375
1.97473
2.13504
8.96833
1.96863
3.24405
2.01408
2.26587
1.46154
1.91364
2.36078
2.44144
2.31169
2.46009
1.76305
2.35178
1.9845
2.3451
0.350529
1.56767
1.2175
1.65625
3.23684
1.71795
2.23466
1.74277
2.60656
2.04701
2.4636
3.64769
1.1056
0.485544
2.45059
2.46281
2.52381
2.11017
3.10959
1.68182
2.31799
2.56705
1.96016
2.06475
1.66319
1.65401
2.23846
0.349702
1.30659
1.15646
1.69707
2.26471
1.47727
1.72662
2.81102
1.10591
1.78322
3.07438
3.51632
1.54198
0.539596
2.16797
3.37912
2.34928
3.30282
3.60248
1.56061
2.45455
2.65238
3.43706
5.66952
2.66667
1.91667
1.42357
1.45136
2.75893
2.43137
3.34375
2.03502
2.45872
2.50431
2.13194
1.52312
2.06996
6.92884
1.44403
1.79605
1.59124
1.8964
1.68504
1.83392
1.85874
1.54286
1.92508
2.6748
4.92414
1.22713
6.51546
2.03957
1.45048
1.70227
1.29572
1.76125
2.60825
2.16026
2.27197
2.52404
1.80176
3.85987
1.4044
5.68927
2.171
1.80455
1.76703
2.725
4.61765
1.82625
1.92366
2.04054
2.68376
2.53357
1.30508
2.08791
1.85821
6.60777
1.37195
2.25726
1.57143
2.19291
2.45247
1.85882
1.51757
2.15966
2.68836
6.98261
2.2
3.5
0.264473
1.54745
2.05328
2.58794
2.11524
3.66165
2.52366
0.987437
1.81935
2.19907
1.83333
2.11404
1.89073
16.8333
1.63636
2.02745
1.86312
2.39819
3.03738
3.7352
1.23776
1.86347
1.74089
2.15419
2.00694
1.5035
7.7451
1.95885
2.05956
1.13269
1.71269
2.15789
1.96708
1.3758
1.38535
2.52364
1.09354
1.63345
1.6679
6.68595
0.34342
2.22727
5.27835
1.00917
1.44231
1.9803
5.3981
1.52174
2.52016
1.90076
2.59701
6.86552
4.02703
5.9069
1.29016
1.52941
2.0121
3.48958
1.61679
2.648
2.02703
1.36268
1.37048
2.08974
7.21691
2.91707
2.62
1.98814
1.94361
3.09524
6.51667
3.96522
2.27763
1.37179
2.4646
6.02463
0.246126
0.997585
2.07306
2.5339
1.78
1.86822
1.55556
1.43333
1.66016
1.43537
1.6811
1.73663
1.87059
1.80443
7.68231
1.82639
4.80608
0.727941
1.70632
3.16596
2.09283
3.51
1.27103
2.11554
4.44531
2.07407
2.11255
3.40039
1.89161
1.5
1.76515
1.65839
1.60795
7.84496
4.40533
3.05634
5.07254
1.93137
2.77376
2.04444
2.36638
2.30973
2.15802
1.34538
1.83729
2.41627
1.66777
1.60984
2.32558
6.81685
2.71486
6.0082
2.73131
1.65079
2.53398
2.14662
1.60208
1.80205
1.71429
2.11475
2.35533
0.256637
2.228
2.23932
1.75329
1.91235
2.51613
1.55369
1.71906
2.69058
1.24269
1.77132
1.47588
4.22467
3.94978
1.97276
3.19162
2.18421
2.44019
5.87006
1.57605
2.27197
2.94271
2.51869
3.32314
1.50316
1.72069
3.15108
0.282216
1.52516
2.05691
2.11574
2.2549
4.67451
1.72205
5.59677
0.939502
1.77551
2.44601
3.44371
0.290109
1.48305
1.80894
2.23396
3.0598
1.89274
1.62329
2.48101
3.18721
9.3
2.75194
3.96008
2.56452
1.36
7.37379
8.63248
2.98172
1.06437
5.87624
1.29942
5.86333
1.37249
1.7758
2.8984
1.875
3.25616
2.07895
2.15808
2.23047
1.83764
1.57455
1.48496
1.912
1.94167
2.74043
0.527211
4.0303
3.11567
3.12626
0.873754
1.45989
1.85098
1.84496
3.30392
1.79821
3.79255
1.74812
0.533482
1.57854
2.15
1.96296
3.4539
1.29091
2
1.70803
2.29064
1.49129
2.00391
1.43011
1.54508
2.23849
1.60076
9.03756
1.26984
2.23506
1.03354
1.99024
2.74468
1.65485
2.41732
3.32997
1.10581
2.33202
1.93307
2.52294
7.6747
2.45498
1.54667
6.5915
3.22006
2.00662
1.52012
1.89474
1.27744
1.51258
1.76
2.22868
0.359788
2.08814
1.53631
8.86813
2.15242
2.68443
1.77377
1.14596
0.8523
1.95349
2.13061
2.07843
6.51
2.63071
1.38742
0.841379
1.42857
1.43182
2.41277
1.52091
4.62661
1.17564
1.41455
1.76894
2.66667
2.26087
0.524631
1.17442
1.20328
1.6405
1.36735
1.34853
3.01181
1.49004
1.93927
1.44964
1.94444
2.20089
2.30556
2.11765
7.37548
2.92237
1.63907
1.82971
1.89286
1.53425
1.45018
1.63251
1.15468
2.1306
1.8559
1.56452
1.65033
3.55921
2.375
0.383133
2.64453
1.84167
2.27719
2.20664
1.60303
3.10169
1.13584
2.44541
2.64015
1.90836
3.43931
0.422257
1.69375
1.90189
2.45769
5.05217
2.10417
3.375
1.82828
1.77344
1.62356
1.97458
1.67416
3.675
2.77835
0.305998
1.61565
4.49242
2.41667
1.4717
1.70079
2.40175
2.2875
1.48377
2.1129
2.54673
1.70447
1.81387
2.43
6.58423
2.341
1.8673
3.10891
1.75641
3.44128
1.70903
1.94295
1.78049
2.17083
2.15323
7.80634
0.3732
2.49194
1.64158
2.38362
1.50373
1.97842
2.00403
1.5487
1.87243
1.54753
1.59247
3.62557
1.51051
7.72385
2.68584
2.67222
1.59091
1.90598
1.58769
1.56154
1.81522
2.06024
2.45714
1.86667
1.77936
1.75
2.50679
2.52766
6.35836
1.59048
2.14957
1.54412
6.44628
1.74427
3.34595
4.8838
1.87613
2.49027
5.21644
3.37129
1.53061
3.15819
1.52978
1.53968
2.69231
1.88716
2.32296
1.79021
3.78387
1.18108
4.29968
0.400248
6.26126
2.20824
1.21493
2.40625
2.70513
1.89474
1.80685
4.54933
0.322968
2.49091
2.99505
2.21329
1.91903
2.44309
4.68033
2.07931
1.75862
2.25
1.32083
1.66436
2.27895
1.65217
10.0489
2.30263
2.72642
1.73541
1.50781
1.68707
1.06497
2.53629
1.63603
2.33178
1.84234
2.16949
2.1954
2.03147
2.48837
0.400162
2.1553
4.38926
2.30996
2.30263
1.53512
2.85306
1.79585
2.05738
2.34951
2.3125
2.43949
6.69909
2.10234
5.35783
2.1517
1.38535
1.62587
1.74377
2.48673
1.97046
1.77941
7.51056
0.398946
2.70787
2.75635
2.06504
2.50958
1.88655
5.2735
0.976496
2.0917
2.27957
1.51301
2.72222
0.953846
6.95652
2.35678
1.74257
2.21918
1.2956
1.57224
1.45597
5.76395
2.65432
1.54624
1.16753
2.15932
13.0958
2.10248
1.67
2.19685
1.52119
1.41606
1.17857
1.7931
1.43197
1.7
2.08614
1.89879
1.77736
0.320767
1.71324
2.96602
1.80882
2.2233
2.7013
4.64234
1.99606
1.98872
2.24658
1.08438
1.28571
1.92308
1.85586
0.573864
4.4055
1.45324
3.45714
2.12109
1.71538
2.74
1.06884
2.24779
2.51327
2.02222
1.54891
1.78148
0.266591
2.18905
4.05634
1.51493
1.7377
2.16667
1.74013
1.7907
2.39608
2.14453
1.50746
1.97125
1.8931
1.61786
8.13537
3.63158
1.69084
1.63603
1.46377
1.34859
3.06867
2.38326
2.31418
2.16667
3.4759
3.62997
3.86588
2.07664
2.27642
2.14103
2.34091
1.81974
2.64865
1.68696
1.84585
1.48062
1.08642
2.36777
1.36299
1.3956
1.80632
1.69281
0.488354
8.485
1.11186
1.75
1.70382
1.04598
1.54938
1.7686
2.73841
1.07456
2.38819
4.68125
0.223594
3.22791
4.47973
3.21557
0.74382
1.7518
2.67925
1.87398
2.43939
2.20576
1.56667
2.02724
6.80851
2
1.96957
1.13889
1.70548
1.65769
3.27059
1.21951
1.44054
1.10633
1.87891
2.01799
1.75794
1.83673
1.88933
6.26502
1.90377
3.27879
2.228
1.90493
1.97561
1.97026
2
1.36823
2.98598
2.70423
2.8048
1.17073
6.23955
1.18528
5.0463
2.63636
1.48077
1.82105
3.26271
1.34957
3.16825
4.60669
1.69039
1.79522
8.37344
1.70155
2.152
1.21122
2.2605
1.81648
2.08712
1.78292
2.04895
1.45703
1.7108
1.40419
1.12704
1.2924
2.36788
6.34579
1.61811
1.46519
1.93091
1.72694
1.18605
11.0173
2.18474
1.31317
1.39353
1.58974
5.31308
0.379971
1.70438
1.53974
2.02979
2.075
1.28163
1.4947
2.28821
1.95339
2.18815
1.93103
1.87698
1.76136
2.97436
6.49164
2.67391
2.21963
1.69742
2.43269
2.8565
1.26554
1.56765
2.2397
2.7803
2.75391
1.67208
1.48016
1.81362
10.2917
0.989399
2.27962
1.58278
2.17343
1.24251
2.09191
1.60821
2.12593
2.65596
3.82759
1.18595
0.991011
7.82692
3.19838
2.58202
1.43114
2.97685
1.47899
1.34936
1.90909
2.49206
1.40237
1.68608
2.52511
6.30769
1.38547
2.17939
2.25379
1.75926
2.00784
2.43882
3.05
1.7758
3.71978
1.74704
1.4744
1.72222
1.5414
7.88655
3.3022
2.20312
1.5969
2.02996
1.75445
1.2965
1.95635
2.39689
1.97287
4.93359
1.7791
11.9612
2.27069
1.41351
1.1738
1.88843
1.64506
2.14729
1.78626
2.22605
2.92982
1.66549
1.86957
6.76736
4.47183
2.13357
3.30175
0.972727
2.10081
1.8893
3.30348
2.77451
2.26809
2.304
1.6079
2.28516
7.92308
2.20661
1.57736
2.17778
1.99187
1.89547
2.18774
7.48387
3.68224
2.03093
1.81019
6.07774
1.72697
2.67391
2.48438
1.18519
1.73541
1.56727
2.05814
1.86667
1.97887
1.65157
3.98065
1.73209
2.16529
2.03285
0.776786
1.93711
1.83984
2.23267
1.65497
1.64234
1.71672
2.94495
1.68889
2.27556
1.79863
1.67407
2.025
7.97647
3.64286
2.22692
1.14826
3.21739
2
1.1726
2.20229
2.78788
1.46467
3.70342
1.03069
1.71587
7.28016
2.08268
2.09804
2.23618
2.35345
1.46667
1.84266
3.45342
2.39796
1.2741
1.60833
1.7301
2.39151
1.75089
3.13587
7.56327
2.06731
1.61137
1.9639
1.50993
1.50667
6.20346
3.08511
1.8608
2.91579
1.65965
1.55822
1.71827
1.78039
0.331731
1.41392
1.63492
2.25
2.96648
1.76357
2.3122
2.12832
2.725
1.27027
5.45082
4.18354
0.298392
2.48133
2.55459
2.51613
2.11458
1.56044
2.14414
2.08949
2.35714
2.05957
1.34472
2.56349
2.32743
1.62614
0.389668
3.39051
1.21127
1.77333
2.7623
1.71786
1.97521
1.95865
1.5977
2.82323
3.13228
2.35165
0.406015
2.03614
2.45641
1.89825
2.01562
2.46067
2.42661
1.6303
2.41259
1.77273
4.13139
1.97241
0.873057
2.43304
0.36
4.38739
1.8135
1.48377
1.86296
1.57947
2.18251
1.72857
1.89455
1.8125
1.68165
1.928
2.3125
2.11321
1.71837
0.398539
1.63359
2.44017
1.42041
2.39024
1.68627
5.44516
9.01575
1.18502
2.08046
1.75714
11.0857
2.92288
1.53109
2.23111
1.93871
2.92459
2.71611
1.48656
1.50598
2.24082
2.72222
1.92647
5.48512
4.91837
1.62834
1.96763
1.97692
2.1681
1.31559
1.69167
2.29339
2.14706
1.38462
2.1963
1.69112
9.87081
1.39498
2.71489
1.55777
2
1.12013
1.46358
1.56777
2.16612
1.77451
3.31768
3.91558
1.46556
0.308201
1.36164
1.23984
1.44127
1.4083
1.44702
1.7619
1.97959
5.08614
1.20388
1.31034
2.42202
2.74786
8.47887
1.51938
1.37313
1.79051
1.66292
1.5522
7.52549
0.912698
2.19024
2.62895
1.70303
2.43726
4.66253
5.2058
1.72016
2.10773
1.35294
1.58462
1.98168
2.12288
2.45882
2.35889
1.75093
0.464286
1.89575
3.55495
1.68116
1.61925
1.13448
1.34752
1.49606
2.20982
1.77228
1.73733
1.67164
1.68333
1.43621
1.31469
1.96035
8.18959
2.40991
2.46193
1.38824
2.48092
2.16061
1.89922
1.75667
1.73633
4.80255
6.11159
0.265567
3.24845
1.74138
2.35345
2.81463
1.48916
1.82278
6.55159
1.37241
1.75163
1.85874
2.90535
0.266115
2.26502
2.39362
6.63478
2.81622
1.59615
3
2.00386
1.99588
2.02041
2.38614
2.21538
0.509821
2.23556
2.53036
1.73667
1.93651
2.17054
3.00332
0.933333
1.42015
1.28696
1.63241
3.12162
3.11475
8.26446
2.47899
1.86972
2.75517
1.13303
2.01245
1.92174
2.25403
1.732
2.08
1.50694
1.59259
1.83636
1.47099
8.25847
3.93562
3.74157
2.15714
1.72321
1.44507
1.75
1.87692
1.8125
1.90234
2.92424
2.12992
1.74074
8.772
2.04369
2.28674
2.12313
1.90645
3.1413
2.2126
7.66809
2.77778
1.79348
3.67095
0.304478
2.5
2.16129
2.19128
1.25126
2.48718
8.84729
3.10884
1.64525
1.68726
3.25773
7.73384
2.82778
1.85053
2.27861
2.73894
2.01286
1.97638
3.82432
2.30564
2.34307
1.6873
2.12109
2.89286
7.8037
2.03265
5.48264
1.69124
1.41033
2.48438
1.60828
2.38496
1.35
3.12093
1.62696
1.29605
1.99635
7.80392
2.46923
4.43116
1.56071
1.65421
7.03065
4.17094
1.92012
1.18414
1.77419
1.83475
0.421627
2.06306
1.87137
2.26033
1.61111
1.37102
1.6
1.93769
1.91235
1.70769
2.3388
2.21864
1.46768
8.98165
0.48254
5.33175
1.05192
2.49383
1.6587
1.92
3.09596
1.96203
1.75
3.24581
2.1245
2.21973
4.02703
0.341756
2.33333
2.01818
1.48438
6.98917
0.881579
1.39812
2.16438
2.24232
1.46823
1.96703
2.54688
3.32495
3.56637
2.07715
1.08023
1.64261
2.13636
1.36873
3.29439
1.27857
1.38889
2.1049
1.71296
1.40419
11.1215
1.64242
2.72428
2.72539
2.09455
6.00351
0.862205
2.25962
1.00959
2.98515
2.60748
2.01717
2.8638
0.318152
7.19466
1.03878
1.76619
3.57455
4.07692
1.15021
1.69517
2.32584
6.45783
0.838509
2.68929
0.814516
5.07914
2.46667
1.92938
5.36134
3.18043
0.736264
2.21951
6.98239
2.78995
1.66187
1.71895
1.29191
2.50673
1.89734
1.55435
1.59701
3.65
5.05128
1.03348
7.25483
2.82682
1.95868
2
2.21053
1.73267
2.45306
3.7193
5.49818
1.387
1.85401
2.92814
1.6616
0.415344
1.54667
1.62698
1.50909
1.5894
2.03891
2.01205
2.30688
1.44262
1.80303
2.41434
1.26667
1.79098
2.23077
7.83333
1.70954
1.29595
5.35526
1.09182
5.31004
1.4832
2.43816
1.26316
7.00889
0.916399
9.15421
3.26966
2.21993
1.78099
2.136
2
1.59184
1.52419
2.0188
2.51744
2.09542
1.24127
3.4335
1.97984
2.97238
6.69231
1.67466
3.86869
3.79048
1.6991
1.77736
1.85776
2.33023
2.27165
3.11245
1.90592
2.81739
0.334852
3.30114
1.71269
2.85015
0.938333
5.12963
2
1.98684
2.55172
2.20548
1.95172
1.86347
4.89815
6.07571
2.23846
1.80709
1.65441
1.82686
1.55882
1.51266
2.42424
1.84116
1.33745
1.69959
3.01047
1.81852
5.20301
0.736035
1.22333
1.7406
1.68592
1.54962
1.87132
1.41212
1.95816
2.80282
2.16735
1.7695
3.23313
1.86538
0.585565
5.72937
1.0687
1.07062
2.79832
1.37903
1.68841
1.6455
2.42857
2.26766
2.27941
7.51136
1.61806
4.38224
5.30222
2.125
2.2575
1.70124
1.31726
2.32159
3.34234
1.89677
0.30119
2.704
4.36446
7.95122
15.0414
1.6645
1.74905
2.06885
7.56274
2.18615
2.41909
2.93827
2.2094
1.36313
3.625
2.39858
1.42941
4.72258
3.00791
1.29114
2.67956
1.85771
0.342857
1.64935
1.25856
1.89712
2.48305
2.14286
3.62898
1.07868
4.71375
3.44565
0.886051
1.36301
0.288149
2.13483
2.38462
2.23214
2.49174
2.95789
2.16667
1.85477
2.31222
1.9319
2.40996
2.33929
5.14235
8.10714
1.22983
1.27957
1.79231
2.08163
2.0873
2.52
1.69655
0.908108
1.65909
1.95614
1.76259
0.964103
2.61261
8.22222
2.65842
2.23485
2.12313
2.3373
1.74107
1.55769
2.69787
1.45424
2.1746
1.65652
1.58209
3.15823
1.69466
2.21778
5.51227
1.23743
2.41981
1.62145
1.65462
2.85714
9.54494
2.06091
10.6572
3.80816
0.379637
2.03187
2.11454
3.83621
1.87187
2.03715
2.01163
2.49754
1.63139
1.64729
2.47964
2.42308
1.12707
7.14925
2.3694
1.14591
2.23776
2.45382
1.96875
2.26259
2.26625
1.54972
3.90323
1.26829
2.69378
8.84186
4.22388
3.49425
2.01931
1.65918
1.81933
1.89606
1.84127
2.18774
2.27016
2
1.71315
2.54808
1.11935
2.956
0.348684
12.3234
1.22162
2.54321
1.91266
1.67778
2.40909
2.80556
1.71591
2.61134
1.54154
1.62791
0.580026
1.02887
1.76692
1.8169
4.41194
2.85086
1.64423
1.82971
1.71678
6.58738
2.48458
0.584034
2.20906
2.53704
1.64875
1.68254
2.23466
2.312
2.41199
2.72174
2.44397
1.63846
1.66319
3.1954
7.7529
1.91379
2.48259
1.67128
2.07971
2.37281
1.75325
1.42373
1.76389
1.59227
2.13433
1.6129
2.08051
3.40741
1.89333
0.266443
2.97537
2.21456
2.40693
2.21739
2.4053
2.43561
1.51163
1.02116
3.5446
1.46197
1.44817
2.025
6.31879
1.33553
1.99194
1.71739
1.70492
1.67416
1.26087
2.39669
2.29596
1.75168
3.17647
1.4254
1.50958
1.6558
1.56897
6.12982
1.83451
1.79767
1.56446
1.86667
1.8255
2.1
1.96386
4.49635
1.47893
1.48495
1.50565
1.53082
1.3589
2.04869
0.458647
2.35
2.28458
2.29442
1.87938
1.98131
1.40726
2.02033
1.76206
0.938776
1.12698
2.09871
1.37671
2.42466
11.4412
1.91349
1.78632
2.19149
1.27469
1.44484
1.83922
1.81061
2.18519
2.0241
1.45484
1.51154
2.06593
2.07143
2.49693
0.426901
1.96685
2.11919
2.37989
1.28095
1.37725
2.33974
2.73367
2.20354
1.99627
1.99624
1.37238
1.25083
0.242857
1.58088
1.96016
2.42308
1.6726
1.31915
3.03704
2.50524
5.09063
1.51397
1.89068
8.71495
1.94894
2.05205
1.75812
1.23243
1.71103
1.6834
1.66418
2.13393
1.48
1.79926
1.64591
1.60515
3.05426
2.44
0.294048
1.07692
1.80709
2.03256
1.98
1.6747
2.04215
2.0935
1.62762
1.7492
1.49834
1.70946
1.45848
2.12687
1.84583
0.675
2.43671
1.96441
2.90734
1.81783
3.40079
2.66667
1.45865
1.89007
2.21519
2.05705
3
0.313752
2.50698
1.26984
1.72109
2.8806
1.67315
2.21992
1.55235
2.22368
3.1413
3.47619
2.14022
2.22747
1.81498
8.34728
2.50943
2.61624
1.21302
2.01799
1.77165
1.28479
1.70522
1.54545
2.21053
1.56164
2.33166
1.78873
2.173
1.30313
0.412037
2.38153
1.75328
2.199
2.86878
4.80556
3
2.03876
1.87698
1.40828
1.2349
1.50157
1.76498
1.57295
5.17816
1.68498
1.8169
1.44275
1.14247
2.02326
2.37569
2.78723
2.91133
1.53628
2.5381
3.16892
1.93625
1.69112
3.26786
8.75556
5.35106
1.91582
2.27614
2.35521
1.4332
0.982801
2.10748
1.33333
1.70588
1.32632
1.04152
1.69528
1.18027
0.367857
1.4691
1.74888
1.79478
2.25652
2.03516
2.06773
1.90873
2.19247
1.58362
2.40249
1.44348
3.58219
1.38889
5.30663
1.97107
2.12088
2.25381
2.5
2.07407
1.31295
1.53876
1.70683
1.60498
3.93284
2.06952
2.92045
1.36393
1.61446
1.93671
0.309949
2.26749
2.05396
2.06695
1.96889
2.11321
2.07661
1.36184
2.64831
2.04386
2.43636
3.98305
1.61372
6.81293
2.37849
1.76151
2.09465
2.07143
1.56268
3.26562
8.45161
5.39823
0.935115
1.60772
2.0119
8.46186
2.94886
2.12409
1.83766
6.0888
5.8319
0.790837
1.78777
2.37931
2.29388
3.67974
7.66535
2.66834
3.65753
3.13439
4.157
2.77305
1.34793
1.26692
1.7093
1.08469
1.16552
3.09554
0.281715
1.18783
1.04559
2.26087
1.4375
1.21591
2.01562
2.34348
1.27869
2.10112
2.04762
4.54167
1.73764
1.58537
1.5365
9.78238
2.81675
1.63799
2.57477
1.78927
1.92933
3.37745
3.09091
2.36842
2.33597
1.79217
2.16786
3.57256
0.425193
1.43014
1.40493
1.75367
1.14441
1.28428
2.32917
1.52857
2.54825
8.15054
3.58466
5.38873
1.76953
4.20913
2.5
1.81081
1.8006
1.83434
5.98467
1.2486
1.43542
1.42813
0.48852
2.57442
7.12295
3.56618
1.28669
1.57843
2.74706
2.02672
2.3062
1.49728
2.82609
11.2514
1.66549
1.51362
1.35433
1.65652
2.40889
3.34906
3.66926
0.903297
2.77665
4.47431
1.16987
3.45732
6.72453
1.54276
2.03543
2.18908
2.84043
1.30364
1.22283
2.47541
2.89083
2.5249
2.04472
2.85
1.81639
2.75455
8.63478
2.55696
2.08651
3.12971
0.94206
1.44541
1.83607
0.988981
1.4403
1.63545
1.5036
1.53307
2.16735
1.84887
9.26415
1.45342
1.4542
2.34052
1.33559
2.82474
2.5045
1.98438
1.492
2.53469
1.8289
1.24691
2.77737
1.83391
9.14126
2.29345
1.57178
2.35714
3.42857
0.825714
1.68836
1.51601
1.40273
1.77174
2.18667
3.4918
0.445415
1.23305
1.24742
1.82251
3.48101
1.92975
1.48175
2.20463
1.72222
3.06383
4.20657
1.44295
2.40909
1.22081
1.47738
3.89527
1.53002
3.38298
1.22881
2.03252
3.7697
1.79044
2.64356
1.81609
1.836
6.22491
1.11796
1.90517
1.61062
2.52083
2.2839
2.2
2.08936
1.51111
1.84014
1.89076
1.39858
3.55914
1.30733
4.80905
2.9009
1.39688
1.99209
1.61905
1.89139
3.31875
1.84188
1.72
1.98561
4.43949
2.12157
2.06364
1.51799
1.72901
0.265896
1.84252
2.30034
7.06863
1.66667
1.9875
3.49174
2.00968
1.34545
1.82812
1.49438
1.31169
1.68254
1.67986
0.328984
2.22275
1.75
2.15862
2.41423
1.6506
1.97674
3.4186
0.880841
1.6015
1.5913
1.44922
0.798489
1.53623
14.6599
2.23897
2.10877
5.95137
1.55235
1.2905
2.41852
2.08678
1.33086
1.27523
2.9734
5.02203
0.445498
1.80858
1.93145
1.84825
1.97665
1.39271
1.68696
3.61497
1.61168
3.26214
1.92453
1.19036
7.38057
0.370572
1.71181
1.96154
2.59477
1.21222
1.54745
2.16256
1.60163
1.3617
1.83333
2.57
1.73047
1.29545
1.55469
7.71951
1.82645
2.04286
3.52778
1.84559
1.91098
2.02649
1.65676
2.53145
5.78485
1.48387
2.34677
6.99625
2.30282
1.92857
2.01075
2.46875
1.95971
1.36486
1.58361
1.94137
1.97078
2.05036
6.32683
5.46154
0.302969
1.78598
1.41667
2.65741
1.66107
2.22222
1.53763
1.56126
2.3097
2.65714
1.49072
3.31746
5.08815
2.13333
2.43416
1.86056
3.10938
1.73333
1.14206
1.86017
2.44118
1.31058
1.70531
3.11111
1.56757
1.77391
1.59633
1.0944
6.20339
1.42806
1.81224
1.64311
2.3274
1.67757
2.24715
2.39683
1.94862
1.17808
2.08745
1.8015
1.36364
1.97692
1.52941
0.500776
2.26667
2.08397
1.35309
2.76018
2.66216
1.31594
1.70968
2.04104
2.17727
1.40753
1.8502
1.90043
2.8012
11.5
2.61694
2.125
2.35865
1.61873
2.47423
2.29796
1.3321
4.07812
2.25159
8.99057
0.274416
1.92776
1.88158
1.76015
2.17582
1.65278
1.83137
1.90909
2.245
1.78059
1.72851
1.2482
2.54783
2.65948
6.45139
3.14118
1.68571
3.46575
2.53917
2.64948
1.63478
2.43033
1.81132
2.73563
1.54331
1.92095
1.5
1.79392
5.61538
0.477383
1.07911
2.08614
1.88789
2.22872
1.85768
2.72727
1.16571
2.54378
1.83483
2.30415
2.26641
1.46205
1.99653
0.3028
2.29661
3.74033
1.31463
2.34836
2.11896
1.63333
3.14545
2.792
1.42809
1.91985
2.91176
10.9722
1.74905
2.39919
1.68359
1.60976
1.51418
2.41748
2.45894
1.20861
2.32197
2.08541
1.83333
3.75926
1.7483
7.74059
1.9875
1.43426
1.83175
2.0241
1.2
1.65
2.45852
2.81818
3.63971
1.54516
1.72093
1.77985
8.46888
3.8777
4.8898
1.04852
1.82558
2.02692
6.20385
1.13198
1.07971
1.0436
1.35077
3.12832
0.329987
0.588889
1.27016
1.92056
0.786885
1.16216
1.60084
1.19623
1.22605
1.50739
1.17438
1.45923
1.38961
1.04264
1.0146
1.33333
2.97241
0.735484
5.39806
1.97093
