0.958333
0.95
1.14062
1.19167
1.3125
1.07917
1.2625
0.859848
6.85
1.19583
0.891667
1.10833
1.35
1.27083
1.74609
22.525
12.7625
0.678571
1.22581
0.795455
0.916667
0.763158
1.02206
1.08712
0.945946
1.23106
0.88125
1.26042
1.30128
0.902439
1.25833
1.36111
4.02419
17.2208
16.2708
1.23214
1.83871
0.745098
1.09688
1.09821
4.9
5.01136
3.375
1.43333
156.329
35.6705
25.5042
87.4667
4.36667
2.80903
93.6792
50.6458
20.4208
185.5
236.004
89.178
29.9375
57.65
15.1708
6.66667
24.4708
1.85
1.37917
0.975
0.975
1.03333
1
1.06667
1.00833
15.0875
61.5644
34.2841
50.0764
15.3523
10.8106
105.091
19.2879
28.7188
117.508
3.47083
59.5303
174.662
55.1042
114.188
224.162
15.6136
1.39583
1.37121
1.5
1.95
2.32917
2.02652
1.875
1.33333
1.94583
26.2197
145.192
20.8125
43.0083
59.5333
3.19167
6.05417
24.2386
27.7333
37.6
31.0583
22.4917
3.2803
104.436
89.6792
29.9508
41.9458
192.296
75.8708
77.4083
109.485
15.7375
52.553
31.8375
10.3333
97.05
5.44318
71.2311
7.00833
87.5708
12.2273
2.82955
36.1439
115.088
4.75417
25.7333
5.05303
54.2917
15.8125
49.6167
82.4667
1.49167
1.2875
1.66667
2.6125
36.3917
10.9208
43.6667
75.1591
66.3417
70.0333
99.4659
14.2614
118.227
71.6172
132.588
236.642
136.045
13.447
151.997
17.3542
145.45
3.26667
84.5583
34.0341
68.6125
138.011
70.9833
18.9042
30.8125
38.2583
63.7708
36.8788
20.75
69.7875
65.059
69.2045
8.875
28.2625
85.6042
101.587
141.938
82.5583
44.822
103.55
17.85
200.608
1.12121
18.5167
10.5083
2.59167
308.029
99.6083
12.2262
15.5625
5.0125
7.46591
36.0644
11.675
33.2208
7.02419
2.65152
57.2458
128.796
1.525
347
81.4053
126.35
19.2008
48.5347
26.1667
63.775
6.61742
5.09583
15.6932
51.7576
34.0303
29.9792
3.2125
8.59167
2.76667
2.625
2.8875
4.72917
17.2875
160.742
47.4583
166.904
16.6833
155.629
20.7667
78.4542
53.7222
25.1333
87.6553
43.5556
32.4417
58.7292
43.9167
30.6136
20.1125
19.7727
91.072
19.1208
0.967105
0.933333
0.9375
1
1
1.04583
0.736842
0.870833
1.06667
0.95
1.09274
0.966667
1.06667
0.833333
0.933333
0.920833
0.970588
0.920833
1.06667
0.8875
0.795455
0.916667
0.933333
0.966667
0.966667
1.04167
1.04167
1
6.62917
0.967742
0.866667
0.933333
1
0.984848
0.904167
0.893939
1.10833
1.21667
0.966667
0.933333
1.75
1.23333
1.06667
1.075
1.075
1.13333
1.16667
1.46667
1.57917
6.38672
1.03333
1.45161
0.5625
0.899306
0.9625
1.16935
0.916667
1.02917
1.025
0.975
0.933333
1.06667
1.06667
1.06667
1.06667
1.06667
1.06667
1.06667
1.06667
1.1
1.2
0.95
0.859848
0.875
1.1
0.753676
0.852273
1.03333
1.27083
0.759146
1.15323
0.835526
0.842857
3.26894
0.337349
0.966667
1.01667
1.03333
0.966667
0.8875
0.95
7.025
0.774194
0.898438
1.04167
46.8083
0.344444
1.18333
1.07258
0.966667
0.983333
1.23333
1.26667
0.9125
0.895161
0.977273
0.941667
0.766447
1.175
46.7583
0.378049
0.983871
0.966667
0.967742
0.9
1.06667
1.06667
7.34583
1.75417
1.50379
1.21667
1.025
1.04032
0.933333
0.966667
0.933333
0.916667
1
0.933333
0.975
1.23333
1.06667
1.06667
1.06667
0.820833
0.966667
0.933333
1.03333
0.933333
0.810606
0.83871
1
0.856061
1.17917
1.10833
0.979167
1.05833
0.854167
0.933333
0.933333
0.95
1.09583
1.275
0.916667
0.9
1
1.10833
1.03333
0.966667
1.04167
0.810606
6.82917
0.891667
0.859375
1.03226
0.966667
0.9
0.967742
1.10484
1.00833
0.925
0.975
0.883333
0.941176
1
1.06667
1
0.933333
0.933333
0.9
0.908333
0.975
1.03226
0.966667
6.6625
0.907258
0.916667
0.983871
1.06667
1.06061
0.904167
0.966667
0.933333
0.933333
0.983333
0.933333
0.966667
0.979167
1
1.61667
1.275
0.933333
1.34167
0.975
1.375
1.06667
0.833333
1.06667
1
1
1.06667
1
0.870833
0.916667
1.1129
1.07258
1.025
1.05833
0.743056
0.975
1.14167
0.9375
1
1.00833
0.904167
0.941667
1.04839
1.33333
6.775
0.933333
1.06667
1.06667
1.06667
1
0.916667
45.3669
0.313889
0.966667
1.03226
0.9
0.954167
1.34167
0.920455
1.13333
1.05
1.03333
1.11667
1.26667
1.33333
1.1
1.06667
1.075
1.06667
0.795455
0.80303
0.904167
0.9
1.03906
1.0375
1.09677
0.966667
0.870833
1.1
1.01667
1.54839
1.43333
1.06667
0.933333
1.1
1.03333
1.2
0.966667
1.69167
1.23571
0.407258
1.11667
0.825
1.00417
0.983333
0.920833
1.03333
1
0.95
1
1.075
1.04167
1.075
1.06667
1.06667
1.06667
0.870833
0.895161
0.835714
1.14167
1.03333
0.966667
1.03333
1.1
0.933333
0.9375
0.95
1
0.866667
1.06667
1.06667
1
1.06667
1.06667
1.06667
1.06667
1
1.02917
0.819444
0.814394
0.954167
1.10833
0.904167
0.933333
0.966667
0.933333
0.966667
0.916667
0.966667
1
0.933333
1.04167
0.9375
1.06667
1.06667
0.966667
0.810484
0.903226
1
0.929167
1.01613
0.975
0.975
0.933333
0.95
1.1
1.0875
1.04839
6.70417
0.966667
0.933333
1.00833
1
1
0.904167
0.933333
0.833333
0.970833
0.870833
0.808333
1.1125
0.736486
1.01667
0.966667
1.03333
1.1
1.1
1.1
1.03333
1.175
1.63333
0.94697
1.1
1.1
1.04167
2.31667
1.87731
1.50694
0.541667
1.35484
1.04514
1.07576
0.945833
1
1.24583
0.810606
1.3
0.898438
0.954167
0.80303
0.772727
0.908333
0.967742
0.9625
0.84375
1.01667
1.48387
1.64167
1.675
1.5
1.63333
1.13333
1.46667
1.25781
1.10833
1.16667
1.86667
1.275
1.03333
1
1.00758
1
0.925
1.03226
0.866667
0.916667
1.08871
1.10833
1.075
1.06667
1.03333
0.870833
0.9125
0.753676
1.06667
0.9
0.933333
0.983333
1.46667
1.23333
1.84677
7.49167
1.56667
1.18333
1.48333
1.64516
0.916667
0.858333
0.966667
0.9625
0.828571
1.10833
0.966667
0.9
0.933333
1.15
0.9
0.9375
0.697368
0.878788
0.933333
0.933333
1.00833
0.575758
0.854839
0.9875
1.11638
0.935484
1.15
1.03333
1
1.1
1.6
0.975
0.966667
0.799242
0.954545
1.12069
0.768382
0.945833
0.808333
1.00417
0.909722
1.1125
0.908333
1.05303
0.967742
0.866667
0.933333
1.03226
1
1.06667
1.06667
1.00833
0.933333
0.875
0.858333
0.941667
0.9
0.95
0.9
0.933333
0.916667
1.1
0.95
1.1
1.04583
0.891667
0.716912
0.933333
0.984375
1
1.30833
0.945833
0.904167
1.1
1.2
1
0.870833
0.950758
0.978448
0.951389
0.969697
1.11694
1.50417
1.23311
0.946429
1.11742
1.28333
6.875
1.18382
0.902778
1.49167
0.852273
1
0.933333
0.866667
0.916667
0.848485
1.03333
1
0.916667
1.06667
1.2
1.21667
0.9
0.916667
1.24167
1.075
1.06667
0.966667
1.075
0.684028
0.991667
0.946429
1.075
1.22917
1.19583
1
1.18333
0.933333
1.06667
1.04167
1.40833
1.14167
1.20833
1.14167
1.06667
1.06667
0.9
0.841667
1.03333
1
6.95417
1.175
1.01613
1
0.933333
1
1.06667
0.866667
1.1
1.06667
1.06667
1.15833
1.04839
1.03226
1.1
0.966667
0.933333
0.9125
0.681818
0.908333
0.866667
0.933333
0.983333
6.72917
0.887097
0.983871
1.1
0.933333
1
1.20417
1.03333
1
1.01667
1.06667
1.06667
0.854167
0.717742
0.895833
0.9125
1.14167
1.20833
1.075
0.875
0.925
1.06667
1.06667
0.772727
0.9
0.991935
0.951613
1
1.075
5.66667
5.87143
0.365854
1.15
0.925
1.1
0.941667
0.958333
1
0.966667
0.933333
0.560606
0.966667
1
0.866667
0.933333
1.13333
0.883333
0.975
1.06667
1.15
0.933333
0.9
0.95
0.933333
0.95
0.966667
1
0.933333
0.833333
16.7208
26.0694
23.5769
25.5417
10.1008
0.658333
1.09936
1.7375
1
1.04167
0.879167
0.95
0.966667
0.916667
1.03333
1.34167
1
0.863636
0.925
1
6.7375
0.966667
0.775641
0.962121
0.86859
1.22581
1.06667
1.13333
0.966667
0.933333
0.895833
0.856061
0.916667
0.9
0.987903
0.941667
0.891667
0.825758
0.808824
0.9
0.933333
1
6.6875
0.866667
0.916667
1.01613
1.06667
74.1042
0.319149
0.933333
0.9
0.95
1.03226
1.03333
0.700758
1
0.895833
0.920833
0.801471
0.9
0.935484
1
1.00833
0.975
1.0375
1
1.00833
0.966667
0.933333
0.958333
1.03333
0.966667
1.06667
0.8
0.863636
0.9
6.6875
0.845833
0.916667
1.03226
0.966667
0.933333
1.03333
1.03629
1.49194
1.50833
1.21667
1.83871
1.54167
1.84167
1
1.09483
0.915323
1.03226
0.916667
0.95
1
6.98333
0.866667
0.9
1
0.903226
0.95
0.8375
1.05
1.13333
0.933333
1.15833
0.919355
1.05172
0.717742
0.975
0.935484
1.175
0.980263
0.866667
0.980469
0.832143
0.972222
5.82143
0.916667
0.858333
0.9125
0.967742
0.8375
2.53333
3.46429
4.125
3.33681
3.0641
2.79514
2.25
1.31793
3.40625
2.38125
0.653716
2.03571
2.26923
3.06061
2.77652
3.94167
3.18581
6.17949
4.26172
0.916667
1.09375
1.15152
1.01875
0.875
0.9375
0.85625
0.955128
0.910714
1.0625
1.40809
0.946023
0.9125
0.925
2.00833
1.24576
0.408088
1.1625
1.23387
1.07639
0.979839
0.887097
1.04032
1.3
1.25417
1
1.28618
2.30714
41.1618
6.03409
2.94318
3.06061
27.4458
4.24583
30.0694
38.2792
10.9958
149.433
13.8561
28.4962
104.351
19.7045
182.817
135.575
1.94048
2.35985
2.76515
2.91667
50.7841
20.5568
109.4
9.35833
5.30417
6.32639
124.342
12.1474
64.4542
83.8958
39.725
26.6285
122.404
27.6542
55.3571
190.196
113.092
58.4917
121.621
60.6125
187.521
90.3
49.525
9.10417
37.5083
16.325
34.8875
55.6708
66.6125
3.89583
33.125
2.6375
81.1875
23.1333
24.35
149.198
32.6292
54.2652
44.2167
5.6
15
10.3826
86.7958
12.2614
97.5341
86.5833
53.2708
80.9811
4.49583
8.23106
5.20833
132.988
51.5833
6.44583
122.838
7.1375
8.75
17.1792
66.5303
108.504
10.9125
3.48264
4.27273
2.25
159.062
32.2326
34.5375
23.3182
11.175
45.9708
60.1632
80.6932
184.466
19.175
4.52431
70.4653
8.77273
160.75
52.5375
4.32955
53.8864
22.4962
103.723
49.5958
26.1629
10.2727
8.98864
16.2
45.0542
56.6288
8.26136
183.225
55.2375
40.8708
18.822
31.3068
21.8417
149.625
138.525
84.5708
66.7792
4.24242
42.4479
2.16667
4.04861
1.20486
6.65
23.675
36.7958
37.5833
48.8
1.7375
1.39015
26.4667
111.967
8.95417
1.7
1.2375
1.475
4.88889
33.2955
146.942
112.568
9.85
78.6827
21.8833
201.35
161.842
4.52917
4.06818
99.1136
7.98026
14.5882
110.206
4.47727
22.0292
74.6167
63.85
25.525
21.303
18.9875
15.2311
160.104
49.1023
22.65
38.9625
50.2375
7.96591
6.24621
1.8
16.1174
1.9125
4.06439
5.10417
72.3939
7.29167
68.5875
1.2
0.883333
0.958333
0.853571
1.03333
0.991667
0.966667
0.966667
0.966667
1.1
1.03333
1.06667
1.1
1.06667
0.970833
0.925
0.9125
0.8125
1.03333
0.966667
0.916667
0.816667
0.951613
1
0.883333
0.966667
0.967742
1.03333
1.06667
1.06667
1.06667
1.06667
1.06667
0.966667
0.975
0.891667
0.9
0.925
0.967742
0.941667
0.967742
0.916667
0.95
1
0.878788
0.935484
0.833333
0.933333
0.984375
0.966667
1
1.06667
15.3167
13.0179
0.384375
0.96875
1
0.966667
0.9
1.15833
1.0375
1.22984
1.0303
1.1
1.13333
1.4
1.2
1.9
2.03333
0.966667
0.654167
1.12931
0.850806
1
6.94167
1.33333
1.1
0.866667
0.975
1.06667
0.966667
1.1
1.13333
1.16667
1.16667
1.36667
1.1
2.3125
0.46
0.651163
0.929167
0.983871
0.933333
1.00833
0.933333
0.95
1.08333
0.935484
0.866667
0.941667
0.984375
1.06667
1
1
0.941667
0.897727
0.950893
1.11842
1.07576
0.904412
0.904167
0.916667
0.966667
1.69167
35.1458
28.8785
0.269737
1.1
0.966667
0.933333
1.83333
1.62716
0.35274
1.20221
2.30859
0.446429
3.28333
0.514062
5.56419
0.756757
0.933333
0.919355
0.983333
0.866667
0.933333
1.04167
0.933333
0.983333
0.95
1.43333
1.06667
1.03333
0.933333
1.00833
1.10833
1.08333
1.1
1
1.34167
0.933333
5.72222
0.931452
0.9
0.833333
0.95
1
0.983333
0.895833
0.967742
0.830882
0.875
1
1
0.933333
1.04167
1.1
1.4
0.9
0.951613
1
0.870833
1
1
1
0.866667
1.03333
0.884615
0.774306
0.776515
0.933333
0.9
0.787879
0.9625
0.931818
0.983333
1.33333
1.40833
1.4875
1.65417
1.38333
1.6
1.3
1.45
1.35985
1.26359
0.555328
1.11012
0.849432
1.05417
1.17917
0.768382
0.912879
0.925
1.03333
0.916667
0.95
0.975
0.966667
0.916667
1
0.983333
1
0.904167
6.925
0.933333
0.984375
1
0.85
0.983333
1.03333
0.916667
1.05833
0.941667
0.933333
0.95
0.933333
1.13333
1.06667
1.30833
0.966667
1.00806
0.904167
1
1
0.933333
0.8875
6.6625
0.916667
0.967742
0.8875
0.883333
0.916667
1.03333
1.0375
0.9
1.03226
1.06667
1.06667
1.375
27.9886
27.2353
27.6836
0.308989
1.12083
0.975
0.825758
1.06439
0.833333
1.00833
0.966667
1.01667
1.03333
0.966667
1.06452
1.03333
6.65417
0.916667
0.766026
0.840278
1.84167
1.30208
0.850446
0.925403
3.47426
0.391176
1.22984
0.712209
1.12917
1.19697
1.46667
1.04643
6.71094
0.720833
0.659091
0.9
0.95
0.966667
0.958333
0.933333
0.933333
1
1.06667
1.06667
1.1
1.06667
1.06667
1.06667
1.06667
1.06667
0.933333
0.904167
1.10833
0.800781
0.685606
6.6125
1.03333
0.933333
1.06667
1.03333
0.966667
0.891667
1
1.06667
9.70417
25.032
20.4737
0.342647
0.805556
0.893939
0.958333
1.09677
1.04167
0.941667
45.2823
0.384146
1.03333
0.966667
0.916667
1.03333
1.06452
1.06667
1.06667
1.05
1.03333
0.916667
0.841667
0.919355
1
0.916667
0.95
1
0.904167
1
0.939394
0.921875
1
0.883333
0.966667
1.06452
1.04167
0.991667
1.06667
1.06667
1.06667
1.1
1.1
1.04167
0.866667
0.966667
0.933333
0.95
0.983333
1.11667
1.23333
1.06667
6.80417
0.966667
1
0.879167
0.787879
0.925
1.12083
1.03333
0.9
0.966667
1.02917
1.13333
1.25
1.23333
0.966667
1.36667
1.13333
1.03333
1.06667
1.1
1.23333
0.991667
1.10833
0.810606
0.9875
0.958333
0.925
0.9
1.13333
0.916667
0.975
0.941667
0.933333
1.03333
0.966667
1.00833
1.04167
1
1.1
1.1
1.11667
0.979167
1
1.075
1.075
6.92917
0.966667
4.57258
1.84239
3.80263
0.36236
1.025
1.03333
1.07258
0.878472
1.04167
1.20417
0.878788
1.075
0.941667
0.925
0.6
0.9375
1.0625
0.775
1.25833
1.2
1.13333
1.5
1.90833
1.2125
1
1.125
0.904167
0.933333
1.00833
0.933333
0.933333
1.16667
1
0.975
1.09677
1.13636
0.916667
0.920833
0.951613
0.966667
0.866667
0.933333
0.983333
1.01562
1.09583
1.15
1.16532
1.18015
0.863281
1.11364
0.860714
1.23387
0.833333
1.00338
0.705882
1.0125
6.72917
0.866667
0.9
0.935484
0.870833
1
0.9375
0.832143
1.06667
0.933333
1.25833
0.966667
1.03333
1.075
1.06667
0.9875
1.075
1.07576
1.125
0.966667
0.8625
0.8
0.916667
0.930556
0.920833
0.8875
0.883333
0.966667
1
0.866667
1.00833
1.06667
1.06667
1.06667
1.06667
1.3
1.1
1.175
1.48333
0.870833
0.916667
1.03333
0.904167
1
1.01667
6.59583
0.966667
1.01667
0.903226
1.05469
1
1.06667
1.06667
1.06667
1.13333
0.8875
0.972222
0.779167
0.970833
0.966667
1.00833
0.9375
1
1
0.933333
0.933333
1.06667
1.04167
1.09091
1
1.01667
1
0.866667
0.933333
0.983333
1.1
1.00833
1.00833
0.844697
0.9
0.933333
1.01667
0.933333
0.966667
1.06667
1.06667
1.06667
1.06667
1
1.06667
1.06667
0.757576
0.921875
1.1
0.933333
1.03017
0.8
0.929167
1.1
0.933333
0.95
1.01667
0.966667
0.966667
1.06667
1.06667
1.06667
1.06667
1.06667
1.06667
1.1
1.06667
0.995833
6.75833
1.4125
0.935484
1.40417
0.855392
0.990132
1.34677
1.47569
1.08438
1.23214
1.2197
1.38929
1.01488
65.128
92.3438
88.4189
12.822
105.32
2.8141
3.14939
3.525
1.90878
3.80769
0.599265
1.0875
3.23256
0.481105
1.11667
0.619681
1.2197
0.64881
0.852273
1.2125
0.975
1.07917
1.30417
1.14394
1.45417
1.175
1.23333
0.966667
0.727273
1.14167
1.46667
81.0667
18.3167
120.521
58.6417
54.2951
27.2625
10.2083
84.3561
6.71591
43.9917
77.5985
29.6208
1.46667
1.07986
1.42424
7.20833
1.27083
5.89583
106.925
5.55682
98.9208
68.697
32.4125
63.425
37.441
1.95833
1.13333
1.34722
1.01894
2.48333
9.99167
85.4
37.725
3.2625
3.3125
20.0458
5.4875
279.167
89.425
12.7
93.625
96.8864
3.52917
10.6292
3.64583
0.945312
0.967742
31.6167
24.8958
23.0833
71.7576
42.1583
46.0161
0.933333
0.94697
2.74167
1.04167
47.4167
3.1375
3.65152
3.78333
35.1333
17.5042
28.5521
5.12083
41.7538
14.3833
8.21212
71.9053
50.9458
21.4333
2.89015
87.4886
105.167
37.0292
39.2875
194.742
64.7652
1.74242
14.1515
3.21528
1.25758
1.34848
1.575
1.36667
66.6417
33.5167
19.4792
24.6591
5.31667
36.4924
54.9
3.1375
2.59167
3.10417
52.1333
28.2083
131.704
39.8194
45.6042
49.7
36.8542
98.6528
37.2958
9.62917
144.198
42.9773
3.625
11.8167
6.725
65.3542
135.242
65.0208
2.5947
46.3708
84.4875
94.0227
68.6208
62.5833
82.1792
149.846
66.9333
50.8977
15.9792
18.2689
166.308
3.73485
132.939
2.59848
1.075
205.837
2.42424
30.3083
52.9875
99.95
83.9458
77.0417
177.408
67.1625
132.071
24.2625
30.3819
16.1818
6.00833
71.2708
20.2583
42.8561
37.5667
163.171
94.7014
135.28
150.425
84.3667
69.825
44.6212
19.3826
49.3542
22.3167
0.875
0.784091
0.945833
0.859375
1.10833
1
0.9375
1.08333
0.933333
1.03226
1.03333
1.06667
13.5375
6.7633
2.77439
3.16477
1.07986
141.053
74.7917
22.1076
33.1708
153.284
88.0167
225.113
43.2273
2.475
23.4792
44.6061
56.5958
11.3
6.55303
90.2273
1.48333
2.11538
2.85
71.1458
100.688
33.2292
194.628
74.6542
47.9458
32.0875
34.45
3.29545
3.1125
2.99167
2.61742
2.98333
2.93333
71.5792
5.17083
11.447
111.704
16.2208
63.1917
155.39
42.4125
82.1833
1.62083
14.3792
68.6
1.75758
6.47348
154.367
34.8583
75.0667
50.375
102.163
31.9432
38.65
48.675
32.0375
126.483
61.3409
53.675
28.6792
27.7348
44.8417
79.1333
41.1708
38.9375
17.9917
6.12879
41.2576
68.6169
235.216
37.2208
85.3625
2.02083
1.46212
2.95833
31.5667
8.89583
46.5795
54.9542
232.917
23.8371
3.30682
36.1076
1.73611
102.308
16.0125
99.4931
1.49167
46.7833
37.7008
15.0167
27.072
27.5833
34.7159
9.38194
97.7917
71.4167
46.1515
17.7879
59.35
81.625
209.14
18.8939
69.775
45.7125
84.3167
33.25
14.2992
94.4861
164.85
79.8875
29.2458
15.0455
8.0125
136.617
32.6208
112.492
36.9667
83.8583
18.6542
60.5542
3.74167
4.125
3.80682
16.5303
74.1146
26.9083
28.5076
116.314
27.3788
23.2042
30.7167
109.683
4.85417
8.57083
28.0341
73.3292
13.0917
8.27083
8.47917
29.0125
31.7292
10.1691
16.0994
21.5542
19.2571
16.8826
22.8235
17.6776
16.0699
20.6875
16.2204
22.7464
12.7462
2.75815
