1.53691
0.860627
0.313492
0.532067
0.704871
1.08451
1.03361
0.52019
0.553444
1.09013
1.06573
1.46626
6.75
1.17476
0.504695
1.05963
1.02521
0.609877
0.510689
0.670659
1.12207
1.06723
0.510689
0.314815
0.962963
1.81679
1.06311
0.522565
0.518868
0.518868
1.08451
1.02521
0.609877
0.308201
0.670659
1.10094
1.42945
1.78947
1.04878
0.882353
1.08451
1.02521
0.799353
0.52019
0.314815
1.08451
1.02521
0.510689
0.995475
1.03704
1.39241
1.01852
0.873016
0.523585
0.518868
0.309524
1.02521
0.72434
0.52019
0.533333
1.20968
1.22543
1.07143
1.56291
1.02927
1.46626
4.40141
0.863481
0.52019
0.524941
1.08451
1.02521
0.747692
0.99095
1.03286
0.533981
1.00917
0.314815
0.662651
0.509434
1.05046
1.14554
0.94636
0.52019
0.527316
1.43791
1.01852
2.79242
1.11239
1.54902
1.48089
1.09491
1.16807
0.52019
0.553444
1.08451
0.941176
1.19697
1.57962
4.46244
0.495249
0.563707
1.03286
0.873016
0.509434
0.780142
1.08451
1.16807
0.52019
0.335165
1.01852
1.01852
0.568182
1.08451
1.20321
1.58824
1.51299
0.791667
0.52019
0.553444
3.56792
1.05046
1.40798
1.79845
1.43373
0.609877
0.52019
0.995475
1.01852
0.857143
0.607735
1.08451
0.322751
0.501188
0.627451
1.01852
0.873016
0.509434
1.05505
0.995633
1.5
1.50649
0.913124
0.313492
0.532067
0.612565
1.06573
1.42945
1.68794
1.00873
1
0.52019
0.532067
0.368571
1.01852
0.533981
1.08451
1.02521
0.624679
0.924051
1.03286
0.880952
0.518868
0.830189
0.308862
1.0839
1.53503
1.08416
0.535452
0.522565
0.5
1.32432
1.58865
0.819188
1.08451
4.03992
0.51049
0.489311
0.78853
1.01852
0.887097
1.08451
1.02521
0.829352
0.99095
1.03286
0.314815
0.509434
0.657459
1.08451
1.02521
0.924051
1.03286
0.873016
0.518868
0.523585
6.56383
0.977778
0.780142
1.08451
1.02521
0.634961
0.505938
0.612466
1.62411
0.850394
1.27419
1.05172
0.302249
1.42415
1.19324
0.557252
0.52019
0.513064
1.06881
1.02521
0.491686
0.99095
4.42019
0.531401
0.551887
1.00917
1.03704
0.632184
1.08451
1.02521
0.843003
0.52019
2.1924
1.21303
1.42675
1.25281
1.06573
1.42945
1.86047
1.55
0.557252
0.52019
0.572447
1.08451
0.31746
0.76
0.690852
1.03286
0.873016
0.539216
1.01852
0.873016
0.509434
1.05046
1.14554
0.37963
0.52019
0.522565
1.02817
1.42945
1.66456
1.45882
1.50336
1.46626
1.3787
0.828859
0.333791
0.553444
1.08451
0.99002
1.29614
0.645244
1.02817
1.00939
1.24294
1.01852
0.873016
0.309524
0.744966
1.08451
1.13445
0.52019
0.553444
1.08451
1.004
1.5
1.60959
1.49367
4.89683
1.08451
1.10084
0.52019
0.553444
1.08451
0.99002
1.29614
0.638817
0.541409
4.2277
1.31667
1.09453
0.920168
1.07042
0.883534
0.566038
0.54717
1.02703
1.07042
0.702875
2.23939
0.717949
1.38365
1.66667
0.759494
0.566038
0.54717
0.862205
1.07042
0.883534
0.566038
0.306878
1.02703
0.995305
1.33333
1.2328
0.931727
0.6
1.07042
0.879518
0.522565
0.54717
0.284392
1.05046
1.03004
0.566038
0.557783
1.2228
1.20879
0.952381
0.566038
0.54717
0.309524
1.04587
0.995633
0.566038
0.54717
0.920168
1.03286
1.41772
2.00847
1.26984
0.642659
4.18694
1.03004
0.566038
0.54717
0.655689
1.07042
0.879518
0.551069
0.566038
1.07407
6.56597
1.2
0.659341
0.566038
0.54717
1.02703
0.944206
0.566038
0.54717
0.655689
4.42488
1.64539
1.58904
2.16514
0.814126
1.07042
1.07042
0.609418
0.566038
0.54717
1.02703
0.883534
0.31746
0.769231
1.11111
0.968254
1.11111
0.952381
0.566038
0.54717
1.02703
1.07042
0.314815
0.566038
0.558824
1.00917
1.5
1.02525
1.33146
1.6383
1.39412
1.07042
0.766773
2.28066
0.54717
1.02703
1.07042
0.583554
1.11111
1.11111
0.859155
0.909091
1.11111
0.952381
0.306878
1.02703
1.07042
0.782918
0.566038
0.54717
1.31609
1.42012
0.773333
1.00901
1.5
6.31507
1.45679
0.702875
0.566038
0.54717
1.02703
1.07042
0.740741
1.26984
1.11111
0.606061
0.306878
1.11111
1.11111
0.610526
0.765734
1.07042
0.883534
0.566038
0.54717
1.1068
4.37731
0.828571
1.02703
1.05634
1.40606
1.55333
0.757098
0.566038
0.54717
0.811111
1.03286
1.28652
0.298942
1.08911
0.659341
0.556604
0.681818
1.11111
0.920635
0.6
1.07042
0.879518
2.24584
0.566038
1.11111
1.11111
0.563107
1.02703
0.995305
1.41772
1.13402
1.01695
0.566038
0.306878
0.6
1.07512
1.64539
1.56849
1.70213
0.720721
0.566038
0.556604
1.1215
1.11111
0.306878
1.02703
1.01843
0.54717
0.688889
1.11111
0.952381
0.54717
0.811111
1.07042
3.65261
1.05727
1.11111
0.689655
0.566038
0.54717
0.990991
1.5
1.2659
1.07042
0.879518
2.19834
0.54717
0.834646
1.17073
0.983051
1.02703
1.07042
0.637681
1.03448
1.11111
0.952381
2.26179
0.6
1.07042
0.863454
0.596206
1.11111
0.952381
0.566038
0.53184
1.26753
1.27168
0.306878
1.02703
1.01843
0.566038
0.54717
0.64
1.70213
1.51634
1.2809
1.07042
0.702875
4.70398
1.11111
0.659341
0.566038
0.54717
1.02703
0.944206
0.54717
1.11111
1.11111
3.40317
0.54717
1.06796
1.11111
0.920635
1.02703
1.07042
0.637681
0.566038
0.54717
1.00901
6.20333
1.68841
1.25661
0.950324
1.70213
1.11111
0.606061
0.566038
0.54717
1.02703
1.01843
2.22995
0.54717
1.11111
1.09091
0.566038
1.11111
1.11111
0.666667
1.02703
1.07042
0.668693
0.31746
0.54717
1.00901
1.27568
1.41358
1.44681
0.771084
0.662722
0.611111
0.325472
0.325472
0.272059
0.17328
0.418868
0.263658
0.256532
0.372483
0.591549
0.445783
0.263658
0.289786
0.602151
0.611111
0.52381
0.316038
0.17328
0.543779
0.266033
0.316038
0.393617
0.591549
0.445783
0.263658
0.289786
0.577982
0.591549
0.373737
0.266033
0.177249
0.577982
0.723757
0.698413
0.467925
0.866667
0.648649
0.377104
0.316038
0.577982
0.591549
0.354633
0.266033
0.177249
0.577982
0.591549
0.261792
0.256532
0.308333
0.591549
0.445783
0.263658
0.662983
0.89726
0.819876
0.52381
0.316038
0.170635
0.591549
0.261792
0.256532
0.322674
0.591549
0.445783
0.263658
0.256532
0.474359
0.591549
0.445783
0.263658
0.187831
0.611111
0.916667
0.820513
0.470339
0.591549
0.445783
0.263658
0.261283
0.577982
0.591549
0.445783
0.266033
0.177249
0.577982
0.591549
0.307479
0.266033
0.316038
0.577982
0.89726
0.932331
0.853333
0.596244
0.440895
0.325472
1.97052
0.577982
0.591549
0.29443
0.266033
0.272059
0.591549
0.445783
0.263658
0.256532
0.372483
0.591549
0.429719
0.45122
0.171958
0.611111
0.325472
0.318396
0.283887
0.591549
0.445783
0.263658
0.256532
0.393617
0.591549
0.445783
0.18544
0.289786
0.577982
0.591549
0.373737
0.266033
0.888889
1.09091
0.662722
0.316038
0.417293
0.591549
0.445783
0.263658
0.166667
0.577982
0.591549
0.354633
0.266033
0.316038
0.577982
0.591549
0.261792
0.456057
0.741784
3.97917
1.51852
1.29762
1.55869
8.2844
1.89107
0.242063
0.386792
0.413706
0.826291
0.654618
0.39905
0.424528
0.595745
0.807512
0.733624
0.40566
0.252747
0.788991
0.538721
0.81982
0.835681
0.393868
0.835681
1.23005
0.768868
0.760563
2.78591
1.2418
1.50235
1.51174
1.01548
1.59259
1.2874
1.55869
1.54128
1.42795
2.50119
0.811321
0.672532
0.572464
1.59259
1.5
1.31727
0.764151
0.504121
1.60849
1.47639
1.56881
1.58216
1.17818
2.17197
2.44681
1.84127
0.811321
0.458995
0.761792
1.44958
0.650794
0.783019
0.993939
1.59259
1.2874
0.421958
3.60811
1.47639
1.41772
0.964706
1.95283
0.341202
0.240741
0.54698
0.826291
0.654618
0.39905
0.481132
0.777027
0.862385
0.579787
0.826291
0.475362
0.285714
0.756303
0.816514
0.523546
0.532951
0.882353
1.04153
0.746809
0.346499
0.840376
3.86853
0.815451
1.07826
0.791489
0.803922
1.59259
1.2874
1.31837
1.50917
4.07588
1.23913
0.867374
1.55869
1.49083
1.59259
1.5
0.950725
0.764151
2.90556
0.809877
0.592391
0.7981
0.726415
1.66341
1.85946
2.32877
1.54128
0.449735
1.4955
1.35714
0.788462
0.820755
0.783019
1.40171
1.59259
4.03346
1.03285
1.08861
1.28369
0.582278
0.433962
0.821101
0.807512
0.685714
0.443396
0.59434
5.83427
1.54505
2.07273
0.958716
1.50901
0.984802
0.767606
1.58685
1.54128
1.12635
4.70183
1.5
1.02236
0.816351
0.620379
0.767606
0.779097
0.811321
0.453704
1.50679
2.99123
2.57463
1.85146
5.00316
3.74828
3.48011
0.580357
4.24091
6.07634
6.79167
5.32641
4.05952
3.71377
9.56897
6.13383
7.19913
2.17765
1.28826
2.19691
1.18421
0.318878
1.56211
1.64075
2.42236
2.63598
2.19277
3.55611
3.50877
2.10456
1.42751
0.421016
1.31746
1.45703
1.22872
4.36179
1.72887
3.07047
1.08719
2.98864
1.61576
1.17752
1.01615
2.33165
3.00266
5.61372
4.01212
12.3517
2.90426
3.17628
3.11966
2.16667
1.37634
2.03714
2.26061
2.81022
6.42089
0.990099
1.48878
2.43333
1.76077
0.820755
1.44554
1.7849
2.42029
2.37132
6.21386
1.53531
1.79368
2.2967
1.91542
0.878049
0.878049
2.77064
6.90604
2.97619
4.2047
6.88621
7.40663
6.8913
26.7203
6.09302
4.51882
4.25625
9.11696
7.10432
8.4646
9.01361
7.90551
12.7425
1.41942
4.27586
11.3882
14.7529
2.648
1.125
3.85714
5.22895
6.19492
5.38931
11.9518
4.04459
2.67617
2.40367
0.990036
1.89883
3.11429
0.659286
3.22887
2.21271
2.29111
3.79577
3.41887
3.77778
3.12644
10.8333
5.75836
1.87063
1.69014
2.04138
2.09036
1.55634
3.01634
3.04659
1.01639
6.20787
3.73148
6.89231
4.68627
4.15748
3.77698
1.94931
8.85448
7.34921
3.43841
3.4383
2.34
2.384
2.57908
2.12308
1.63465
0.828704
3.35463
3.34694
1.31551
2.09375
2.35211
1.42254
1.38378
10.472
8.39231
2.94218
1.29021
0.643447
0.803991
3.90656
4.1
2.95783
3.53797
4.84
1.01273
2.14685
1.79624
0.406888
2.11927
3.52332
4.85714
4.83955
1.39333
2.21429
2.90373
14.2645
10.2669
4.21186
19.8419
6.21429
4.15301
4.1063
4.98502
2.05981
1.18118
0.850275
2.21503
4.03516
3.56696
3.42561
1.30453
1.69028
2.31421
10.3545
2.39737
9.75758
4.11709
6.56061
1.25137
9.69091
6.62037
2.38235
5.07143
7.74269
4.30137
2.83262
1.86345
8.99667
8.96053
0.769841
4.35635
2.8838
1.25283
2.3191
3.76
2.15337
2.80667
6.63522
2.1626
2.87838
4.42149
3.80189
2.56225
1.15455
1.81311
5.94836
2.98366
2.26361
2.04785
1.456
2.05022
2.94985
5.42857
8.54749
3.35
3.5411
2.22426
0.821734
1.00977
3.2807
3.20504
0.740741
2.39806
2.77126
2.37815
1.99661
3.60579
5.62532
2.09956
2.36696
2.20435
2.50505
3.65361
6.46313
3.88926
1.80609
2.48156
2.3891
2.1078
2
1.71484
2.00865
1.57513
0.459821
1.9901
4.12963
3.36923
24.8922
5.82636
4.92143
3.75377
5.05674
3.05738
9.45133
3.42042
4.4196
4.92797
4.82203
2.61404
1.61392
3.03814
1.45125
7.0275
7.325
4.85022
1.90476
2.3945
2.57627
2.53425
2.956
2.31646
2.34247
0.468254
2.95413
13.7105
4.40244
2.76154
2.08148
1.77059
2.13475
8.75685
10.416
8.52294
7.51082
3.60054
5.4186
7.64094
2.56369
2.71781
1.76
3.11446
2.67203
1.57447
3.17373
2.5137
5.68649
2.37705
5.53846
2.41241
4.83476
4.81337
2.52744
6.78395
1.25
3.44056
6.92015
4.81967
1.75704
2.13308
2.63596
9.31356
3.16732
3.02632
2.02463
1.1549
1.08974
1.32743
2.29213
2.65217
2.36478
12.0596
8.82979
3.71869
4.58846
4.25279
3.32677
2.14164
0.637117
3.72761
7.25401
3.82377
11.6683
1.80178
3.66516
2.66258
2.20382
1.86782
1.90102
2.11301
2.10759
1.7665
7.69189
2.9589
3.01266
1.88202
2.76984
4.2377
4.24786
9.02869
9.87766
3.14035
3.24286
3.12895
1.52395
10.2109
3.36508
1.46269
0.730435
0.903571
1.36111
6.272
4.8042
9.99291
3.09415
4.06044
5.96491
2.2638
2.28906
3.65591
6.2369
3.53766
2.28616
3.09929
2.83665
1.77023
0.81931
0.548444
0.599588
2.70362
11.0902
14.9174
3.16226
4.08582
3.1437
3.54
6.35
4.30102
2.33871
11.7192
8.00917
10.8455
8.90795
2.71138
4.75926
8.31058
1.5719
2.17366
5.77037
3.92544
2.76984
2.91096
3.09357
7.47273
7.99531
7.18147
3.89826
5.90347
17.1343
4.08333
2.47147
3.68127
2.52792
1.07443
0.848
2.5274
9.25847
0.775794
4.57522
2.18358
2.90435
3.55906
2.68634
0.989348
5.52041
2.96127
2.86232
1.83684
1.87168
3.52
2.97605
3.76333
3.56228
6.12121
2.84324
1.62527
2.83333
1.73397
3.95291
3.41278
10.3672
4.59633
2.30709
2.64493
2.34118
7.71123
6.94231
6.34649
4.14286
4.68182
2.14286
2.34753
2.25989
0.472527
2.40458
1.72261
2.70225
3.09206
1.64262
2.71257
2.74275
2.91949
8.44672
5.43299
4.42683
2.02602
2.29661
1.95455
2.16541
1.45752
1.53991
3.25789
15.9298
3.72635
4.0123
1.96529
2.19099
2.23904
9.33735
2.42958
2.28035
2.19839
1.8588
1.4334
2.15
2.07803
4.67085
14.3432
8.11111
3.89726
2.76471
4.06711
5.14943
1.6131
1.92094
3.47059
5.23013
4.43624
2.69363
6.37097
2.19858
3.63755
4.4693
3.06608
2.76
1.97041
2.41489
1.9654
2.08133
8.96154
3.40574
1.98465
1.20621
0.860313
2.0973
1.95862
4.24615
1.57979
6.93841
1.85185
2.608
1.71429
1.41549
1.56381
1.98908
1.99632
3.77874
12.4878
5.97458
8.73246
3.15525
1.60759
1.68592
2.13077
1.41096
1.62092
7.35385
1.52299
1.6806
1.9898
1.29621
1.82096
3.99603
3.37462
2.94904
2.54035
7.19355
2.02679
1.89352
2.56352
3.548
2.73876
1.7684
2.58929
4.14328
8.19118
4.79299
7.50769
10.1242
4.24734
13.1457
5.31953
4.80702
3.61647
2.60904
6.73333
2.58763
2.3245
2.21882
1.6922
3.19257
5.03589
1.8012
0.829736
0.955774
1.67661
1.7624
2.37545
5.73759
4.04545
0.89418
7.50459
4.20492
2.96
8.39017
12.464
4.13699
2.9187
3.03425
20.2136
3.36257
10.2282
1.82097
3.05802
3.95161
2.72139
3.36
4.93077
0.328042
1.85714
2.3622
2.25532
2.14085
1.9078
2.61905
3.54386
3.81746
1.07047
1.97904
8.27407
3.11789
2.26766
13.374
5.66412
2.83721
3.96444
4.80045
3.81408
7.11218
6.3587
6.20732
3.14333
8.51333
1.52347
1.73387
5.89458
3.37859
3.16434
3.34063
8.66296
3.03988
4.20545
3.18224
5.46825
4.27483
2.44131
8.74648
3.92073
2.27869
2.6506
2.07471
1.5427
1.03678
6.85059
1.7004
2.81319
2.18182
2.56934
2.25342
2.56028
13.7805
13.2603
8.64317
3.97321
6.15319
6.20175
3.17394
2.57143
2.90079
1.99093
1.21627
3.41599
0.907407
1.73545
1.82921
2.10194
3.13475
4.02857
2.91949
1.91165
4.8253
1.88862
6.85274
8.05042
4.97826
10.5019
12.0036
2.61594
2.52632
2.50382
2.27536
2.17066
0.990548
0.751225
2.3125
2.56637
12.2103
2.87654
1.02941
1.10563
2.20657
5.4554
4.43119
1.33933
5.2383
1.52397
2.90449
2.09052
2.5
3.38785
9.11364
4.97034
5.58147
4.09735
2.91049
14.4985
8.12174
3.14247
11.2423
5.78378
8.55862
2.25867
2.68519
7.08943
7.37615
17.3333
3.92808
3.43694
2.90217
1.60521
0.996933
0.875949
1.03249
12.3696
6.18421
3.20909
2.33735
1.67273
2.17208
3.26978
2.24627
5.10656
10.5064
3.95455
3.76285
2.42135
6.74485
5.90385
5.72266
0.62963
1.72699
1.94675
4.15738
4.08696
3.43137
8.38081
2.33921
2.84877
3.20051
1.47849
1.63768
1.51733
3.19377
3.36631
12.0688
3.95886
2.06287
3.32787
2.78195
1.78158
1.68916
2.61261
12.5338
2.76543
3.19469
1.97333
1.3069
10.5623
29.6807
2.13115
2.28058
2.42105
3.29464
1.90761
8.202
4.32792
3.396
1.32171
1.07351
1.01923
4.1514
0.923077
2.68376
2.19014
1.75352
1.39955
8.28814
5.0852
14.4649
2.37275
1.81737
1.01536
1.42476
1.67961
3.08571
3.58278
0.721154
2.07339
3.53962
5.18571
3.8895
3.19167
6.28358
3.00287
6.21569
18.7127
12.026
7.46124
3.92958
5.53
3.20244
1.29443
2.33582
13.4742
8.60643
7.05579
4.35391
2.79137
1.3539
3.27273
0.75463
2.32051
1.91638
15.506
14.4895
2.34177
3.19065
7.55234
23.4722
3.60305
16.5345
9.96194
3.54785
4.86726
6.66667
1.29762
4.43452
5.01136
5.40333
5.83448
1.06456
1.53043
10.4188
10.268
8.6157
5.64179
9.8252
2.37864
2.59385
3.85455
10.4963
5.34211
7.04098
9.31746
5.65596
5.81579
5.53597
4.12437
8.16308
4.04478
4.09302
2.95388
0.978175
6.70567
6.63084
6.38053
1.26246
1.63761
8.08667
3.66923
3.78899
2.76014
2.78344
1.75568
2.27966
2.14726
2.96377
2.87603
8.04696
13.1155
7.87712
4.92308
1.99262
9.83775
4.73567
1.68474
2.00723
3.52542
6.1811
6.60526
10.297
2.93066
2.83557
3.4386
5.24576
1.77228
2.40068
2.05328
1.37946
0.786401
1.13158
5.92677
9.97326
2.44079
4.15064
3.9943
4.0241
5.61049
4.49833
2.68607
4.10462
3.71739
4.25
2.9866
10.6027
4.80769
2.45215
3.60563
1.89394
2.63226
0.877751
1.27714
2.48507
0.4375
3.41026
1.43452
2.06209
4.0632
3.89779
2.63492
1.82748
2.17829
3.73793
0.779503
5.14655
5.87324
3.87037
19.4866
2.42808
2.45693
2.09929
1.37155
1.08704
1.35091
0.402778
0.689706
4.56456
2.34211
0.912371
1.74206
1.65677
2.052
1.83728
1.2367
1.26359
0.36045
4.09244
3.38596
3.24444
1.9235
1.09302
1.50422
1.05369
1.83465
5.85263
3.30435
3.01572
3.15289
3.29075
3
1.74879
1.16337
1.31687
2.03672
5.65664
3.6453
2.43979
1.4521
1.25455
0.961456
1.20605
2.36631
10.293
3.85942
5.46565
3.94667
3.97403
3.85654
2.7807
0.929348
0.635204
0.815957
1.40035
1.42908
1.36957
1.55251
3.63158
0.99794
2.11801
2.99194
3.56738
3.69281
7.67941
5.93893
0.826058
3.72024
3.15493
20.4929
3.58333
3.83858
4.44589
3.52985
2.45029
1.85135
1.89806
9.1612
1.85096
2.93578
2.09206
2.43258
3.26866
2.11598
2.1903
3.97845
8.19231
4.23834
3.45856
3.74459
4.3865
4.60853
3.33603
2.37396
7.05556
2.16914
2.78623
6.6917
7.10593
2.28571
2.35124
2
1.24645
4.50535
2.18644
3.01099
1.91509
1.57227
1.82443
1.35795
3.31955
2.34541
6.3
2.36029
2.44395
2.90602
6.26299
4.41667
10.0821
5.51119
2.25667
3.90943
3.21959
3.4152
14.5921
2.85156
2.54114
1.67936
0.820513
1.54503
4.02778
2.69725
3.19737
3.64035
9.55085
2.65823
3.05519
4.88841
4.42735
5.15556
2.83588
9.79385
3.28926
3.27064
3.42857
2.12632
2.97448
5.13389
2.66358
8.86054
3.65089
2.59116
3.25357
3.0463
3.25
6.72039
11.4518
7.40741
2.9019
6.11236
4.52778
4.78947
3.11194
7.60855
12.807
21.0439
4.81132
9
2.07251
1.35194
1.37532
1.92877
2.01105
2.57838
2.87397
2.75399
2.29412
0.383598
1.58621
1.17372
0.910995
0.831395
2.18923
2.07143
8.95399
3.36015
4.00217
2.89286
6.78512
8.55895
14.5805
2.72979
2.81232
3.42262
3.57477
6.44163
5.58442
6.33942
4.49474
2.90338
2.4198
0.797619
2.7122
3.72652
5.62188
2.81395
3.86667
7.07627
2.48214
2.65672
1.47249
1.69935
1.91414
17.8874
10.916
2.2623
11.5556
5.36
12.1692
3.80734
4.35385
25.716
10.6577
2.94863
4.51695
4.30702
2.14968
1.53173
1.58297
2.03778
2.56215
7.71069
7.0687
6.26733
0.757911
1.65506
2.13974
17.0445
9.89908
3.75096
2.7623
4.43793
2.86327
2.80473
8.29114
2.40488
3.29538
2.48325
4.15341
8.05641
15.7868
3.59615
3.33217
2.15451
3.90462
4.96127
1.96014
2.07792
2.17169
1.99682
1.63532
2.44737
2.32727
3.67063
7.35854
3.20098
2.27358
10.2453
7.19737
4.43852
9.51568
4.58696
2.34091
2.65753
3.5641
5.24153
3.89035
10.5734
5.1
3.76493
1.13189
2.65672
2.1157
3.28099
4.58284
3.5654
8.72519
2.30789
1.16008
2.00794
2.13534
2.16541
2.93391
4.61024
4.45
4.82155
1.86706
3.72642
3.76754
1.3692
1.24444
1.67172
6.18938
9.192
16.2807
5.66393
4.78355
8.64685
3.55422
2.26276
1.1156
1.74735
2.04412
4.09574
2.93966
0.37963
2.26174
2.93333
2.4918
1.77035
2.04615
2.64085
11.3114
13.7948
7.85769
4.42358
4.01818
3.54587
2.0669
1.96194
2.95556
2.04749
7.88519
5.8587
6.51373
4.16757
4.79032
14.4748
4.12086
3.79128
5.88519
9.94444
3.78761
3.82143
2.42705
2.85145
2.6903
1.93548
3.27459
2.22143
2.11143
4.10943
1.29255
1.80422
2.37871
2.37595
8.18644
4.98585
4.88688
0.749339
3.94502
5.66071
6.13475
3.59091
3.62687
1.33333
0.824074
1.99708
6.87313
6.48919
4.79365
12.2379
6.66667
4.27826
3.46296
1.7977
3.60212
2.62847
3.36486
6.28483
1.43878
1.21747
1.39526
1.746
1.49346
1.68182
1.44366
16.75
4.22581
6.63934
5.55621
3.19057
5.05983
4.26667
1.36097
13.1033
17.2252
14.3818
2.60185
2.36885
1.44068
1.22066
1.35211
1.72936
2.6831
2.92877
5.47518
10.7378
5.62081
3.61411
6.36066
5.5
3.62712
2.99254
5.81111
1.97423
4.50309
5.69432
4.66972
2.34615
2.98592
2.30822
2.75887
7.18232
4.37692
6.70561
4.20775
4.57971
2.68794
2.88498
2.80678
8.24497
1.11571
1.82222
3.6962
2.65493
4.06716
2.96519
4.09963
8.26115
2.60125
1.74359
1.07584
1.59155
4.17361
3.4918
3.69737
10.0885
2.2844
2.8114
2.92345
8.1831
3.06528
1.11797
1.30074
6.43465
6.03922
14.2037
3.91617
3.77391
2.99254
0.487434
1.425
1.51613
0.780242
1.72302
3.43564
10.9016
11.6687
4.13768
3.49505
3.30351
1.79916
4.84536
1.77338
2.09268
6.94304
5.90184
1.49673
1.96117
6.15049
1.62908
2.45726
2.72143
4.21583
2.94911
9.16613
4.4668
2.57317
1.63746
1.71812
0.940639
1.17089
1.57143
6.109
3.80508
4.15854
5.20866
2.85326
4.77372
3.45221
2.42336
0.633929
6.17316
4.41791
4.30275
3.46032
16.7982
22.9574
1.97785
1.27436
1.03006
0.936842
1.35179
0.721591
7.124
1.4586
2.35769
2.7619
2.82927
2.13287
2.21986
1.96296
1.62613
1.86318
1.70686
5.32394
2.93841
3.36508
3.50649
4.15789
2.52991
1.7454
1.51181
2.07568
1.40343
6.9759
1.8589
6.51316
6.69264
1.72944
1.88945
3.78205
3.81651
2.39437
8.47951
2.78689
3.40367
2.78873
3.36842
2.50459
3.30315
3.58889
7.48167
5.0615
2.5896
6.06338
5.39683
13.51
9.84091
3.32753
3.1791
1.91331
1.19785
3.85375
5.51705
12.771
5.33721
4.71587
10.1687
11.7808
6.76724
5.684
1.91795
0.679894
3.87898
7.20513
6.94056
2.54976
2.49561
1.31138
7.41722
3.5
4.38532
3.62313
2.27363
3.7268
4.64865
4.1124
13.1585
3.03202
1.59375
1.83524
1.37475
1.52796
1.40674
2.78358
2.00769
0.616402
3.83533
7.69203
6.71818
2.99123
1.9027
0.662281
0.562831
1.99612
4.93171
3.88934
6.06579
3.92336
6.41553
3.9223
3.9186
1.98361
1.39458
1.92992
2.41
1.27426
0.879371
4.95054
6.416
1.20605
1.54321
1.60494
1.69394
2.20805
1.85127
1.55263
13.1865
4.76087
2.70501
1.82143
2.40181
2.50229
3.90931
7.94481
16.383
2.64835
1.5739
3.22881
7.43151
2.58462
4.37308
3.9918
2.15436
2.50964
2.45113
2.85124
1.93684
1.96117
5.5398
1.44966
1.27946
38.7536
6.05537
8.3
10.2659
3.42902
6.86164
3.03169
1.86022
2.62633
4.06838
3.368
2.93506
2.95552
6.84411
8.52049
7.52752
9.09633
4.35599
9.86494
2.17391
1.82816
3.00325
3.85946
1.42826
1.64394
1.4537
6.29248
2.66667
1.18396
8.58602
11.3904
5.64545
0.468254
1.80973
3.73881
5.44444
5.60618
7.35648
6.60465
2.46863
6.97122
6.51316
4.02024
5.08209
12.0841
1.99578
1.28
5.24873
3.47273
2.57639
2.58678
2.14379
1.51244
0.449735
0.901734
1.22315
2.41798
2.59177
2.84921
2.83898
2.79882
1.22424
0.621693
1.69477
3.04333
1.51176
2.18657
2.64463
1.67273
1.89091
2.17544
2.18421
8.85669
5.11538
2.89557
3.21201
3.1954
3.60769
2.74684
8.68788
4.65248
1.3741
3.68148
1.50588
2.04293
2.21296
4.17982
4.74704
0.787037
4.93671
5.38166
6.04965
3.41406
2.93304
5.40741
1.41743
1.50787
2.42778
2.9725
2.13021
1.25365
2.6306
2.05844
0.32672
3.02381
3.61988
2.71557
4.65254
2.34817
4.06195
5.54783
19.4167
8.06433
7.84351
3.78571
2.11055
9.22517
3.95833
3.28571
2.30682
3.97487
2.74854
2.54577
3.96503
7.62356
2.70588
2.54196
4.35385
4.30435
3.7
4.17433
2.73618
8.95968
2.92157
4.68908
2.72727
2.04365
1.42407
1.84783
5.19409
12.2671
7.23826
3.21676
2.76297
3.30137
2.29348
11.5754
4.06593
6.04348
5.1
5.33212
4.67949
9.97034
5.0487
2.47472
4.82353
3.4
2.94366
2.21918
3.11076
1.61644
3.94484
2.00947
2.34161
2.6087
1.74
2.24528
2.15068
2.41837
1.19288
1.3526
4.35177
1.21154
1.99023
1.55205
1.91429
2.52482
2.47849
2.00294
3.94737
5.18085
14.0395
2.45528
5.11351
2.55024
3.87605
6.07925
0.943681
4.73246
3.26462
1.80515
4.02405
12.1754
10.1021
1.37617
3.02239
7.67323
14.24
5.37316
2.18765
3.00816
1.95342
1.18857
1.17382
1.47794
1.40733
3.47674
10.3579
2.33058
0.807157
2.01712
1.77487
1.3444
1.25
1.30612
3.17226
2.51938
7.52143
0.833898
1.92228
1.97253
1.55682
1.16042
1.56522
3.27111
12.4813
10.7745
2.28511
3.08127
6.04348
5.51899
7.38974
3.04571
3.63768
3.08451
6.33058
2.54098
2.91975
2.10684
0.918269
4.08197
2.6128
4.98895
1.56742
3.07647
6.22131
9.55328
2.78358
2.72308
1.27189
1.06312
0.812121
2.82321
8.81905
2.19195
2.45423
2.42466
1.77803
2.08312
1.55773
2.90833
2.61404
4.12613
19.9495
22.886
5.35242
2.76941
6.54595
2.99627
3.5859
2.29677
1.87248
4.76299
7.70677
2.52256
6.24857
2.70423
2.51342
2.8366
3.54037
2.79946
2.22171
6.26333
3.40741
3.62374
2.68103
1.27689
4.01081
3.7037
10.4301
4.62551
10.4332
8.87048
2.44474
3.9907
4.5856
2.20442
5.34545
13.1159
6.90351
8.24576
6.0766
5.64348
11.8423
7.15094
4.79439
8.45489
4.57143
7.8766
2.48756
5.05072
5.48361
4.05618
2.40376
4.14407
25.0872
16.5333
3.51835
2.41311
6.88636
2.91691
1.20106
1.33291
0.818408
1.85556
16.4236
4.00725
3.10561
2.92308
3.93394
4.63869
13.9643
6.27987
4.43388
5.61304
4.45679
2.76116
2.63579
7.37015
2.46179
4.03401
5.09524
6.23148
6.75
2.73761
9.80909
3.7156
2.49383
2.03243
2.44156
1.86567
2.82877
2.10638
3.01587
3.40647
6.57716
1.13772
1.47391
1.02277
6.15038
5.24561
2.46855
2.86017
1.65909
0.338624
1.28035
2.12987
1.46237
2.27059
2.78
2.63184
2.76667
3.64602
1.30975
0.861386
1.19672
1.62747
3.27007
12.3532
4.66667
4.35593
2.18912
3.21622
2.59836
3.20301
3.09929
2.03243
6.72525
4.45665
2.37868
3.09417
1.71965
2.28955
1.68767
1.61616
2.99048
7.4626
2.90511
4.07359
3.34043
2.42164
2.21067
5.25424
5.25991
4.78112
11.5081
5.32353
10.3675
6.07749
2.61404
3.03529
2.41322
5.9513
12.4369
17.5459
10.5615
14.5921
3.96646
1.18575
2.29771
1.99668
2.50388
1.9265
2.76923
3.24312
2.89789
4.75676
3.829
2.0942
2.75806
1.27914
1.62545
2.85965
1.88217
1.60227
1.38498
5.09762
2.09206
2.94872
1.61368
3.10453
2.49788
2.46154
1.66522
8.45974
7.65205
16.2149
2.34082
3.21387
8.02837
3.77692
3.02
2.29189
1.456
4.78814
4.4386
6.625
4.96639
10.3163
1.98158
2.84896
4.82979
2.13139
2.18954
1.8806
1.47925
3.79422
1.46269
2.59259
6.74678
12.9661
17.0229
5.22764
6.4661
2.57927
3.56013
2.44162
2.2906
9.52439
4.61622
2.39474
1.76812
1.06863
0.812092
2.17466
3.27198
10.928
4.66456
5.75836
3.42606
3.41525
2.28058
1.24868
3.93581
2.87651
2.44898
4.13934
7.32117
5.37302
4.50847
10.2669
2.88182
4.08117
6.23377
5.42802
5.91103
4.32507
7.2451
2.6158
2.0061
3.5069
2.75
3.21429
2.98571
3.04381
1.7766
0.367985
1.80046
1.48113
1.19953
1.01701
0.702638
0.736306
0.782192
1.91068
2.35384
9.58904
2.85375
2.56923
13.1508
12.8846
4.76818
3.13095
3.86239
8.852
2.48538
2.78205
3.19305
3.45667
4.65254
3.93578
6.46789
5.42478
8.02113
1.60586
1.15921
4.81716
4.38077
3.86567
5.27564
9.01729
2.31518
2.52229
2.40127
1.03915
0.670602
2.24772
10.9424
15.7256
9.51364
5.93033
4.28727
9.11744
2.5403
4.39899
5.39444
2.56344
5.44815
29.5439
3.9193
5.40541
17.7481
10.6738
2.81314
1.62679
3.25641
2.45139
5.84689
1.37217
1.11371
1.23711
2.31887
17.6477
6.19048
5.31538
6.42273
2.70321
5.77667
10.9718
5.66071
3.00637
1.78251
2.6383
5.23404
7.41638
3.65217
1.36264
1.05882
1.61131
4.53968
3.33772
3.91398
10.2177
3.8866
4.82625
4.7686
3.69262
2.49801
4.32932
3.18792
1.22163
4.63265
1.03817
1.73614
7.27465
2.89384
2.39583
5.00694
2.90698
3.83649
1.90299
2.53918
1.73121
1.55409
1.159
1.84656
2.19108
1.25566
1.29791
0.350529
2.99113
5.69424
4.44231
4.98333
2.06069
5.59023
8.38603
6.13824
3.89414
1.33333
2.63393
0.69709
3.13609
3.35764
1.52941
2.00472
1.80427
3.95327
8.6716
2.7372
3.55349
2.9685
4.07661
5.26761
3.79699
7.56878
4.9708
3.348
6.58716
4.41071
5.82787
1.9262
3.60815
1.12427
2.2069
2.14567
2.2467
1.4269
1.27143
1.21818
1.38614
1.89726
1.96809
0.358466
2.1811
2.43985
5.06148
6.27193
5.108
4.01548
2.72414
12.2778
6.16058
3.14085
11.8413
2.80866
1.61511
0.716931
2.03874
2.74105
1.33647
2.9003
3.29587
7.68142
10.2838
4.2619
12.2807
2.90041
4.1685
3.26776
12.6193
2.72727
4.23246
4.68421
6.72803
10.3517
5.47368
10.7346
2.47445
3.93578
2.40462
1.51293
2.25484
2.7932
4.35
2.1617
0.429209
1.46133
1.89735
1.1462
0.839316
0.876923
2.4507
1.50835
1.33784
1.64815
12.5584
5.85169
5.67339
3.97034
5.13983
1.81854
5.20968
7.35945
2.99487
5.16071
4.00508
6.68709
5.89607
7.53136
8.42581
1.73082
2.99718
8.41667
7.7089
12.3165
4.468
5.13158
1.68293
2.53306
3.41228
3.86364
3.61644
7.24818
11
2.98889
2.01274
2.41781
1.23188
1.27778
1.1245
1.13701
1.11475
2.93578
12.5289
3.48361
5.40826
3.04043
3.67405
2.82203
8.9693
6.57399
9.08487
1.88024
1.57756
2.21519
3.75
1.89922
1.92248
1.3894
1.2737
0.334656
0.907563
1.74333
2.07869
3.07724
6.55505
5.33028
11.211
14.9358
4.96491
4.93519
1.83761
2.0835
1.66755
1.92169
2.21479
9.56738
6.34444
6.27519
3.53265
3.11022
1.71944
2.95016
2.44863
7.21667
3.2716
2.44371
2.45679
1.23165
2.1784
1.32629
7.89455
2.88636
2.9
3.40625
2.59444
3.95337
2.64729
2.68992
2.16364
1.48853
1.41176
0.425926
1.41909
1.98973
5.89506
10.5645
11.7318
3.05229
2.36364
3.73191
3.46185
1.98511
1.52087
1.37363
5.49412
5.16667
5.89922
5.58824
6.77049
10.9303
11.9531
2.88176
4.11842
4.60915
4.66525
4.14407
2.35429
0.511676
3.68254
2.45902
4.93119
4.28082
5.35965
5.52917
6.40948
7.89645
5.78761
4.60772
3.82584
2.2439
3.00688
9.053
5.87603
3.85124
2.58209
1.94569
2.33681
3.9223
3.61207
2.49438
2.90076
2.00508
2.52924
2.6634
2.86417
2.79354
3.69048
10.2067
5.27049
19.1012
5.55515
4.89455
1.09056
8.49346
4.61988
6.9683
1.95227
0.582298
3.63559
3.65789
6.91971
4.47706
3.60448
0.950262
2.03704
5.95685
1.85514
1.99776
2.80716
4.06349
13.5932
14.0927
4.95865
4.34862
6.74615
7.41732
6.64103
3.21914
11.6484
4.09388
4.54365
3.07801
1.62931
2.07643
3.03417
7.63091
3.56148
4.02158
1.30204
1.11873
4.76031
3.7598
11.0576
4.37047
2.0758
2.18799
7.29856
6.49673
2.9987
6.80387
5.5
10.5816
3.66879
2.41577
1.65688
1.98737
1.85083
2.27143
2.08997
1.28875
0.689153
2.70423
4.63755
7.60088
4.24658
5.95575
9.46012
30.3509
20.0278
11.2706
9.99618
9.97368
6.3252
11.9167
2.04306
5.54206
11.1091
12.1228
10.0041
3.7515
4.92222
3.81437
4.21818
2.51944
2.53525
10.3205
4.28947
3.14516
4.27891
2.95977
4.17176
5.41667
9.88535
3.15157
1.89281
1.91545
3.48042
5.85714
3.41339
9.05714
3.14333
2.43439
2.03252
2.07339
6.02113
5.00275
4.66748
3.7691
1.91414
5.55046
3.92276
4.7
3.10263
2.14286
7.90099
9.04863
1.82534
2.59055
2.80537
8.45968
8.51087
3.33607
2.53115
2.86025
2.70988
12.3042
2.82305
2.94946
2.37536
2.47152
4.5225
14.0261
2.94178
2.54636
1.97291
1.41509
0.965616
5.32661
5.04795
10.9384
6.91241
2.43913
2.76218
3.02113
3.4
2.37443
12.3696
5.61644
5.46087
5.01481
4.35965
3.41803
2.27027
3.64744
2.12079
2.10224
1.54806
3.85667
4.38696
5.42149
3.37838
13.3947
2.6746
3.81443
1.81126
1.71596
1.08636
1.6413
2.11972
8.91022
2.74436
4.76071
5.96183
4.76018
5.84956
2.98507
0.528439
2.21839
1.8555
1.29699
1.86076
2.52567
2.10989
2.50667
3.28873
0.719577
2.03052
2.16508
3.57474
3.00797
4.13043
1.52941
1.23409
1.86854
0.346561
1.19592
3.02128
3.08812
2.44672
2.60274
1.70181
1.21224
2.01765
2.64151
6.5
1.46777
2.62
3.16923
4.01389
4.83871
4.75969
5.54307
11.7701
4.82329
4.05072
3.54574
2.22921
1.63857
4.03968
4.4807
3.58092
4.51357
2.59472
1.26151
3.02308
2.27219
2.32573
0.510582
0.90566
1.04717
1.41818
1.19111
3.16582
3.48175
2.08696
6.26016
1.47135
1.03979
1.16667
1.21116
4.92222
5.96269
3.82517
0.97619
2.80531
5.70263
5.12676
6.10656
8.21515
3.03057
4.54104
4.82792
4.02696
1.64266
2.87805
0.673469
1.76494
1.7
1.38947
1.42661
1.21596
1.20393
1.0398
1.65873
2.72807
3.37097
5.06126
3.29147
1.6209
2.38231
1.24914
7.38509
2.37209
1.39958
2.09032
1.86905
1.96501
3.41806
5.92697
2.68956
7.55263
3.49248
2.07407
2.75974
2.6523
4.06322
2.65676
3.69112
8.11409
3.81679
3.81849
4.35567
2.64041
2.45525
3.62191
6.40181
5.367
21.0046
9.15351
4.50385
14.0219
13.4964
15.2521
5.5678
0.533069
3.12791
1.97303
2.33706
7.57463
2.67705
1.92806
1.7305
0.321429
1.19027
1.92439
3.64607
4.94872
3.93258
3.52049
2.3913
2.09247
0.618132
0.886121
2.27528
2.79938
2.74367
3.5339
3.60256
2.32061
2.04438
2.16667
0.938492
2.56915
1.9963
4.54545
4.69811
5.09524
1.78704
3.74559
4.52439
3.13359
4.63203
3.71141
5.25629
1.19858
2.10651
2.57764
3
2.98361
2.21357
1.93312
1.77592
1.73264
8.1573
2.17901
2.69928
1.74658
2.04046
1.67593
2.46203
1.705
2.15268
0.843254
6.02632
3.59127
2.9917
2.98374
2.28655
1.78529
2.32718
14.2222
10.9159
6.29231
3.78571
3.81855
5.26606
4.88073
1.01852
3.00901
2.12598
7.03361
2.68214
4.55596
6.0099
3.5841
6.23333
5.27632
2.77403
1.39815
2.27087
5.79358
4.34483
5.4949
5.42405
3.78344
3.32973
1.00132
3.11168
1.79899
2.72861
3.11781
2.24048
3.46154
9.0041
9.26667
4.0105
4.86441
3.27869
3.16667
7.37086
1.98178
0.68287
5.41045
5.9127
5.07931
5.43083
3.31034
5.46617
4.29098
3.55762
2.28492
2.92353
6.50709
3.86751
2.48299
2.25325
1.55556
0.771775
1.3538
1.49895
5.41498
3.37226
3.27393
6.9962
4.01639
3.45707
2.26603
4.67949
8.09091
8.51678
4.43827
2.44898
1.94162
1.26123
6.90597
1.81982
5.22251
4.56211
5.36823
5.48276
2.85582
6.8254
4.04315
2.82022
8.79649
3.28535
3.25649
2.38971
2.88889
1.96975
1.35575
1.78638
8.06859
1.38602
2.72559
2.44324
2.64368
3.54945
7.44
4.57937
0.546296
3.77586
1.95548
1.97059
3.17804
3.63406
4.88608
3.28797
9.13953
2.1432
2.08466
2.93836
3.14179
3.07483
8.50248
7.22034
2.90262
2.69686
3.49814
4.02869
14.5871
15.7064
3.94776
3.58394
2.29371
1.82673
1.2393
1.87042
1.42439
1.59901
1.54324
3.05976
0.388889
4.41908
3.98261
3.68151
6.92797
4.02542
3.35806
9.30941
6.57721
3.50754
3.95925
2.5961
2.63697
12.6555
5.328
4.62829
2.10938
2.17096
5.8012
4.93333
1.39947
6.05056
1.8818
32.1051
6.17339
3.50095
5.89572
15.0324
3.77193
2.52128
1.44056
2.99367
4.28205
4.35043
1.72081
8.18274
3.95918
3.89256
2.08475
1.13953
1.48243
2.42929
9.00287
4.74138
3.61658
3.11871
4.80295
4.11012
2.29851
2.83088
4.24561
2.77372
2.47802
0.474206
3.27193
3.27064
3.08772
2.71296
2.14615
1.19495
1.35821
1.12911
1.7545
1.90088
0.718254
5.48908
1.4656
1.52941
2.7492
1.38356
1.57178
1.5814
3.05159
10.4143
2.076
1.81633
1.56183
2.07332
1.87
2.28261
8.83219
0.71627
4.21612
3.60544
2.9359
4.56674
5.39831
5.61017
0.732804
3.21687
4.51269
4.54472
4.53144
10.3048
3.37302
4.78814
4.76364
11.1967
9.13182
8.88077
1.52878
0.903727
1.23408
2.26984
1.95028
1.50497
1.49624
1.92029
2.88596
8.93119
2.2377
5.13223
10.7971
4.06977
3.63158
3.16667
2.91471
7.48
4.89908
3.17094
7.36318
8.65436
3.85169
9.92202
5.66949
5.67431
4.43871
3.26906
4.32188
2.39709
10.2611
3.4656
1.17632
1.54114
1.68072
2.23028
1.59137
3.44257
9.13462
3.42308
3.65845
4.1385
3.90705
2.11582
2.07171
0.859784
1.37643
0.547619
2.55
2.33182
5.02273
1.4877
1.94578
1.77362
4.90706
1.23123
1.86176
3.85648
5.78947
3.93146
4.72353
3.81884
8.51923
4.49141
14.3627
8.04695
2.95305
5.46097
9.77303
4.30769
6.46789
2.87603
3.43694
3.20614
2.79835
2.25641
1.3526
4.54656
2.23106
5.54975
3.03896
5.17416
2.90596
6.08052
1.39618
25.6923
6.91791
6.65385
16.6467
12.3359
2.97977
3.53208
2.44218
3.23457
4.19027
4.00629
5.50877
9.78261
2.54132
1.53425
1.00588
1.42056
3.44737
5.68657
5.26407
4.15079
7.59887
1.87681
3.2017
5.15217
2.51124
2.17972
1.26621
2.0678
11.9917
15.8103
9.9661
4.91429
0.750661
2.03909
3.27459
2.3662
3.38525
5.91154
4.8
4.65022
3.87712
0.421958
2.43464
4.02174
2.08194
3.32075
1.3347
2.32627
2.27532
1.46009
4.8701
1.29348
4.16102
9.02913
2.76224
2.8806
1.42471
1.75503
2.47037
4.4959
2.12974
3.7379
6.28896
25.1553
7.38333
8.23394
8.62887
6.35019
10.0077
3.78462
3.95302
4.45476
6.15678
2.80217
5.64474
10.9961
3.82292
3.09127
3.63485
2.28188
2.11028
3.212
3.15476
4.39781
13.1333
7.44444
2.25641
2.20543
1.69759
1.78404
13.133
2.54762
2.62676
2.2549
2.07042
2.8699
6.51695
4.48624
2.87179
8.58607
3.7
1.31667
1.06847
2.47782
2.1931
2.94954
1.93697
1.80688
2.69807
9.75
2.60976
1.22697
2.06324
2.77536
1.49223
1.71348
1.98698
5.00299
9.4053
3.06854
5.25746
4.13313
5.03275
14.1111
10.3321
1.88848
2.07258
4.13656
5.45588
5.23494
6.9603
2.35196
6.0307
8.29206
10.4542
0.416005
5.19654
8.13514
4.60656
4.7807
2.78049
12.8077
10.6103
10.4211
6.29921
7.46
1.32275
5.36242
2.1511
5.26266
5.98765
5.89493
1.02214
2.04348
2.82822
1.545
1.80693
1.416
1.65021
1.13897
5.64428
2.05893
1.10148
1.87202
1.32613
1.49821
1.39843
2.80347
2.87333
0.68544
4.42271
9.39933
6.69667
6.65556
12.0679
6.30617
2.74107
0.888889
2.08865
20.9967
5.69583
2.6812
4.89737
7.06349
12.1623
8.81435
3.39764
2.31335
1.98276
1.56069
1.01702
0.680556
1.55894
4.37333
2.85256
3.56881
4.83721
2.35152
2.32184
5.73552
1.59036
2.67136
4.49171
3.40493
4.30328
1.564
1.91083
2.30496
0.440476
3.07755
3.77308
1.48788
1.01961
1.50714
2.76995
3.41429
7.96599
3.31818
5.01842
2.60185
6.28986
2.61436
4.90826
9.772
6.16304
6.68699
4.36567
4.44595
3.55215
6.48942
2.44271
1.46353
0.977477
2.10759
1.85915
1.89241
3.03896
4.35517
0.849588
4.26068
3.28947
4.1784
3.47561
1.35548
1.27739
5.81034
6.38095
3.82462
4.09417
4.87004
4.06667
6.03543
2.46961
0.707011
4.59797
23.1729
19.6364
8.89076
2.73626
5.79715
5.08108
4.16239
3.01818
4.31092
3.81148
4.77692
4.46186
4.19355
3.30323
0.679894
1.47514
1.91489
3.61397
3.15625
3.44262
4.25893
4.4978
7.03
3.45769
9.50691
6.49035
5.4735
1.83193
2.88901
4.23304
16.928
21.9312
10.8719
3.90351
3.13871
3.90415
3.06148
2.18182
6.00546
1.68653
1.92381
3.20257
2.53881
2.98907
5.09225
2.29503
6.25588
1.93333
0.934505
1.90812
0.972081
1.19843
2.03684
2.22034
1.95359
0.649471
1.77108
1.60595
3.66185
3.47619
1.73504
0.976648
4.67155
2.12217
2.48108
3.20885
2.95026
2.23204
3.16406
1.06426
0.440476
1.57759
2.8799
3.05473
3.68956
3.15842
1.55054
6.61008
2.5232
3.72685
3.35857
2.7492
3.08904
1.90783
2.74497
11.9562
3.40773
2.58846
2.51274
2.2987
2.24841
1.75546
1.35201
1.29771
6.9797
6.90837
2.16387
14.7605
15.2091
4.43846
3.68841
2.96809
2.44915
2.75847
2.71698
0.521164
1.33333
1.58491
3.17483
3.79149
2.65254
2.88596
2.55474
1.83077
2.90351
6.86986
2.609
4.5461
2.12745
2.23237
2.12605
2.24561
2.2844
1.98496
2.54362
3.2028
9.42754
2.82864
5.86705
4.32895
3.49329
1.0303
1.29571
8.07025
7.31818
3.88115
3.7459
4.9633
10.0952
5.86508
2.4558
3.0068
3.4
4.20763
4.66981
3.81991
2.81778
1.83989
6.59639
3.71756
4.94068
2.93432
2.0109
6.62338
11.2587
8.76364
5.55814
7.84191
4.76325
6.93617
1.02473
3.20492
2.61111
5.41096
5.00882
3.9925
3.46897
1.1353
2.35215
4.0678
4.87712
3.03161
2.85959
4.07877
4.59292
0.949405
4.19915
2.1791
1.26722
1.80351
2.91165
2.68571
2.91509
0.414683
1.58559
1.75476
1.99268
2.66667
3.99515
2.77739
4.20661
10.1627
2.14045
1.41053
1.62944
9.41154
7.18182
6.10959
1.31812
3.8787
3.13667
1.43544
0.896926
0.873214
1.83904
1.78981
8.65328
2.55752
5.77049
4.08163
7.50435
6.21678
4.39098
12.0221
2.33051
5.17573
2.04455
1.34737
1.13693
3.23284
0.733412
1.26419
7.00542
15.5986
3.23776
1.68193
1.88291
2.33333
0.735915
6.69283
12.2399
3.77582
3.30928
5.26154
5.32231
5.30252
11.576
2.93434
3.2963
9.23016
14.9633
13.5955
3.93333
4.29675
6.00877
6.13636
3.1457
1.92632
3.78378
9.47099
6.57333
8.7418
1.84928
0.911243
2.26518
10.6868
5.37778
7.27064
3.51376
4.47445
5.55263
11.5309
4.63707
4.08511
1.8774
2.40525
2.29179
3.42975
2.27184
7.25267
7.40977
4.19841
3.7007
2.01304
4.36572
7.70333
3.38305
2.71486
2.83108
1.89691
0.503842
1.02513
1.09783
1.27848
1.53472
5.62673
10.3674
3.73853
2.86923
1.07373
2.10873
7.03147
7.60714
9.94574
3.41538
3.72203
2.08696
0.778439
2.88043
1.70962
2.38644
4.09649
2.81206
4.59322
11.8156
4.64773
3.15297
2.34322
2.13008
1.56962
2.68033
3.33913
1.92252
3.64596
0.894366
2.9127
3.28614
3.70769
2.15805
2.38323
2.14326
1.58791
8.05137
2.72312
3.79522
4.44667
4.33047
6.25194
6.90323
0.794974
4.48936
10.1907
2.30081
3.15984
3.44737
2.26894
1.2427
10.6071
4.51681
5.0339
4.0471
1.97509
1.91292
2.12023
3.05858
2.06349
5.86857
1.78167
2.9497
2.56646
6.56148
3.64352
3.22083
3.23016
1.6845
5.6875
1.76056
1.40614
1.60862
2.66116
2.00373
2.91275
2.04608
1.97318
8.83209
4.47006
3.92391
8.06667
4.7486
3.79851
44.113
4.04661
2.95276
6.17413
2.61165
1.47036
2.50122
1.70569
2.21519
2.77994
4.99083
3.11392
0.611111
1.40237
1.41038
1.69449
4.41481
3.72131
0.79739
2.64838
2.02
1.93724
4.41644
3.44595
5.05186
5.17637
9.41724
5.54971
3.63649
2.13889
4.74242
8.52612
8.42756
12.5546
2.73636
2.62302
1.44709
1.33495
2.1236
1.72021
2.03234
4.3834
3.13399
6.90964
1.81095
2.97191
2
2.41048
5.43299
2.76543
5.28926
0.631614
1.42495
4.4055
9.35586
2.73846
3.53441
2.9284
3.94253
1.8686
6.71649
5.09322
4.73016
4.52055
0.657407
7.03636
3.31159
2.55046
4.40367
3.2906
2.00943
2.58289
6.53429
5.33437
18.2336
14.9619
8.51538
4.18939
2.99333
2.35083
2.31955
2.8833
9.78531
2.56169
2.72761
2.41691
2.6831
3.46366
5.87868
10.313
4.42308
3.61047
9.52326
4.22635
3.48819
2.06897
1.49776
0.42328
1.78505
6.36875
4.37162
2.31655
3.05932
2.38095
2.20541
4.48594
2.96685
7.54696
14.2168
4.1984
25.5238
9.54464
2.61176
0.501374
2.7459
1.78478
1.04487
1.61181
1.83945
2.93665
9.40226
1.37883
8.63761
3.37607
12.0079
22.8525
8.4856
10.656
5.51691
3.46262
3.07595
1.92876
2.38944
1.51674
1.02806
1.98846
3.42687
3.41455
12.623
8.22128
7.73408
10.3934
18.7769
7.9898
3.79177
2.99492
2.48548
5.00202
1.93581
2.99464
2.22013
2.32877
2.21176
3.13223
3.41525
9.02066
3.16312
5.35211
7.11348
6.92938
7.27397
0.471154
2.93041
5.82377
7.17959
4.7635
2.45064
10.9481
8.81148
6.8913
2.15982
6.82787
5.26923
10.6955
1.21875
2.02162
1.41365
1.55238
2.99716
6.90909
1.79602
7.88179
4.0283
2.65358
3.31873
5.75815
2.1443
2.14062
1.90288
3.37908
2.64368
1.53072
2.69757
10.5292
2.66
2.48327
2.62712
1.50688
1.93827
4.26241
7.85156
3.10119
0.513049
3.65614
2.5411
1.61089
7.21264
30.5805
2.78846
3.30702
3.1474
6.31962
10.1261
0.541667
2.39275
2.7658
2.8038
5.03553
8.4386
1.4071
2.18862
7.17647
3.38065
5.12774
2.36986
2.40659
2.99752
7.88433
5.99099
1.55508
1.98892
2.6616
3.97788
3.30952
2.74257
1.39572
4.24339
4.65198
3.38065
3.36702
4.08203
3.67959
4.69383
3.83636
3.6408
9.08696
8.81557
5.4963
7.82927
2.05732
1.40206
1.63245
2.31799
1.91118
1.82124
2.62132
3.59155
4.20902
6.87563
2.95402
2.54149
3.98941
4.69737
2.35088
2.24204
2.07614
6.5
1.89091
1.55306
5.66772
13.4724
15.2872
3.00623
2.36301
2.14286
2.83333
3.81659
2.48361
5.35135
2.51493
0.651455
1.50958
1.60073
1.77395
3.20363
2.80859
2.16489
8.05282
1.1987
2.07746
1.36364
2.72518
1.74312
2.07353
5.94186
1.82436
1.42292
2.1142
1.45921
2.09817
12.3657
5.10363
2.78691
2.16575
2.5
3.19048
2.27778
6.08421
2.92982
1.98639
2.03247
1.74648
3.72581
3.23413
1.2027
2.20356
2.17514
0.776455
3.71841
5.43902
10.7336
7.62617
0.393495
1.87813
12.3619
6.90361
9.42857
8.93885
5.35319
3.92164
3.30696
6.63399
5.48684
2.15804
8.29924
2.77564
2.36498
3.12704
5.87023
4.24126
2.33636
3.12712
4.24088
0.718407
1.98901
3.1746
10.1069
10.0572
0.835317
3.79009
5.29478
2.57317
1.93762
1.85498
2.42657
6.71835
3.02658
7
2.24934
2.34254
1.21811
2.28896
2.2943
2.02432
0.677249
5.72131
5.52961
2.40409
2.01896
0.904612
6.733
4.8129
7.19497
9.30612
7.47887
3.41243
2.65068
3.39706
2.62877
2.63448
2.71279
5.87963
0.729497
3.47765
3.66946
7.13901
4.14286
3.308
3.78623
4.744
1.32011
2.12727
3.28105
4.08213
6.5719
4.95302
8.21533
1.21264
3.53211
3.01163
3.11864
3.57895
5.62281
6.2844
3.68707
15.5492
14.6667
8.58473
3.59328
2.09314
1.95833
4.04819
5.2
4.43934
8.15068
3.86525
1.279
2.25203
3.53462
4.59211
3.30097
2.72917
7.02451
3.06985
8.98973
4.14054
6.44554
34.3815
4.56306
4.64706
3.68898
0.501323
1.58545
3.39809
2.7044
7.88333
6.47162
12.9737
1.90409
1.24551
2.17766
3.62658
3.38028
3.30357
3.5873
2.45663
7.88312
3.51408
3.54938
3.36404
2.47619
2.66418
2.53191
3.06536
4.424
2.28926
5.10582
5.31356
3.66102
8.45149
2.24432
3.8227
2.21176
2.05516
2.61731
4.64789
4.17692
9.82231
5.68807
4.54091
3.4313
4.25641
3.61644
2.26056
2.55762
1.96154
6.44776
4.03419
5.3745
2.51119
2.77239
2.96053
2.01099
2
1.66754
3.31077
0.680556
2.86861
2.66792
2.33438
0.715925
1.54086
1.57196
1.55526
2.23729
2.10317
0.364418
2.41765
3.81164
4.23881
3.27698
2.1122
2.59091
1.71154
11.3852
12.1988
2.47154
5.38983
7.0411
4.10169
13.945
5.85593
3.97887
4.36798
11.135
12.7606
6.78404
3.73413
4.23305
4.23246
26.8377
4.73256
4.09524
4.00373
3.42674
2.12621
3.11111
2.03234
10.2661
2.42378
5.4918
4.76046
2.99275
3.04747
2.46006
2.5994
10.5636
1.91071
2.85088
2.47059
2.52632
2.34862
2.56881
3.14679
8.4876
5.64286
4.03361
0.609788
2.0567
2.23005
3.46476
2.84309
3.85124
2.23333
1.54433
0.412698
0.660361
2.9053
3.96296
2.79418
10.2778
4.23077
2.78906
4.63761
7.08077
8.34286
3.39189
0.551587
1.86236
2.0359
1.15548
0.929936
0.927419
1.13472
1.55556
1.38378
2.47682
7.59091
2.97826
2.515
1.68182
2.35412
3.34043
2.00159
0.775794
4.2104
2.55199
0.974619
1.61951
2.83983
0.839973
2.62987
1.595
1.02005
2.22843
3.77979
8.75068
4.43165
2.21111
1.4419
2.44009
2.19467
1.64078
0.686508
1.64856
1.9759
2.5546
2.18644
17.2343
8.50342
5.16456
3.73057
6.62295
8.14679
14.4386
25.5
4.28182
3.34457
9.14634
2.03922
2.60714
2.06757
2.6506
1.94652
2.29518
2.63699
7.94262
25.2415
2.07971
1.65891
11.1429
4.18919
4.08366
0.787234
2.72863
4.27692
3.05075
3.90966
1.85866
1.42308
0.609788
3.67327
4.06742
4.60435
1.91051
2.07381
1.68274
3.39114
2.14474
2.82213
3.90741
5.25592
8.0375
2.25172
3.03165
6.9863
6.57516
12.176
9.23529
4.72727
3.46528
0.634921
3.34921
3.81618
3.14747
7.52
1.145
3.18429
3.06536
4.16465
7.20645
2.48742
6.69207
2.65939
2.38686
1.92973
2.29882
1.29159
1.23739
2.06296
1.85897
7.51852
3.98077
5.80932
6.43043
4.05189
2.13801
5.47638
7.82159
3.58908
3.94444
6.98795
6.74107
5.1
3.90826
5.24524
1.7554
5.77857
3.92857
9.48665
4.37269
7.15741
2.34615
4.6965
13.0899
5.19811
2.80634
2.30769
4.64854
6.76132
4.50763
7.95205
1.90509
5.0529
3.19318
2.06313
3.01812
2.01786
1.84122
2.22263
1.24173
10
6.5671
7.05221
2.75465
3.44526
1.89484
5.65826
4.07392
2.38852
7.95522
3.24231
2.99606
2.82645
3.25229
1.86232
2.29825
2.81624
2.68401
3.29508
3.11017
2.29808
0.532526
1.67625
5.03101
6.76754
3.69748
6.39908
3.43254
2.72757
0.726403
6.04762
4.58915
3.63934
1.40496
1.44242
1.11069
0.579365
1.66316
8.63793
9.19231
7.26812
10.3125
3.51408
4.0678
2.79861
3.3589
3.33432
3.14894
2.2199
8.1526
2.30975
2.71538
2.57732
3.46604
2.34259
2.79556
1.24074
5.7963
0.856299
0.546667
0.913349
1.07042
2.64966
2.27
3.88843
4.58759
4.29677
7.21117
3.98529
3.34791
6.36275
14.5455
3.59167
3.78689
2.32
7.29755
8.28947
4.532
10.8238
5.47222
4.09438
3.99
7.89796
12.8571
5.15789
5.68841
7.34545
1.8617
1.02853
2.53723
8.66867
4.18831
3.70776
3.31159
3.27982
4.34363
5.44304
4.89831
17.3949
4.69759
2.6831
3.18116
3.76829
2.33756
2.8032
0.740079
2.72333
1.73494
1.90826
1.69935
1.4057
4.32456
3.65873
0.713624
3.81985
2.78729
2.33121
3.13084
6.02256
11.8196
6.23793
1.48282
3.08633
2.58389
2.41883
2.30172
7.14308
2.44
2.19192
2.39691
1.73986
3.18089
2.34436
17.601
5.87719
4.62835
2.31532
6.75833
1.31763
3.17033
1.87661
3.00719
3.16879
1.84733
2.5
2.63243
6.02461
2.79482
1.87838
3.19708
5.83012
8.17834
8.66011
2.10837
3.43493
2.30982
4.05109
1.95668
2.1214
1.83636
0.777116
2.18021
4.57937
5.91364
3.66978
2.77297
7.73784
6.39912
3.73034
4.26496
4.49627
6.99083
19.5709
17.3122
4.81503
5.44444
1.70737
1.4382
7.02959
1.38197
2.02909
2.16584
2.57051
2.41481
4.59396
3.13441
4.31065
4.93284
5.67699
4.89381
2.54598
1.36615
12.0073
2.17158
1.92063
1.83247
1.85075
2.32715
1.45763
1.25184
0.566799
2.99123
2.63291
2.03825
2.12376
8.65487
4.63115
2.5098
8.43599
1.81028
0.793023
1.01643
1.28966
1.2011
1.16942
11.1579
3.11149
3.28333
3.99068
2.00224
1.73793
3.5303
20.3533
6.65487
7.68992
4.2093
5.98214
9.93472
6.11419
4.11009
3.6676
2.02632
1.66908
0.574735
1.6291
2.04793
3.36041
5.0977
1.9823
0.908828
0.585165
1.22051
4.21067
12.5579
2.92973
4.48905
8.31544
1.25276
2.40556
3.89407
4.85563
12.0678
3.72414
13.8772
6.13565
7.9382
2.02825
3.18852
2.76147
1.48352
5.57216
3.63137
2.89597
2.25
1.88228
5.1133
3.61364
8.16906
3.84524
2.8631
7.39016
5.60741
2.48
1.66286
1.83938
5.95402
1.42857
11.2226
2.72881
2.48263
1.83946
1.4269
1.09434
1.19403
4.3945
1.75664
3.89754
3.18212
4.4728
2.85316
1.76863
1.58971
1.35913
22.4448
12.5882
3.70543
5.06557
4.37391
1.39367
1.82986
1.28851
1.28
1.8125
2.32566
7.51678
2.99296
3.92661
1.93814
2.78846
2.93156
3.00769
2.98523
1.21799
1.97594
0.372354
1.00888
1.42287
1.87702
1.57055
1.7013
4.44118
2.23214
1.48177
1.92941
4.67012
1.59499
1.44291
1.58648
6.42381
9.45775
10.0674
2.24685
3.81579
2.51381
2.61921
2.32759
1.87931
1.70464
0.506614
5.95963
16.3015
6.83813
9.49187
2.10881
2.20872
1.95902
3.16234
2.53371
1.41317
1.57681
1.21359
0.427934
1.75743
0.678304
0.830488
0.764151
2.08805
2.47632
2.89734
8.13704
2.96429
2.34007
3.01954
1.88832
0.854962
1.05172
1.54509
11.4253
17.0289
5.97222
2.84949
3.83478
4.80909
11.8955
4.01515
3.84848
6.61842
13.9266
7.71006
6.79847
3.02536
4.01935
1.88614
1.56354
2.04839
1.63228
2.83966
3.21543
2.58551
4.62037
3.36986
7.5884
7.5935
5.6157
1.57782
2.18237
1.6573
7.97
4.42169
5.79562
4.01812
3.68662
4.70404
4.84404
7.14706
1.68958
1.6452
2.69565
2.57838
1.24713
2.47857
1.91154
2.36214
2.47009
5.32647
3.89406
2.74771
3.59854
2.07143
2.37594
4.08257
1.90514
1.75538
0.718254
3.8913
4.70588
4.0687
2.91515
8.41316
17.6907
3.47034
4.79508
6.30738
7.70238
4.21053
6.46398
1.89941
2.36232
4.80702
5.17164
4.63019
2.54476
2.825
2.58125
10.0674
4.90625
6.01894
1.47748
1.32267
1.56989
1.47157
1.84759
2.31606
7.48883
2.14426
1.91429
2.33333
3.22648
4.17391
4.27519
3.24742
8.23585
3.90972
6.44444
3.61654
3
2.30857
1.69426
1.51536
5.65594
2.97468
5.68349
3.02632
4.44545
3.16949
1.78919
2.89848
1.85837
11.284
9.4786
6.92857
3.0618
3.57716
4.33808
1.29497
4.16418
2.05949
2.44762
7.63596
3.22414
0.896046
2.9379
0.954614
6.59
4.70679
8.17632
1.77327
2.33908
1.60465
2.12414
2.92834
1.5
1.74854
1.10054
1.21579
3.31399
1.04819
1.42303
1.58713
2.26549
2.272
1.56509
1.25061
1.36041
1.08738
1.31343
4.59951
1.04863
4.76754
2.73737
3.03169
0.987567
0.944444
1.62752
1.50291
1.91103
1.81034
5.31683
8.09821
6.62257
1.69847
1.72697
1.77201
1.7492
8.6828
9.74342
8.05072
6.78102
4.74286
11.9286
5.096
1.423
3.2671
3.66751
1.66353
2.22564
7.73529
1.70926
1.08646
1.68372
2.85417
5.51079
3.4313
12.7645
3.30696
2.57143
3.97881
4.23413
2.49351
4.70248
3.45856
6.93909
3.61932
3.61972
4.48413
2.87162
2.8069
3.8169
5.33019
3.03586
7.96538
2.17063
3.28938
2.00197
3.66212
8.60769
4.74016
3.81102
9.87391
2.72446
2.2864
2.43624
2.14236
3.83691
8.0378
24.2061
12.5092
10.3333
4.11333
3.16254
6.69277
2.21965
3.62944
3.8546
4.12
1.77891
3.22932
2.78814
2.58725
6.78425
2.01923
2.39683
3.15769
2.01948
1.60884
1.8
1.37086
1.10674
1.09645
1.23515
1.17917
9.31056
5.69969
3.04348
2.57644
0.881104
1.22477
2.06085
9.81973
18.8101
33.8811
6.86047
2.94426
2.76852
1.73043
2.25115
4.5303
3.55706
3.25325
1.26154
2.03814
2.58182
2.35088
1.71818
2.14545
1.89908
7.02612
1.13924
2.67273
5.21368
2.70028
5.512
4.73103
2.05128
10.1424
2.16912
2.49425
2.55385
1.88411
2.57787
2.62857
3.54545
2.24581
2.26987
8.64286
3.21316
3.75325
2.67816
1.72863
2.82444
1.56066
9.35016
3.84326
4.80357
2.54005
2.76744
4.26577
3.37281
2.24828
0.654337
1.35422
2.90435
4.8135
5.4067
0.789148
2.06553
3.98758
4.25
2.93189
2.21574
0.9914
1.83
0.568783
1.62963
2.59228
5.87554
7.42593
9.6629
1.5608
3.48361
2.95522
3.05224
3.59633
3.584
1.39597
1.18109
6.87338
4.37615
2.57143
6.68776
3.35023
3.18533
1.78554
4.45455
1.79468
1.51087
5.27105
1.46117
2.0858
2.02597
2.18506
2.18
2.9375
4.81538
7.4633
16.1651
4.84568
2.17961
2.01142
2.55382
7.58621
12.2254
3.14074
2.77193
1.7019
2.81884
3.05072
3.01439
4.52294
12.6348
5.39224
2.46154
2.42208
1.03514
0.666667
1.85882
2.36486
4.68702
8.36475
2.85156
2.82018
3.40157
2.46084
1.41185
1.46273
4.6063
3.04615
9.83544
5.68033
4.62698
3.25874
5.25877
4.03509
8.14384
28.8471
12.0614
7.98155
3.71329
3.59633
6.98601
4.75385
6.01863
6.93182
3.32143
2.73134
2.44231
3.55864
6.10667
4.07483
2.07937
6.5
1.82
2.63514
1.78983
2.22515
2.82143
2.05145
1.65385
2.14929
1.57588
2.84321
6.84881
4.72414
4.5414
5.3
28.9195
3.60236
4.5451
8.02222
7.67126
4.46824
4.12705
5.84615
7.12273
6.33955
7.07572
2.17004
2.19565
2.39073
4.04098
3.82569
2.536
2.4011
1.67662
2.74178
9.17733
5.37687
1.7
2.97756
2.0235
2.7284
7.4646
13.2846
4.84173
4.87681
6.73853
3.44444
3.08407
1.31818
1.0721
0.551587
2.07531
1.25231
1.6988
3.07055
4.21239
3.61062
5.00459
0.722222
5.65066
