1.77119
1.66412
1.56014
0.37415
1.22078
1.39241
1.60317
1.21017
1.2
1.53623
1.69776
1.81221
1.2924
1.65079
1.39855
1.19728
1.35583
2.10965
1.69492
0.214286
1.26519
2.06422
1.84921
2.41045
2.43945
2.91667
2.58696
1.94937
1.61988
1.61453
1.95679
7.46014
79.7828
35.9667
215.123
389.699
286.309
223.751
125.53
113.884
249.321
155.72
106.49
132.455
307.986
117.838
91.5698
24.3889
38.1389
108.414
433.471
86.768
162.887
112.168
184.262
152.592
237.109
156.713
260.615
172.012
198.764
109.111
54.1696
146.394
651.638
213.987
154.639
79.7799
261.117
228.22
237.43
145.125
215.679
48.7561
57.6687
19.4537
41.83
285.174
420.071
275.141
257.604
190.35
265.89
162.839
94.2222
169.796
138.76
196.107
140.682
13.1343
6.88372
60.6784
69.4392
124.117
467.88
443.398
159.871
159.98
136.835
164.15
143.527
170.467
118.922
183.165
184.826
76.2674
112.215
240.976
228.803
133.344
171.133
192.476
231.522
173.929
244.324
190.112
236.754
169.395
30.788
50.0179
138.686
278.719
280.055
264.309
99.4494
233.429
103.078
203.811
109.644
215.153
123.54
304.995
134.718
97.2708
39.2681
863.729
411.349
181.634
97.1935
109.496
139.815
162.667
116.568
124.662
106.142
134.402
197.114
80.8409
106.482
491.488
278.608
270.946
146.681
158.806
118.352
110.294
235.891
153.469
182.72
67.0849
21.4139
33.7348
14.6171
58.7907
370.967
435.818
32.7958
167.873
214.935
73.1845
79.1928
356.525
154.514
29.0571
200.633
82.2188
65.8783
63.1606
303.2
401.929
166.288
184.482
216.109
110.124
122.893
109.48
219.047
299.042
113.694
88.4424
30.135
30.7143
9.60669
13.8685
56.1375
65.646
25.7423
390.887
283.611
137.995
108.531
152.261
116.873
196.74
19.5581
281.598
328.062
161.889
76.1786
10.7139
21.31
24.447
34.4562
404.477
419.521
143.267
158.423
130.885
69.4241
93.7054
126.343
184.71
139.968
178.142
198.628
97.3899
28.6719
75.6768
137.961
501.455
361.629
128.933
58.0102
123.906
173.889
138.752
194.875
198.325
215.806
34.6714
8.53955
31.1805
54.2796
48.098
572.22
253.182
248.993
230.19
117.526
223.278
101.931
118.907
194.979
184.094
167
96.7107
29.567
325.911
269.326
205.04
105.177
143.547
127.701
94.1535
104.611
287.633
193.741
200.068
68.2423
13.7418
16.6239
40.9457
92.1613
