1.5311
0.829365
0.895522
0.9
0.121951
0.967078
0.712766
1.18386
0.781746
0.806569
0.693498
0.861538
1.05021
0.745902
0.901695
0.882353
2.04059
2.59639
2.14074
2.68561
2.40755
10.9831
3.04779
3.08633
3.375
14.5136
21.0807
7.92395
5.03333
3.99156
4.32456
6.73333
7.31356
1.41667
3.35811
6.55682
2.14
2.56081
1.56944
2.11923
2.47391
1.90876
2.06767
1.67416
2.69767
5.15068
1.84502
7.51464
1.13333
1.53521
1.62633
1.4
1.25287
1.75585
1.96552
11.3028
2.6422
1.65
2.33462
5.46626
1.53
2.51908
4.7906
2.75889
2.5931
1.10363
2.58475
3.47682
3.42616
2.43443
13.1842
1.18272
0.866667
1.25581
1.04059
0.955056
4.05975
7.17647
2.92568
1.67347
1.05323
6.24671
1.34146
1.62011
0.993464
1.01119
1.03478
0.813559
1.08171
1.15038
1.02542
2.40769
1.7774
3.83438
2.96429
8.49057
1.69463
1.2695
1.31847
2.44091
2.58167
1.32476
1.51838
1.68493
2.21721
1.83871
1.42475
1.73939
1.52964
10.144
3.5
1.60811
1.80822
1.15
0.944444
1.26984
1.62698
1.65138
1.65138
5.49083
6.58586
13.2491
5.9964
6.52569
3.74074
5.41912
6.4791
42.9909
1.9098
1.95057
3.67586
6.21429
7.0939
8.30625
1.9717
2.07836
1.80085
2.94444
2.41697
3.74569
4.7751
3.48729
3.05923
2.89362
0.962798
1.41667
0.718954
1.34211
1.40345
1.82373
1.35593
4.59633
2.13761
2.2844
2.13761
1.18349
36.7373
3.34906
4.98936
4.78814
3.16514
0.907895
1.12025
1.55414
1.04297
0.873846
0.938776
1.6746
1.65984
1.53147
1.68
2
2.00373
2.57265
2.27119
2.38298
0.375
0.985366
2.29259
2.00373
2.06231
2.8377
2.36634
2.12714
2.40741
2.96135
3.82333
9.6626
1.5125
4.58273
3.6627
3.59934
2.03135
1.07862
1.15086
3.8042
4.15827
13.4406
7.23622
5.03556
1.38579
1.27297
1.51613
2.30282
1.85169
1.47482
1.16547
9.40741
1.69427
6.05242
2.54198
2.06796
2.53791
2.624
1.66225
2.85714
3.77733
3.69767
10.6741
1.1769
1.20761
1.98361
0.848361
1.50175
2.62931
1.71467
0.823129
1.34583
1.78967
1.48897
1.61628
2.30986
1.468
0.272727
3.06691
2.76174
3.18045
3.02101
1.37143
1.76978
1.51104
0.933333
1.43478
2.23404
2.36078
7.69203
2.10671
1.32198
1.57055
1.10333
1.53953
1.19802
0.971223
1.46473
1
0.696486
1.01852
1.11024
0.859259
1.44262
0.971223
1.375
1.25688
7.39912
1.01449
0.956349
0.901449
1.03435
1.12121
1.33088
2.13303
3.50917
4.37184
4.72266
4.84337
3.12593
10.8571
5.97391
6.84127
5.04762
3.03767
5.19134
1.76277
10.8708
2.09677
0.958991
1.28521
2.47154
1.9144
1.81579
5.15748
1.73864
1.55328
1.53793
2.49145
2.75455
1.51761
5.73512
3.36391
3.3097
3.99351
0.541522
2.01031
2.06343
1.95254
3.55556
4.47706
11.4404
7.1015
11.0531
0.917355
2.11055
0.922581
5.36194
10.1423
5.348
4.49306
3.59124
3.44932
0.923513
2.03333
2.70035
1.79182
1.48661
2.369
1.09311
1.92361
3.88938
2.38686
2.03901
1.659
2.04418
4.25896
2.34783
1.91667
1.68519
1.41455
6.80124
2.17692
1.6284
0.926045
2.0274
2.11298
1.91667
1.84364
3.91111
3.87419
1.78007
4.37302
0.286943
1.46763
1.33065
5.11111
6.49802
2.26298
4.34799
3.05221
3
7.55326
1.04138
2.41787
2.12847
5.00719
2.28448
4.81132
1.38565
1.32168
4.82867
7.35962
4.50704
2.85357
2.13291
2.76712
1.67832
2.10288
3.83083
5.09607
4.37956
9.26119
7.68478
12.5645
15.9602
7.02055
0.75082
1.74752
1.59398
5.93578
3.05906
2.63178
2.32
4.08264
2.0566
1.7048
1.78571
1.71483
6.80385
1.57929
2.97727
1.55298
1.53237
1.70076
2.20238
1.70139
1.51301
1.54924
1.93962
3.08145
1.44689
1.33566
1.36
5.51064
2.28114
1.36982
1.30163
1.62609
1.33449
2.42932
2.14433
1.55856
1.35855
1.33333
6.66514
11.314
3.99099
1.96196
1.45089
2
1.45902
2.26887
2.08046
6.82625
3.16667
2.23485
1.82517
8.9037
2.12692
1.26984
2.2862
2.56652
1.78205
1.47368
1.15672
1.45113
1.12667
1.18008
1.27481
1.06618
0.875472
1.18293
0.912
0.82963
5.92466
0.727273
0.742754
1.11439
1.57439
0.95625
1.07971
1.38261
2.85308
1.77434
3.77622
3.49451
2.53731
1.92492
7.61798
1.37179
1.77961
1.72425
2.41221
7.44727
2.94516
3.33214
6.07326
3.34783
7.35385
2.1592
2.66538
2.19269
4.56579
3.25373
4.50193
4.1963
3.39648
2.85714
7.75694
1.816
2.8913
1.94872
2.9011
5.16667
1.76667
1.38376
2.09294
1.90423
1.38492
1.92366
9.4058
2.39103
2.39373
3.05714
1.90833
8.49288
4.42143
3.13585
0.316138
3.59177
1.92832
2.63669
2.94328
3.91842
5.70755
3.04089
3.53261
1.29786
14.0256
3.54196
6.09169
10.2996
4.52443
6.3956
6.13281
3.68836
5.39437
3.30606
6.51471
1.52073
1.48701
1.78544
57.6197
0.563973
1.7963
1.15702
0.803922
1.56067
1.45817
0.894737
0.862816
1.15484
1.01017
1.08333
2.33735
1.77992
0.337857
2.55294
3.40071
3.69928
5.51815
3.71374
3.72761
1.9645
1.85714
6.22468
2.25
1.15827
1.50877
1.86957
1.04151
0.776423
1.21429
4.52119
5.30208
4.79061
10.0036
6.58678
1.83267
2.47449
1.43333
1.82041
1.32667
1.29508
2.17544
1.90164
3.08712
1.34286
1.15909
1.53791
9.27273
2.92157
3.59248
2.31102
1.03819
3.05802
2.59441
2.59109
2.97581
1.42949
2.77259
0.375616
1.46939
1.48627
1.22556
1.33333
0.802589
1.21678
1.18636
0.727273
1.00379
0.838462
1.9939
2.9708
5.17867
0.788393
8.80892
1.34432
1.5625
1.26087
2.00336
3.87789
3.56327
2.27011
2.125
7.04425
3.48529
3.44599
3.55019
2.74167
3.11607
1.38211
6.66429
1.4702
2.52713
1.67692
2.62774
3.21377
3.50373
1.90698
1.2381
0.758958
1.59574
1.47248
2.56497
1.95057
6.98824
0.799517
1.9252
1.74689
0.8
1.23934
1.58333
1.66923
1.9845
1.5387
1.20539
0.8659
1.22433
1.18092
1.19466
1.00662
0.880952
5.51974
0.923345
1.07407
0.84058
1.21404
1.29749
1.17164
0.897436
0.731788
0.936842
2.33898
1.9759
1.22458
1.55
0.947566
0.996516
0.914062
1.02473
1.06061
1.11066
6.52381
1.01859
3.59524
3.4569
1.86719
2.83333
1.84354
2.0036
3.30508
2.18376
2.51923
1.28852
0.451236
1.61258
1.32923
1.89324
3.09633
1.57317
1.57143
1.82667
1.51079
2.17886
1.07087
1.25862
33.6727
8.03846
1.44857
5.82018
2.76842
1.45687
2.57246
5.21377
3.93939
15.7341
6.28929
1.57746
1.53767
1.4497
2.30769
1.75455
1.12585
1.93077
2.57944
2.38839
1.32258
0.457707
2.7026
4.85928
0.924138
2.47682
2.20139
2.24549
5.02174
3.95189
8.75524
6.27559
4.83721
6.09489
2.70609
10.1036
9.48525
13.1655
7.89844
6.75429
1.53516
2.92925
2.43404
0.868243
0.965097
1.94444
5.11364
4.93151
2.94052
4.2987
6.20833
2.71014
1.57088
0.607143
1.4
1.21986
0.895522
1.01695
1.22034
2.59174
3.57647
2.20909
1.08046
1.46853
2.24567
6.10504
9.00602
3.75814
1.90234
6.25725
3.08584
1.35632
1.35849
1.79508
1.45038
1.52632
1.34766
1.07456
10.703
23.265
23.925
17.6111
0.58318
0.969178
0.92446
1.28058
3.42126
1.78814
1.33758
2.29046
1.89754
2.04104
2.30325
2.04089
1.8913
8.4086
1.82805
1.49185
2.17456
3.56048
2.11255
2.92414
1.08118
1.7193
0.914286
1.66949
0.991803
1.34921
0.978102
1.71849
0.101429
0.978836
1.1374
0.996078
1.05204
1.14022
1.57143
1.58647
4.2483
6.93277
1.30882
1.6036
1.13559
1.52193
1.16549
0.303571
1.80365
2.70611
1.78814
2.06693
1.45
1.56522
1.52015
1.97166
3.05306
2.45276
1.68092
1.72984
1.54286
7.71538
2.525
2.54508
2.22256
3.7619
2.14056
4.38057
1.65484
2.94
1.73047
2.30634
7.5146
3.08209
4.41509
1.93796
3.56818
5.70423
3.79443
6.69683
14.2284
4.86842
7.35586
6.83846
3.23438
3.08929
4.43038
3.02429
7.40146
1.78859
2.46209
3.59843
5.53846
3.94348
4.4413
5.98707
2.32927
8.83537
4.12593
5.43671
6.38288
5.0229
5.62583
3.5146
9.21233
6.27119
6.2397
3.04869
3.07203
1.31879
1.19118
1.25926
1.42982
1.87963
1.78715
1.29588
0.190994
0.88961
0.931193
1.57143
27.9685
1.19369
0.116561
0.727273
1.21329
4.06967
1.46732
1.30151
0.696154
1.00362
1.85816
0.875912
1.25424
2.29508
2.13158
2.50709
1.69072
6.87313
1.93093
3.84825
4.08462
2.7074
2.08197
3.06148
4.34317
3.09811
0.982456
0.863309
0.741573
0.121429
9.04444
2.03425
2.37415
3.68605
4.91949
2.21831
3.12889
7.5471
2.22363
2.94037
1.77778
2.18182
1.2943
1.30844
0.899225
1.33333
1.08364
1.34649
1.37302
1.26606
0.793103
1.27103
1.36918
1.22917
0.685811
0.12381
0.667742
0.666667
0.899351
0.752727
0.656051
4.46497
5.10631
24.4291
5.15356
2.11838
1.69416
2.02963
3.05333
6.316
1.98039
2.14844
4.47475
7.21835
8.46565
2.4135
3.64062
1.59868
1.94958
1.56015
1.0774
1.2774
1.08989
1.2874
2.04527
2.49239
3.37423
1.58527
0.807773
1.91618
6.05474
2.38306
4.24069
1.25993
1.88176
1.94834
6.88189
1.65051
8.62057
40.2972
6.99432
1.80528
1.24497
1.22981
1.56081
0.921824
2.23333
2.48361
1.29779
1.93305
1.00735
7.63291
1.56106
1.39394
1.19188
0.697161
0.901587
2.65566
2.59583
1.18072
1.00741
1.22881
2.49083
1.4552
2.05455
1.2381
0.842308
1.09388
1.10246
8.03846
1.28319
3.80072
3.02524
2.34737
3.18943
3.55892
4.42593
1.89735
1.79915
7.17787
6.68794
2.12891
2.40611
2.53101
1.68713
3.36667
2.22134
2.52964
3.21127
1.78986
2.15044
1.71218
6.40441
1.13851
1.18944
1.60956
3.87903
2.15421
3
1.31734
0.985915
1.16393
1.22642
0.931677
0.968858
1.89919
1.96899
2.44161
0.439286
2.62605
1.52964
4.43
2.58966
2.65789
4.05952
5.06452
3.48031
4.65581
11.1947
3.85477
2.5625
1.21192
2.71774
1.11803
2.2605
1.23982
1.8785
1.70536
1.18939
12.1433
4.22511
3.50187
2.75824
3.11538
3.07432
5.88055
7.97934
8.22511
2.11111
1.98305
1.3986
2.19118
1.33333
1.77734
3.01481
1.37056
1.89552
2.26498
1.30698
1.57203
1.02128
1.21405
7.93043
1.22449
1.4375
0.894942
4.69412
8.34328
3.44828
3.72789
4.75949
10.2833
3.08456
1.52903
1.85
2.65566
4.51481
6.03226
2.92692
1.69466
1.4669
0.89899
6.12671
1.42701
1.49627
1.40468
0.882784
0.782178
0.718391
1.13393
1.09322
1.09048
1.24167
1.26496
2.03887
1.80634
2.3626
1.58095
2.04598
1.22628
0.387143
1.58687
1.77459
1.22727
1.46789
1.18644
4.02119
2.14386
2.01786
4.19421
1.62676
4.02105
11.0433
5.57576
1.46992
1.36818
1.19006
1.95703
1.94406
2.55137
1.84328
2.41129
1.26587
2.75987
1.73246
7.51822
1.84615
1.46886
1.63158
1.70155
1.37324
1.38983
1.97
1.4735
1.51154
2.36071
1.25356
1.33465
1.28899
1.12195
1.17269
1.32443
6.31321
1.31879
1.81116
1.3574
1.33942
1.48077
1.40078
1.19469
1.11439
1.38189
2.40789
4.27778
4.79479
7.35241
6.43256
4.48638
2.1791
2.89643
2.30734
2.157
1.21642
1.42623
1.80556
2.47183
1.57664
6.54167
1.50424
0.782609
0.808917
3.26923
2.06831
2.03943
1.30657
2.24815
1.77961
2.02703
1.98305
3.60088
2.05809
8.29508
2.5
2.03101
2.41434
1.13167
1.39053
2.30112
1.64634
2.01878
2.312
4.16245
3.39542
1.96805
11.7876
3.52045
3.75172
3.4188
7.26937
6.35185
5.11521
11.4766
5.04959
4.1913
1.31298
2.83212
2.87552
1.83045
1.07826
1.78346
4.57333
2.91275
9.62835
2.11567
7.77011
0.898438
0.996154
1.26818
0.980315
0.972851
0.808362
0.920168
0.932836
0.805755
0.659686
0.651026
0.912409
1
0.871698
6.60784
0.636752
1.18644
1.62712
1.1306
2.80351
1.97163
1.43458
0.870748
3.58741
2.15556
2.79443
3.69118
9.36655
6.18868
6.61594
2.65116
1.27113
1.67241
4.20513
8.14085
12.108
3.79911
1.3197
1.57692
2.79091
1.25
2.73622
1.25685
2.58159
1.65356
2.01132
2.27068
8.10182
5.58647
12.2968
6.2563
4.62362
3.23265
7.49801
2.33333
1.66358
2.20446
1.02974
5.23022
2.17407
2.43316
2.288
2.19028
1.6385
2.55224
8.14964
1.47104
1.08
1.15768
0.826568
0.844262
0.894928
0.744027
1.23016
4.03497
4.15867
4.33937
3.54015
2.50943
5.09485
1.45739
6.19932
11.7922
14.8962
7.73162
2.51601
1.59926
1.2
1.47552
4.24766
3.07971
2.21186
1.53381
1.808
26.6749
1.12
3.62281
1.27037
1.58915
3.21795
1.2
5.16456
3.0332
2.75188
7.00977
4.77941
1.45223
1.43007
2.45982
2.0093
2.11789
1.46965
1.4311
2.93333
1.82229
1.55556
1.76471
7.94492
6.34419
4.32932
3.72698
1.75926
1.94785
2.65972
4.60159
2.49237
6.94362
4.44531
4.32794
6.04854
2.7517
3.36842
5.36268
6.36408
12.0524
5.02381
1.67368
2.48113
3.21262
1.21528
1.26389
1.35915
2.3254
6.66055
1.45385
1.83486
0.497768
2.46154
2.46789
3.52878
4.55985
3.36451
6.50962
6.77315
15.455
6.06639
4.10801
16.4585
12.3976
13.7403
3.39535
1.55346
2.49576
1.89179
1.49153
1.5727
2.22335
1.91867
8.22951
4
8.97112
2.53898
5.77406
8.57895
2.84264
3.49153
2.52318
6.0708
4.91429
8.38251
4.73059
3.9927
2.08667
2.24658
1.21311
6.41219
1.34296
1.53543
1.17905
1.2963
1.9963
1.11446
2.43651
2.0123
2.00889
0.997015
1.55039
1.41494
1.35683
1.47651
1.59906
1.73741
0.441964
1.63964
2.48462
3.17037
2.12969
2.62302
1.64266
3.42333
6.03731
3.96537
8.47162
2.78175
1.30128
1.38489
4.56562
1.85667
2.47619
2.57429
12.0025
16.6606
29.5022
4.64076
6.34335
5.11526
2.11111
4.84388
2.47119
1.3125
12.0039
10.7585
1.95098
6.12621
7.04906
2.67267
6.9
5.71498
3.67296
5.37698
3.17467
2.97541
3.68929
0.165
0.614583
1.09735
1.55556
2.02752
1
1.3578
1.17431
1.43119
1.17431
1.16514
1.7305
3.48918
4.11765
4.6367
8.95635
2.91958
1.75076
1.91176
4.46429
3.75814
1.94052
2.2
3.00949
2.68401
9.68408
27.7891
9.99107
1.20677
1.22619
1.15077
0.667832
1.24014
0.917241
1.31557
1.88136
1.06422
1.53309
0.816901
1.18081
1.62719
1.56838
2.12931
3.78736
9.58333
3.51761
4.70082
2.83934
5.46097
2.52609
2.65909
2.00935
2.94262
8.42751
3.6215
1.75564
2.12863
1.36025
4.67704
2.53226
2.2963
2.7572
1.55328
2.22667
2.16045
1.59247
0.618506
3.83268
2.99112
2.17822
1.48496
2.81651
1.64384
1.92126
3.22072
2.86111
2.26147
7.97794
2.61905
3.13158
4.98047
2.28112
2.55133
1.67407
1.86424
4.12593
2.61871
2.48352
1.47222
6.03943
0.928058
0.828767
0.910714
1.16797
0.71517
1.09594
1.15138
0.95045
0.836806
1.05282
2.26154
1.89908
3.72302
2.75893
2.20161
2.61157
8.71374
2.68015
1.80142
2.89097
4.9417
2.65411
2.94737
1.66304
1.95333
1.48649
2.2551
7.11706
2.11
2.40221
3.56767
4.60324
2.11194
3.55649
2.36325
1.0929
1.43426
1.55118
1.85039
2.27027
0.475893
1.92884
1.26848
1.35484
2.3119
5.17518
3.90299
2.09524
1.33333
0.918033
1.60294
1.35739
1.43214
0.219828
1.02069
1.32877
1.9537
1.67755
1.69318
1.82895
1.31761
1.25498
0.92891
0.535627
0.600746
0.873333
0.884921
0.818519
1.03433
1.11905
0.879562
0.919679
6.84116
1.81159
2.22093
2.06918
4.40672
2.92308
3.79412
2.92023
2.02027
1.51863
9.64388
5.05215
4.94964
4.89384
7.98993
6.11972
1.18689
1.41667
6.65182
1.57051
2.01754
1.51429
1.58257
0.94403
1.31522
1.6755
2.52245
0.989437
0.954918
3.03404
3.631
3.41916
9.28137
3.67832
4.40892
5.02092
3.22866
3.51064
1.81657
2.3355
2.68924
1.83972
0.732143
2.98707
1.50355
1.90863
3.54412
1.60215
1.78516
2.04844
2.07109
1.93284
1.88462
3.72441
13.229
3.77157
2.79279
3.18067
1.65022
2.2623
2.72477
9.33945
4.03968
7.52975
5.79581
3.54297
2.82609
2.48897
3.24074
2.20879
4.07422
3.19601
16.4336
4.94479
1.47518
5.08046
6.155
2.97951
6.94758
9.01818
1.97794
1.36201
5.00946
6.904
8.99061
7.28462
10.9818
1.72384
1.72222
3.17626
2.20848
3.78966
2.61538
1.9963
1.79167
1.65066
6.17486
8.26493
1.86307
3.3374
3.16263
2.70149
1.67254
2.45498
1.36429
2.2521
0.736364
1.22868
1.61261
1.375
0.785714
1.05993
6.25267
2.91216
1.1058
0.81761
1.52414
5.20076
4.81102
2.13008
3.11644
2.60915
2.65918
2.36154
7.29066
6.2126
1.62671
3.03182
1.85517
1.6436
3.2482
0.958637
3.2807
2.0076
1.78601
1.20661
0.777778
0.224379
1.27941
1.86397
2.59193
3.33047
2.58108
2.1626
1.69825
1.45115
3.05128
3.01818
1.96863
1.07435
8.54472
2.75728
2.07252
2.84259
1.96525
2.08907
2.80412
1.30962
1.72695
1.8961
2.34298
3.45946
2.65823
5.47661
2.73103
3.2931
2.15789
1.27035
3.24576
1.3589
1.48201
1.57669
1.10471
1.94718
1.61702
11.68
3.12303
5.51812
4.97143
1.7446
2.62249
1.80074
8.56734
25.3559
4.61217
2.50365
1.74863
1.79265
2.20137
5.11157
8.53448
16.2147
3.24889
6.7218
8.88971
6.11458
0.667582
2.87755
2.24382
2.11149
2.83083
2.35452
2.43369
1.97881
3.16667
3.48034
6.54962
2.252
1.2554
1.12554
1.85455
4.08497
0.985507
2.14831
1.77308
1.60839
1.76515
2.11952
2.32
1.91603
1.61983
5.84091
1.38889
1.15789
2.32463
1.37615
2.39661
2.52107
1.98819
2.11481
1.95238
1.53571
2.18376
2.26103
2.24199
6.8777
3.10714
2.61091
2.33058
2.85714
1.84783
2.8625
2.34211
2.39223
4.24775
2.73034
2.36437
6.31034
1.74074
5.05804
4.61024
4.224
2.44747
4.6913
3.49239
1.54945
2.11019
8.10631
7.32456
2.79618
8.73853
1.25275
1.92075
2.03659
1.94286
1.1338
1.54924
6.56522
1.6747
1.70763
1.35915
1.36864
1.41322
0.996689
1.25
1.07843
1.32203
3.29661
5.89
6.35323
9.85776
12.0458
1.6681
1.09846
1.17172
1.47393
1.13445
1.13523
0.886986
1.125
2.71233
1.18881
12.2443
2.96416
2.50325
4.93304
2.59494
3.94776
2.95593
3.69231
4.1069
8.20939
3.50138
8.2874
3.83495
2.58798
1.76301
2.7549
2.63214
3.04032
0.789203
7.75466
1.67068
1.69419
4.64567
1.94203
6.35472
3.47967
2.71698
1.74797
1.01504
2.29893
0.695153
2.75258
1.66393
2.10333
2.40203
1.86923
1.63072
0.886288
1.20848
2.07483
1.62975
1.375
1.55439
1.57823
7.83544
5.74021
2.96457
1.10227
1.2381
1.1441
1.42562
63.0091
1.83374
2.33188
1.11315
6.39319
1.3375
0.986928
1.33582
1.06211
1.55319
0.949843
1.40179
1.50917
1.09091
2.3619
1.108
0.970779
7.10204
3.837
8.47586
2.55093
3.61814
2.54082
7.41481
6.84452
14.573
3.45223
1.14626
3.48828
2.38487
1.43391
1.00312
1.38983
1.603
3.60829
2.25081
0.243017
1.0299
0.992883
1.18797
0.688385
0.8
2.17573
1.70703
1.26908
1.33466
1.16279
1.16538
1.35764
2.88636
1.69106
3.33459
0.243819
2.62778
3.51984
3.80769
3.22785
3.516
3.88053
5.27668
1.42353
1.88971
1.88664
6.38408
1.23308
2.04128
1.70142
1.9726
2.22093
2.35357
3.79426
4.91489
2.27431
3.05021
15.8684
4.4486
2.44937
2.44275
1.52788
2.88936
2.86765
1.63504
2.64135
2.13077
3.38991
2.23853
1.46275
0.494748
2.42478
1.88346
2.28413
1.57895
1.17747
1.36154
1.84109
1.37184
1.81081
1.2242
1.40467
1.75439
1.30877
1.84291
9.29775
6.65455
5.43333
4.36614
1.85448
4.08284
4.20079
4.0303
2.5036
9.80496
7.75397
21.9552
2.24
0.208221
1.02941
1.47196
1.23828
0.750853
0.867925
1.15972
1.47009
1.24194
1.98921
0.645749
1.17492
0.798982
1.07692
1.67254
1.86598
1.64726
0.343915
2.01176
1.54094
2.64384
3.23148
2.73636
4.52273
2.19169
2.31868
3.42647
3.20476
7.28571
2.69649
0.860294
1.19014
1.73427
1.71014
4.48624
1.62976
1.64504
2.75258
1.53659
1.3
1.11111
2.08989
1.32877
1.06667
6.90157
0.865772
1.25301
1.38255
1.6
1.69419
1.4291
1.48227
1.64024
1.79693
2.23729
1.93522
1.81145
2.49561
3.55472
0.392007
1.12079
1.07664
1.65737
1.46825
1.7661
3.86567
4.78927
7.7037
8.75455
3.80323
0.71131
0.978723
0.934545
1.26619
1.34764
1.4507
1.51923
1.08777
1.29967
1.44932
2.85609
2.01068
9.47471
7.80672
4.34483
2.50376
6.62825
5.80936
16.9834
9.736
8.88538
2.6734
2.72414
2.64019
5.05019
10.0798
3.11702
1.24217
3.67114
2.2884
4.76667
4.29181
2.20701
3.21104
1.78305
8.78707
4.29368
3.05976
1.41367
1.54789
1.99692
2.84615
2.4502
1.61373
1.39456
2.75182
22.729
1.77872
1.25379
1.13087
1.01845
1.35593
0.979021
0.2625
0.847682
0.983051
0.82963
1.55303
1.13761
1.05747
0.854093
1.19672
1.82407
3.05963
3.2007
3.12915
4.75
7.1942
2.67241
3.39405
1.97682
5.375
2.60622
5.52174
4.84328
12.0378
3.13514
2.42652
1.58955
1.9434
1.72393
2.22222
2.03642
1.56835
1.65781
1.88426
3.6255
7.15823
2.06034
3.73541
2.19259
4.25439
1.85926
2.40254
9.58876
5.65385
0.995968
4.61198
1.80303
2.03279
1.32308
1.15672
1.52252
4.51527
7.54673
2.09559
1.17834
2.2616
2.7803
2.28102
0.513393
1.8985
2.70992
2.2
2.65882
2.19065
1.72364
2.16206
1.4958
1.06818
1.58632
2.8959
2.4188
9.62409
2.06855
1.83468
6.5529
10.0211
2.83456
1.48201
1.42722
0.765873
10.3299
8.46875
3.78648
2.875
1.675
9.0795
1.25403
3.0082
1.95057
1.56272
2.43568
3.53125
3.44649
1.37722
0.919355
2.1306
1.65
1.5907
1.91364
1.46667
6.83577
1.72464
2.19274
1.92075
2.56091
2.04942
5.02857
3.35034
1.92339
1.48288
1.57563
1.25497
0.158801
1.20724
1.47876
1.0994
1.08883
1.9486
1.35811
2.19328
1.79592
2.78598
3.29221
5.50439
17.432
4.6779
2.42718
1.14919
2.82197
2.56306
2.37822
3.42014
3.69512
3.17568
9.25461
17.5714
14.3571
8.59259
14.1745
6.82182
8.57401
4.67213
1.99254
1.86667
3.56274
2.28049
0.338095
1.75241
2.14286
3.45385
3.84259
2.50456
1.16312
1.04231
0.870861
0.93913
0.563218
0.901899
0.838816
1.15988
7.56078
4.65141
6.41434
3.11915
2.71129
6.65476
6.62595
10.9167
4.17787
1.06875
1.5045
3.23659
2.9505
5.61033
2.47881
3.04054
2.39431
1.52071
11.9371
8.79545
2.17626
1.6055
1.25357
6.92251
1.25068
1.92735
4.63028
1.4375
3.01569
2.64552
1.10163
2.05618
3.05056
2.83539
2.26316
0.81761
0.780105
0.292857
0.921769
0.993311
1.92308
1.284
1.5
1.69349
3.83051
6.32955
5.34733
4.70817
9.56838
1.82519
4.18677
6.78841
3.00357
3.36508
4.09848
7.58065
1.225
4.76522
2.50187
5.00833
3.56332
3.64417
2.80435
2.65203
0.585404
2.12625
2.35577
3.16355
2.46768
2.94697
2.18333
4.22936
2.63603
1.47115
1.70307
7.90076
8.375
3.58923
1.71284
1.83636
1.524
1.13475
5.84921
2.20266
2.37615
2.65657
1.53214
0.270408
3.4332
1.16556
2.95238
2.64557
4.52294
3.86697
2.76812
1.25862
4.57083
9.4959
2.90278
2.19216
1.6811
2.35315
4.46454
3.37668
3.84436
6.45852
11.3309
7.73009
1.87903
0.657718
1.02273
10.5068
22.3901
2.84116
3.3442
1.78986
2.97807
4.88321
1.42086
4.01181
1.87712
1.54545
8.25391
2.36937
3.77308
1.46473
2.65993
0.808362
1.28344
2.23256
1.30333
2.51542
1.60448
3.08871
1.86563
7.28037
3.09926
2.63889
2.18587
6.96694
3.69106
4.54154
3.64948
2.17665
0.668019
4.40092
3.35385
3.55159
3.71296
1.37407
3.40909
5.05694
2.86047
2.66346
0.236607
4.2482
6.02721
11.3869
9.4321
3.34393
2.25902
40.8419
4.1954
5.46595
11.5816
8.15267
5.94715
2.45255
2.28986
1.9011
3.13679
2.69963
2.10882
8.03358
1.92537
2.076
1.904
1.82629
2.08261
2.4767
5.55137
1.4078
3.44156
2.34568
0.967857
0.966245
0.269841
0.873333
0.908257
0.916364
1.10887
0.935743
1
0.921296
0.687919
0.912548
0.781746
0.669014
0.837931
0.978992
0.706395
1.22018
1.23381
0.992126
0.741935
1.15603
1.2381
6.97925
1.50704
6.92453
3.0814
6.55814
2.33712
2.60351
1.66554
2.55357
3.68636
9.32491
2.31833
3.90783
1.63768
1.70629
2.8631
1.85393
1.52083
1.19557
2.01901
1.33333
1.15267
1.29181
1.39683
1.5873
6.02034
2.30034
2.91603
3.10927
2.88722
3.20478
1.59736
2.20513
1.88474
1.60443
14.0273
8.75
4.8869
7.04469
7.94615
10.5627
6.793
3.55185
3.37248
3.15248
4.03876
15.7177
8.11724
4.59155
5.29388
3.91727
4.23485
2.9186
1.51678
9.47642
2.50542
3.89224
1.74691
2.74351
2.54545
1.91575
7.83704
2.75556
3.32056
10.043
4.28846
2.32812
2.15476
3.04082
4.46383
6.29864
1.21645
3.19188
3.86765
0.318783
0.980066
3.42373
2.45862
1.53358
1.48137
2.46097
1.27879
1.96296
1.40559
1.5625
2.052
3.05112
7.86447
2.79104
2.40532
3.43056
3.12903
2.76818
4.21296
3.38966
2.92808
5.97895
0.367695
1.24737
1.53817
1.46372
1.808
1.93519
1.33929
1.67029
1.57836
1.77366
1.64643
26.8349
4.1413
4.1051
3.28105
1.87302
1.33047
1.08955
1.12308
1.11009
0.730769
1.4321
1.66
5.72852
1
0.630094
0.877622
1.85526
1.70103
1.77644
1.47541
1.99567
3.74576
1.79012
1.36283
1.2042
1.82578
1.50917
1.97761
0.551471
2.01394
3.21805
1.54949
3.13308
1.83039
1.63758
1.33217
1.4549
2.64407
2.63178
1.58113
1.73064
6.29932
2.43421
1.21622
0.817204
0.946629
1.28938
2.11017
1.94422
1.2383
1.40221
1.28727
1.71186
1.29365
1.24233
2.46996
21.6086
2.304
1.13495
1.75486
1.33488
0.956989
1.50644
1.29758
3.37638
8.89841
2.68827
2.22337
0.711974
1.02417
1.29386
0.77551
1.61049
1.06195
1.18065
8.05018
5.15234
7.67347
2.156
2.22907
1.04727
0.91129
1.05842
0.937063
0.579618
0.736842
1.18947
1.48519
1.90094
2.02128
1.58163
1.77778
1.60308
7.67577
3.07143
2.41667
2.68952
3.63529
0.585153
1.87097
3.73179
1.9094
2.0241
5.12333
2.3961
1.8429
1.38462
1.16851
1.80237
4.20884
2.95221
4.04333
3.84416
3.87302
0.366541
1.1371
2.01778
1.95781
1.77055
1.65152
1.80357
2.36747
2.77509
1.39721
2.11538
1.96667
1.11508
1.11567
6.46565
0.846416
1.19366
2.35821
1.26389
1.22333
2.03004
1.41096
1.73659
1.71786
2.05735
6.00719
1.53077
1.22026
1.10714
0.342857
0.823944
0.822464
1.80297
1.29661
1.1055
2.14407
1.3578
1.17431
1.3578
0.963303
2.41923
4.25914
3.09353
2.32102
7.97719
4.6371
5.31776
2.65508
3.96774
1.84074
5.55
2.24
1.53782
6.64742
1.97833
2.152
1.64815
9.21341
2.54023
1.88889
1.1194
2.87719
3.63333
2.70614
1.87375
1.42478
0.783333
0.951149
1.70896
1.08475
3.41228
1.36232
1.51754
2.23853
1.73394
4.10092
2.65138
1.08716
1.22764
4.89048
8.68889
6.21429
2.61345
2.39604
2.36059
1.94881
1.74919
3.1383
3.97744
12.1828
8.74699
2.69919
1.24823
2.27885
4.24232
4.46763
13.3576
2.48077
2.18293
1.41045
2.16667
0.985765
0.908696
3.23162
1.81982
1.79134
1.26991
1.05204
1.60837
14.7354
1.41697
1.50774
1.77358
1.42029
2.91071
1.58892
2.18491
2.18145
8.02336
19.7031
2.90244
3.29323
4.18092
0.789474
1.32157
0.890511
0.81194
0.746479
0.783333
0.626214
2.10737
44.0649
3.7229
1.39852
1.52878
2.78819
4.02242
1.14793
0.96875
0.786232
0.816901
0.848361
0.138889
0.875
0.780645
0.978992
1.16102
1.34615
1.45528
1.55752
1.96071
1.51254
1.44027
1.98062
2.90612
1.49799
1.10833
1.25203
8.03529
3.45522
3.2053
6.10656
1.76684
7.7341
6.05054
1.9717
1.4635
6.99197
2.66047
1.36842
1.11765
1.15254
1.21032
2.5
2.51761
1.21212
2.39565
2.62992
1.75
1.0274
2.27338
9.77869
5.375
7.55963
1.45126
2.48494
2.43243
1.42205
1.0807
1.31381
2.06489
1.68821
2.48889
9.49761
1.92748
1.35862
1.08099
1.84426
1.73427
1.54545
1.78146
1.4386
1.54128
1.55046
1.40367
1.17431
9.09174
8.34286
2.87037
1.55556
1.7381
1.56522
2.00784
2.04348
3.57082
1.94521
4.48328
1.18246
1.27986
1.89524
0.738445
2
1.58571
1.4845
1.42804
1.53414
1.04453
1.49265
1.10119
1.12775
2.02154
1.96721
1.50307
1.67692
0.666667
6.53817
2.01807
0.912773
3.79524
2.03659
1.5336
2.58874
1.2007
1.3876
0.953846
0.984733
1.18487
1.3937
1.2515
1.80159
0.827839
6.81852
1.58647
4.41964
5.8125
4.90741
3.78313
4.01293
2.91724
3.17323
3.84921
10.6141
6.66423
5.67669
2.24419
4.82787
2.05238
20.3818
1.44094
0.787565
2.67943
1.6145
1.35036
2.38406
2.11413
1.37367
7.77154
1.22896
1.20152
1.93662
2.25275
3.09052
1.94275
2.04029
3.78244
4.90545
3.10968
7.34951
2.49138
4.83556
3.27899
9.71951
8.27755
4.45276
1.50418
7.0871
4.8843
4.38007
4.28826
3.55743
3.84122
0.541451
1.85305
1.15162
1.63538
7.46718
3.52529
2.17603
2.55755
1.92481
2
1.97273
1.89338
1.36552
2.44444
1.88176
2.44912
1.90735
7.95984
4.90968
5.5
4.8134
1.71386
1.875
3.53383
2.83206
1.27612
0.88664
1.05405
0.28373
1.00806
1.29224
0.645367
0.862319
1.13216
5.48239
3.93594
9.13609
2.6259
3.329
2.19536
0.671266
3.10345
2.2375
2.88158
3.74806
1.87449
1.28571
1.50287
2.15768
2.58015
2.26056
2.17037
6.06129
1.44444
1.76151
1.72241
1.64479
1.50579
1.42034
1.91481
2.15415
1.7327
3.27863
4.09615
3.19066
1.09821
3.25221
1.29577
1.1505
1.31203
1.72
2.53498
3.90129
7.23051
4.32308
6.79077
3.20913
4.98024
1.97059
2.64706
2.2673
2.54135
1.39067
2.23792
4.68644
12.4386
4.92829
1.73162
2.2069
4.03271
1.36123
0.881119
1.18081
0.988462
2.31365
3.81716
4.86973
8.7782
7.20629
4.125
7.33439
7.25758
14.5208
10.8859
5.0122
2.35458
1.97518
1.51014
2.87582
3.40945
2.07435
1.67308
7.48684
1.93015
3.51316
1.69202
2.30769
1.87847
2.24014
4.78646
2.98983
1.72826
2.86667
1.70435
5.7457
2.49814
2.39925
1.77826
1.4932
3.04693
1.80374
1.67029
1.92925
2.05638
1.30405
1.94444
1.04249
1.11146
1.46091
0.28028
1.22692
1.19032
1.66972
1.59355
1.65188
1.32997
2.30357
3.0101
3.99415
4.46094
11.429
4.02135
2.48198
1.4697
1.45607
1.40449
9.1162
3.67339
14.0161
3
2.05556
2.86786
1.30405
1.28409
1.65505
2.34317
2.53358
1.32663
2.08664
0.9
0.237578
1.28904
1.6129
2.45699
1.61616
1.16724
3.10119
2.43974
2.40755
2.31395
1.52963
1.53333
2.80275
3.61538
5.92705
2.2911
1.48828
1.99315
2.7
2.26667
1.21972
3.2037
5.15175
3.6145
4.12303
7.36466
2.33086
1.69291
1.93985
2.82895
3.7963
3.64122
2.12821
3.14623
1.68056
2.45763
3.48598
8.7713
1.19388
3.4502
2.36513
1.07666
3.96524
5.0348
11.5294
2.48913
2.66912
1.81322
3.22656
1.76582
3.72015
1.71379
1.51974
2.00342
2.40598
1.57951
0.672991
1.55629
1.58989
2.43064
6.36728
1.52691
3.39552
1.27365
2.41762
3.67105
7.23571
4.84862
6.06667
1.39636
1.36991
3.04167
1.47
1.87705
2.61058
1.7
1.65812
1.56746
2.36226
7.60547
1.3037
3.34444
4.24176
4.15108
3.41833
3.2562
2.45896
5.41593
11.8291
3.49754
2
3.27778
2.89908
2.35088
3.97248
3.45872
2.57661
2.78906
2.01442
1.18689
7.09265
3.17266
3.7089
5.62682
2.28669
2.42788
1.98252
1.50774
1.75455
1.35312
1.76493
7.29818
1.47368
1.92674
2.33333
2.23
1.76364
4.04833
2.91096
0.733333
1.57975
1.85294
2.68487
3.35563
0.622024
1.39706
1.82812
3.04104
4.01935
1.78746
1.86495
1.46316
4.03891
4.07018
3.67965
6.83377
3.65992
3.23308
6.17647
5.35193
2.57143
2.37134
1.6129
1.50211
1.18367
6.67785
1.17424
2.64885
1.75285
2.4539
3
3.07807
2.21311
2.89389
2.69048
2.60506
6.71469
8.33261
7.66947
2.8172
2.7459
9.53793
4.62115
6.92337
5.94318
7.13102
5.75
1.58672
7.8937
4.11111
11.5411
7.07292
1.88073
1.29012
1.99123
1.31308
0.965714
4.42623
7.0188
3.10248
2.93333
21.1462
1.86266
1.57143
1.83062
8.34247
4.05
2.10409
1.10429
1.23453
1.55702
0.92283
2.24082
1.54355
2.07767
2.00617
2.27407
9.15615
2.88462
4.45455
14.0382
1.37391
1.55626
1.02655
11.5532
1.04305
2.53191
2.39114
1.10366
1.1746
1.4661
1.21101
1.1746
1.25
1.57143
0.879121
2.23729
1.52239
1.90678
2.56881
1.87156
9.08716
3.85593
2.31452
5.24051
5.68919
5.36864
3.33984
3.54587
2.13057
8.20677
3.58478
3.98
2.83643
2.75627
2.82377
1.88667
1.56981
2.01357
26.9
4.38931
0.873563
8.01389
4.08871
1.66187
1.21254
7.46212
1.50831
3.70563
3.45565
2.76426
3.67958
6.66436
7.70642
2.42806
9.66204
4.15079
6.30208
4.04545
7.33161
5.4635
2.62963
3.77075
14.8189
6.36475
9.46774
2.6036
2.03211
1.64224
1.29206
1.70968
2.17323
2.15873
0.838095
2.55046
0.962963
2.19048
1.91418
1.77863
1.32394
1.8012
1.14844
1.24883
1.16525
1.09821
0.699301
0.946154
1.11905
0.834646
1.14732
1.16935
7.8018
1.22128
0.796992
0.803922
0.714744
3.51174
17.7299
3.21972
4.63755
2.28514
8.57333
2.20385
2.18033
2.89912
3.4812
3.93913
5
6.20354
3.53583
7.49141
0.871148
1.2766
0.938983
0.890728
1.09843
1.52985
1.03125
1.07692
1.38931
1.32661
1.57303
1.01493
0.988636
0.977099
2.47248
1.42688
1.64184
0.478896
4.01485
2.15209
1.14907
1.62879
4.47234
3.21377
23.4048
4.64744
2.25847
3.13063
3.13913
1.26644
1.7931
0.934615
0.731544
2.02752
1.01408
1.12598
0.837638
0.780069
1.06452
0.870504
1.83636
7.02797
1.60071
0.876866
1.46789
1.98077
1.96774
1.6435
2.38211
2.61215
2.93519
2.1259
1.9573
1.50179
1.25
2.05714
9.82748
10.3552
1.6
1.21306
1.4964
1.28623
2.4684
1.69805
1.36641
3.73973
0.979762
1.49245
6.98457
4.07914
5.1558
4.38075
3.34828
8.81935
5.31353
2.24118
3.15556
1.98905
2.03343
5.35088
1.75499
3.41282
10.3377
1.85764
3.66812
3.43798
2.72727
1.93841
1.82937
2.21364
3.26552
2.07971
2.869
10.92
3.21884
3.74662
4.89439
1.15593
1.43071
1.56855
1.34553
1.42623
1.32056
1.99615
1.56499
0.303571
1.71174
4.02602
2.07116
2.12121
2.10182
2.91864
2.62816
2.39936
4.05682
2.62712
8.79386
4.84155
1.90909
0.749164
0.87234
0.708197
0.869231
0.608187
0.834615
0.818182
0.748988
0.916667
1.39474
1.75455
1.42909
1.86957
1.06452
0.811594
6.35547
1.53012
1.23851
2.63462
2.38585
2.39837
2.92793
2
3.63761
2.38722
1.90769
16.9421
7.90222
7.14338
8.70323
2.58784
5.28897
0.623153
2.72973
6.07749
0.791045
0.955224
0.873457
2.64069
3.85382
6.97222
3.68018
0.879926
0.355556
1.31174
1.41429
1
1.95077
2.66556
3.71429
3.39362
3.78007
6.24398
3.1791
5.29817
3.66977
1.85252
1.56767
2.54741
1.48397
2.05138
2.04861
1.83279
2.97638
1.84496
0.345238
1.74762
1.59062
3.50936
2.41961
4.09603
2.14437
1.57383
2.63441
3.5415
2.27519
1.04747
8.95708
4.73881
2.34351
1.8147
2.05652
3.51301
9.94298
2.76667
1.7234
1.69858
1.66288
0.680195
3.27941
2.63433
1.55405
2.41197
2.14748
2.14552
3.23134
1.10092
1.09322
1.55932
1.13433
2.63115
8.92342
2.02119
1.95417
3.25651
2.47845
4.28992
2.37195
1.48641
2.82192
4.33582
9.4657
7.56849
3.84252
2.63636
4.61765
1.19932
0.788732
1.36325
0.779661
1.58065
1.05328
1.03937
1.37956
0.916667
0.923729
5.91156
1.26027
3.85256
2.40116
3.79333
8.464
5.19298
2.65579
7.2226
1.23032
2.45192
0.907643
2.82061
1.40663
2.09091
2.18702
1.76866
2.49541
1.65528
1.92251
1.94737
1.43443
6.93657
0.789809
1.12598
0.807971
1.14887
2.95726
2.11149
1.6902
1.84112
1.72119
2.17105
1.38806
1.88346
1.66228
1.24731
1.36017
1.10072
0.305195
1.99627
2.02752
0.779935
1.66964
2.08411
2.62821
1.77108
1.44074
0.914591
1.1512
0.929961
0.895062
1.40574
1.0969
1.20979
0.983553
5.58389
1.10781
1.15726
1.30597
1.6955
2.33071
2.89338
4.21371
3.42164
5.16667
2.08882
6.76897
2.21481
0.906367
2.31186
2.20339
1.20134
2.28319
3.44118
2.03636
1.81295
0.931159
1.28814
4.26754
2.08553
9.5069
2.43262
5.29963
7.12766
5.38605
14.162
7.18456
6.0963
3.67391
3.98661
8.19847
3.49091
4.76894
11.9
8.49648
1.04358
0.810398
9.07143
2.17329
2.71491
1.88372
0.430804
1.10452
1.15273
1.10274
2.64126
2.13462
3.68529
4.46178
2.83934
14.5043
1.42063
2.77103
1.73364
0.786624
1.16471
1.18443
1.37712
1.41481
13.097
2.14915
2.81081
1.39837
0.322619
4.05928
4.36882
1.24719
2.70881
1.61972
2.49438
1.06522
1.88636
1.06962
1.99206
5.60504
3.16147
4.0302
4.11314
2.00334
3.39465
3.20357
1.93493
2.69784
7.51333
1.4585
2.78788
1.41534
4.17045
3.44409
3.07576
2.53462
2.41695
5.34416
11.1075
1.70356
0.834507
1.11511
1.42517
1.40068
4.72031
1.02083
1.97177
1.09836
2.03145
2.74026
1.05901
1.57413
0.804217
0.225198
1.22099
1.55894
1.42041
2.06204
6.89231
6.525
8.68261
2.39869
7.70221
2.9328
2.45385
2.58228
2.1
2.23051
2.99654
3.40476
1.15476
3.16667
1.79935
8.57377
2.03274
2.74689
2.04587
1.82659
6.34914
4.44853
1.50382
1.41304
1.74043
1.58667
1.94077
6.94966
2.08178
1.55894
1.57422
1.4059
2.38956
3.23649
1.43725
1.28114
1.69057
1.82313
2.11594
1.55462
1.26642
1.36145
1.30686
0.366597
1.01404
1.55814
1.71479
4.00256
2.75
7.73305
9.62882
1.08519
9.50988
8.12881
5.72763
4.75277
3.46689
5.38929
14.1646
9.23629
5.54924
7.17526
5.0188
6.08571
10.3333
3.79061
1.69643
2.97407
1.32911
4.3169
1.90494
2.36719
2.06818
1.80916
2.17803
1.95502
7.34686
1.80872
5.11032
10.4876
4.352
2.92276
4.60236
2.94751
2.77239
8.55814
3.58042
2.72266
4.56618
2.19277
2.79655
5.29344
4.06835
1.96979
13.9653
2.61232
1.19403
1.15254
2.54128
12.4541
10.8729
4.84502
7.47826
3.19708
3.16357
2.52612
2.77682
2.16197
2.6371
2.51389
1.9058
4.73276
7.0254
3.57534
2.89529
1.68699
1.1037
1.19784
2.47122
5.3346
5.06604
4.9
1.98276
1.78626
9.06349
5.50685
1.63793
1.38868
2.05471
1.47399
2.09756
1.92424
1.90323
1.32677
1.48718
2.02222
1.45817
0.98227
1.34766
5.2291
1.93411
1.75281
1.98855
2.19343
2.07925
1.81967
3.02834
2.05837
1.62324
1.26493
1.58741
3.05172
1.38739
2.11894
7.80734
0.804469
3.41497
19.0259
1.18705
1.05385
1.15789
1.16194
1.4065
1.1422
2.99432
2.39394
2.30279
2.08191
1.35102
3.59041
5.51648
10.4672
3.035
2.61811
2.71028
1.91566
4.23348
1.60191
1.70588
1.58273
1.496
1.82288
3.72072
7.91144
1.43949
1.5298
1.16817
1.56566
1.12258
1.50877
3.40175
2.49375
0.719723
0.742754
3.51825
1.39831
1.08475
1.46789
8.2156
1.87218
1.17431
1.01587
1.54128
6.20642
1.2
3.32418
1.92759
2.30292
2.15769
1.1963
1.56164
2.277
1.7625
0.400162
0.907801
1.22222
10.1449
2.60938
5.06438
4.89933
1.46403
1.67176
15.7521
1.25221
1.16479
1.22321
1.54425
0.791209
1.08955
1.03093
0.958678
1.14552
0.855072
0.796178
0.818898
0.896825
1.06716
1.75817
4.05085
9.17785
4.04918
3.98929
3.02583
3.83858
7.72348
7.00909
3.15094
0.759921
3.62245
5.23729
1.39873
3.36667
1.66279
1.19808
1.47535
1.69811
1.80876
1.8296
1.15172
1.61818
0.245304
1.27174
1.92988
2.12698
1.98955
0.810277
1.34084
1.37698
1.29371
1.47619
1.23282
1.35345
0.87013
2.05674
1.375
1.76562
7.29889
3.68302
8.50146
4.12411
5.56
2.51645
4.30566
15.8899
4.81543
6.45912
1.41812
2.18056
2.06397
8.02027
3.95652
2.24615
3.12179
3.94624
3.12044
2.9919
2.91039
4.94444
2.10506
8.25681
1.57519
3.13851
1.6087
2.1223
2.00366
2.41924
2.05906
1.63636
2.97458
3.95833
2.17361
8.44128
8.58224
5.55128
2.45255
1.7551
1.20543
2.47183
2.65789
1.88782
9.05809
13.1849
5.16544
4.33333
7.86916
5.2377
7.39462
7.70979
1.01911
0.599379
1.2449
1.06897
1.28814
1.40566
1.29134
1.14583
0.725806
0.97931
1.09195
1.91096
2.16895
2.90688
4.36364
1.18452
4.72125
4.6442
1.58769
3.42529
2.84298
1.88889
2.07903
7.44482
1.85211
3.94672
3.15789
4.82008
5.73004
11.4739
10.5755
2.1875
4.24473
1.3434
1.28261
1.68807
1.54128
4.33582
11.1376
1.37681
2.71667
0.35034
1.25246
0.989051
1.44309
1.46122
1.16242
1.51761
0.717514
0.967391
0.790941
1.17427
1.30986
1.55263
1.99655
0.820144
1.34454
2.17763
0.960289
7.41743
1.71579
0.78125
0.744444
0.762963
0.855634
1.07917
0.820513
1.12281
0.959016
1.11885
1.36245
1.01119
3.06542
4.45604
2.68116
3.24138
0.494643
1.76235
1.82282
1.18118
1.75627
2.10211
7.88346
3.1259
2.24908
1.87948
8.30104
1.12368
4.7166
4.213
3.93662
4.0795
3.30824
2.91239
4.69027
0.824373
0.298469
2.15101
2.625
3.34954
3.13986
1.45627
1.32283
2.45324
1.39085
2.57353
1.23776
2.06985
9.09574
4.16206
5.52158
4.88652
3.59073
2.69408
2.45055
1.62609
3.5122
1.71691
1.39844
7.28175
1.86134
1.93214
1.54489
1.71512
2.44788
0.519417
1.3038
1.6295
1.62774
1.65354
1.62987
1.64029
1.39231
1.63576
7.75877
0.820106
1.91204
3.34066
5.15909
3.3189
3.76285
1.17228
1.23684
2.30435
1.53198
12.3645
2.12409
12.9811
8.16058
2.15234
6.54887
3.19925
9.09692
1.64765
1.39921
0.841216
1.13672
1.02182
0.947368
1.41224
1.19066
7.03008
2.77616
8.3913
1.7631
2.99359
3.86486
5.03311
3.33101
4.82171
5.29252
8.58246
5.34859
2.553
2.47811
2.17733
3.27907
2.57692
4.60148
3.53814
12.244
13.3894
7.76245
2.81454
1.67986
1.75194
2.37903
1.05917
6.57088
1.24837
1.35401
1.19298
1.0605
1.88077
2.18056
2.16
3.55477
3.56087
1.34043
1.62887
0.817073
1.68284
4.06304
3.11009
1.04348
1.9103
1.47038
2.61638
1.36471
2.7381
1.86446
1.70606
4.54074
3.9308
1.05147
2.89259
8.78195
9.28194
2.59926
6.43537
9.84173
3.1893
3.68201
3.33969
2.67722
2.14559
4.01951
4.59328
1.0467
1.90391
8.27612
1.86335
2.55417
1.85124
1.61506
1.5625
1.95902
1.22257
2.15162
31.9196
11.4061
1.84706
6.84426
10.1896
3.39437
9.6157
3.05986
2.15769
5.02357
3.42478
2.81081
4.85531
3.97143
3.48062
14.7517
15.5522
1.67883
1.63475
1.15789
1.31707
2.16981
6.74074
1.79643
1.50379
1.29249
1.45926
2.24731
2.81897
1.73222
0.607973
1.13014
0.916376
1.17647
0.954198
0.957627
0.865248
0.634409
1.03472
1.20642
5.24837
0.8
0.892857
1.22441
1.13242
1.15789
2.80085
3.60687
3.84783
3.82659
7.78674
11.0364
2.76975
2.17188
4.98165
7.6993
5.34426
1.44551
2.49817
6.14791
2.65094
1.46071
1.99399
1.51376
1.89407
1.01948
1.00676
0.875887
1.02545
1.72174
1.25705
13.2939
0.104191
0.859504
2.2619
4.52963
7.5539
1.92126
1.97211
1.60403
2.49254
1.56287
1.51493
7.12741
1.69259
1.70742
1.5
1.01497
1.5229
1.25
1.18992
1.11765
1.49541
1.26829
1.12681
1.03058
1.32979
1.68651
2.27237
2.79646
8.86695
1.77538
1.51034
1.63707
4.33333
2.48611
2.18696
3.36047
1.69597
2.69048
1.05618
3.77727
1.4507
0.203042
1.40237
1.24204
1.16561
1.56221
1.12937
1.39035
1.75455
1.65625
11.1338
2.39033
1.65471
8.65455
2.51103
1.33735
1.5444
1.77891
2.45752
4.00984
2.38679
2.14286
1.08647
1.14504
1.42599
1.22857
1.63111
1.23547
0.519231
4.23636
7.4507
5.61484
8.49517
1.3871
0.331349
3.47368
1.53691
3.53571
2.97436
2.58678
4.51154
5.61607
1.78601
1.90397
1.71642
2.01739
0.909091
0.464286
1.65888
2.27798
2.64489
2.76829
2.31225
2.51751
3.96414
4.66058
5.68559
7.30408
4.86873
2.9082
2.55512
6.87179
12.7419
2.49115
0.794118
0.79918
0.767606
0.793103
0.871166
1.16372
0.842105
0.620787
0.943775
1.064
0.921053
0.917323
1.11475
1.69444
2.57416
1.68534
0.952381
0.952218
0.908451
0.806569
0.3125
0.775578
0.834532
1.09016
1.37607
1.22378
1.00658
0.853659
0.867384
8.02024
1.38182
1.58197
2.42202
2.1422
1.72973
6.10145
1.21667
1.23849
1.5082
2.41667
3.24107
3.68927
1.38636
1.58363
1.44408
1.06728
1.33793
1.64352
2.0856
1.42149
1.23194
5.24405
1.47126
1.35556
1.39672
1.29818
2.11407
2.56494
1.39667
4.41277
2.02484
1.92096
1.74561
2.68127
1.40486
5.88502
6.57706
1.1729
1.72348
1.69919
1.7782
4.22464
2.7562
4.08879
3.35838
39.2743
6.49807
2.4697
9.88028
1.44268
3.17039
16.7062
7.30909
0.981314
3.43023
2.56098
3.69424
4.45756
5.20833
3.3253
2.8942
12.2763
3.9963
6.35146
2.72483
2.3255
2.48797
3.15254
1.36071
5.00427
8.32692
0.977778
2.65683
5.1
3.61859
4.71746
3.97248
3.60069
4.20455
7.66288
3.23793
3.34122
2.75194
1.61129
1.82971
2.4375
2.02652
1.97953
2.73023
1.32677
1.46875
6.86054
2.02
1.50151
2.86909
3.04317
2.2446
1.64561
1.84163
2.32353
1.35385
1.04167
1.60656
1.82661
1.02459
0.818519
6.10781
1.92638
1.33217
3.08846
2.41518
3.42748
1.22549
2.17176
2.05072
1.90164
8.34375
9.63481
1.08631
1.45679
2.32353
0.899425
3.0461
1.33043
3.10569
1.95941
2.3178
1.19414
2.00467
1.76016
1.12274
6.81496
1.37374
1.17329
1.61871
1.20625
1.80476
0.856604
1.05743
1.17761
1.88034
1.88768
1.39623
1.20253
1.8436
1.92254
1.27848
1.33333
0.441327
1.44882
1.39231
1.36864
1.03717
1.21754
1.97692
1.15574
6.26132
6.55307
3.87365
5.53467
5.04573
1.60819
1.57708
1.95302
1.81613
1.73579
1.75406
2.48473
8.87938
3.06198
3.99038
4.23235
8.42308
5.21481
4.72581
8.39928
1.47479
2.37917
4.25
3.55452
1.78209
2.66549
4.22745
1.7395
4.88686
11.0745
4.69203
4.78453
3.73529
8.95928
1.28897
2.41921
1.61468
2.79817
0.351648
1.37714
2.13492
1.66055
2.83945
1.93182
1.98276
7.66154
5.05618
3.14113
7.63988
1.22154
2.94915
1.29339
0.895522
1.48684
1.96407
1.3375
1.60142
2.45161
1.65126
1.39928
0.717325
1.0429
1.17857
1.23913
0.909677
0.764493
1.01099
0.460084
1.38115
1.29073
0.988593
1.12397
1.4469
1.50463
1.11744
1.76415
1.23182
0.832765
0.875912
1.25296
2.53252
7.15538
10.6667
3.64493
2.94163
2.77122
2.72365
6.17578
5.77255
3.81673
9.0471
7.46512
1.62326
1.01742
0.957983
1.27876
1.13127
0.946939
1.07787
1.16895
1.40367
2.5922
2.34286
1.0974
1.83051
1.80153
0.744048
3.07755
4.46396
4.3444
2.30827
1.38532
1.41441
1.03937
1.05085
4.5339
1.53763
1.61278
6.5256
2.15926
1.80741
4.74468
5.36441
4.25161
1.76071
18.6381
8.22892
3.992
3.12977
2.05862
2.63707
1.36047
1.55973
0.850847
1.0378
1.25263
2.23265
1.24921
0.547619
2.11923
2.01623
1.15113
1.4491
1.68067
2.55285
1.08333
1.22917
1.18321
1.24055
1.18382
1.75591
1.61993
1.19315
6.64576
2.70748
2.33841
2.34615
1.69328
2.01993
2.805
1.51648
1.47445
1.16288
1.30769
1.56204
2.66204
1.49462
9.25641
2.4296
3.17761
1.78462
1.42697
1.67227
1.35088
2.17518
1.8
1.90948
1.63569
3.33716
2.26774
1.49296
0.43985
1.57721
2.33333
1.56735
1.29667
1.43571
1.8125
1.74091
2.0602
1.93916
2.88739
2.45018
3.02869
2.61392
0.752381
3.48624
2.05195
1.73134
1.80734
0.874525
1.66045
2.11245
2.05926
1.58848
2.004
2.23792
3.26357
8.82328
2.64151
2.10559
4.0814
4.09936
6.66397
20.6709
3.26852
0.813776
3.49286
2.85662
3.10092
3.66926
2.64815
2.87407
7.0125
3.63158
11.8049
1.37354
1.09821
1.80751
1.45525
1.55597
2.16832
2.07025
1.8374
1.07092
2.98507
5.51948
9.94382
12.605
7.48529
7.32292
3.35206
1.66265
9.1028
8.62232
2.18677
2.41522
8.22822
4.69333
10.1033
4.20968
4.44262
1.20906
1.08503
1.24749
1.34234
2.48148
15.086
0.758929
4.74342
5.43541
1.19935
1.05328
1.22535
1.04128
1.01049
0.945312
0.725166
1
1.36293
0.726667
0.879365
1.39535
0.352891
1
0.846715
8.27574
13.8186
4.43657
2.88213
11.1075
26.4902
5.06137
1.91667
2.32558
3.62547
1.51429
1.73047
2.70238
7.52273
1.84
4.16972
3.26866
1.3
1.17797
1.06227
0.860294
3.19444
4.11538
1.6119
3.60484
2.60776
1.88288
0.635045
1.64336
1.3797
1.09756
0.984615
22.012
11.5509
4.83478
7.65948
1.63415
1.73518
1.94158
2.52976
6.68468
5.52
3.85659
4.63514
1.94118
8.95681
2.66065
2.48848
2.95021
4.36909
5.97826
2.91234
2.37313
1.57377
2.70175
7.26538
1.95848
3.93462
1.33333
1.63636
1.28814
1.23469
1.44939
1.54918
1.12456
1.81911
1.6264
2.15523
1.75194
1.1459
0.347403
1.54839
1.34277
1.00719
2.86716
11.4884
9.595
3.23016
7.3481
1.13605
2.98462
2.07075
1.7757
1.98099
1.96739
2.16797
2.76389
1.92692
2.27559
3.54734
10.4173
4.8125
3.57235
3.5458
3.21961
2.1845
2.15972
1.62295
1.36325
1.23913
1.20779
1.0449
1.17105
6.88115
0.735484
0.993789
1.15164
0.884892
1.14887
1.55869
1.46186
1.62879
1.72763
1.66
1.69434
2.19685
2.37698
2.02703
1.17407
1.69582
5.65839
1.79435
1.30403
2.5813
1.55242
0.960557
1.54694
2.18269
1.63175
1.86875
2.37097
1.66901
1.44269
3.80769
1.06723
0.933333
0.304511
1.0318
1.20833
1.44037
0.813492
1.93571
2.30303
1.54545
2.91606
2.12903
1.10277
2.70776
0.895683
1.53456
0.881579
0.760563
1.0777
0.285027
0.952909
1.81586
3.07339
3.00431
1.98466
2.55094
2.92884
3.22353
3.51504
3.89796
6.8
1.18987
2.85656
2.5316
2.88854
5.74648
3.17747
4.96689
4.44828
0.800714
3.13468
7.21888
5.36047
1.35206
2.01508
1.13869
1.0875
1.52036
1.45902
15.1523
19.5569
1.61181
1.33884
1.52734
1.77982
4.56542
3.96633
11.7364
9.27329
4.07787
1.17284
1.2243
2.30075
0.747331
1.12719
1.5
0.843866
0.685185
0.861111
2.42958
0.98513
1.02542
6.97458
8.45076
2.28141
0.994012
0.702857
1.35294
1.37759
1.09677
1.28395
1.21642
1.40079
1.47951
0.929204
0.976261
1.65385
0.268544
0.802013
1.51351
1.26871
3.34529
2.20243
1.1378
1.36567
1.46586
1.02857
1.40364
1.75207
6.62762
1.52234
7.01838
1.65625
1.62385
1.56471
1.60976
2.79771
2.67123
1.02326
2.2947
2.18797
1.85
2.32143
3.88742
6.58904
3.1547
2.5531
2.76154
4.60714
6.88716
32.1321
3.35036
1.29221
6.29104
1.31868
1.09394
0.918699
0.829341
2.25523
2.15966
1.84766
27.7889
4.73832
13.1985
1.63068
2.94697
7.74708
4.85503
14.9041
1.65295
4.29924
5.93633
7.50988
4.62847
2.76471
15.596
13.0738
13.1897
1.3777
1.15652
1.51754
3.28696
3.04545
1.1511
3.35484
4.62057
2.14234
1.34483
1.6988
1.72764
2.785
0.976744
0.996212
0.881295
1.13546
0.931818
0.714706
1.09322
0.397556
1.44118
1.21782
2.10909
2.84018
1.58763
1.60727
2.86335
4.89575
2.84411
3.27966
2.09701
0.654464
1.6723
1.82986
1.78661
5.5069
4.47845
3.26104
19.271
15.2152
9.62319
2.57422
2.70435
3.05102
2.52419
1.01079
2.09286
0.298913
2.18707
5.16538
5.45556
4.79365
2.29388
2.68966
2.85039
4.66045
5.70199
1.36335
1.49164
3.36765
1.56122
1.56107
6.5415
3.96522
3.70909
3.5
2.42629
2.55521
0.163534
1.9
1.57778
1.41219
1.22093
1.87031
2.70342
2.62921
1.83893
2.45578
2.55518
1.95745
1.25
50.1486
24.4116
0.553571
0.685897
1.55973
1.5188
1.20504
1.52964
1.56746
1.30702
0.948413
1.67333
3.32016
11.7443
15.4874
3.49091
3.55294
1.08621
2.09643
4.36859
7.70213
5.11328
2.18592
2.51746
0.911348
0.797143
0.765568
0.81295
1.03814
0.748276
1.17181
1.43254
0.915254
1.25
0.894309
1.05603
0.821818
1.37963
7.4115
0.381877
1.95342
5.74737
10.3652
12.56
9.63393
6.38214
1.86517
8.84234
6.2156
6.93511
2.10458
2.76168
1.58696
0.8125
1.60145
8.33333
0.854962
1.14567
1.38824
0.763407
1.64103
1.5122
0.94964
1.43644
1.2
8.06159
4.60853
12.7401
4.59109
2.8968
10.3912
1.40753
3.76953
3.42609
10.181
3.14
2.14833
3.65
1.08088
1.52508
3.2193
1.04922
2.79655
1.34259
0.947761
0.924188
1.17431
1.46789
9.84646
2.69421
3.51449
3.81944
1.92038
2.11111
1.21429
1.91538
5.51376
2.10714
1.75524
6.87943
1.61301
1.72203
2.93585
5.61011
2.82812
3.55985
4.89189
4.448
1.98889
1.26316
7.45763
6.05189
11.0714
4.84878
1.78543
2.01761
1.3442
1.2971
1.90492
1.5
4.05729
5.76081
2.66667
1.49091
2.03273
0.689286
1.05921
1.14925
1.1
0.895623
1.29098
0.895833
2.12
3.19231
2.73208
2.2931
7.05556
3.95862
1.37063
2.20968
2.0302
3.32824
2.1732
1.51676
2.95437
2.54483
2.36111
9.44037
2.70233
2.08621
1.33555
1.51246
1.33333
1.10811
1.0873
0.96
0.983607
0.990826
1.65926
1.94495
1.17431
1.34862
1.35581
1.18345
9.33451
0.700265
9.00424
7.90826
4.11927
1.78621
0.880597
0.944882
2.08898
2.0479
1.24129
7.23704
2.19925
2.74286
1.56962
0.897833
1.15985
2.41762
4.77928
4.63821
2.8103
2.82059
6.9375
4.48031
1.61463
1.86545
1.3156
1.48828
0.468571
1.48276
1.03876
1.29085
0.928315
10.1243
0.168385
9.77273
3.10714
3.88276
5.29412
9.53488
10.4481
5.29412
3.9488
2.23404
2.59908
1.31538
1.8
1.7491
1.67273
0.952899
1.91031
2.0038
1.7518
8.53725
1.30508
1.77246
2.7259
4.45255
2.33793
1.60081
2.27099
2.3141
3.86567
12.5925
4.9486
6.03285
3.84133
5.14344
7.36842
18.083
6
6.38095
5.55597
8.40693
4.872
9.8559
2.77447
2.97464
1.69453
2.88014
2.27425
1.94815
0.92
2.70455
2.33453
8.5026
5.26695
2.39789
10.6667
4.48319
3.00694
2.35484
2.1828
8.94624
2.43258
3.07716
2.19002
0.879433
1.18868
1.12409
1.73276
1.41603
1.15421
0.947195
1.62441
1.37037
2.39683
12.1881
4.35838
2.42308
3.82686
3.91367
1.7
7.06693
6.64435
0.628401
3.77104
3.91949
2.53629
1.5941
1.00417
0.786667
0.656891
0.721649
0.882353
0.873563
0.627219
1.1875
2.61009
8.27333
4.55844
4.2509
2.76538
6.00337
4.17153
2.83209
2.73292
2.55172
0.382555
1.35799
1.62868
1.25225
0.649842
1.02174
1.29936
1.59174
1.1
1.08014
3.56456
0.948787
3.24912
3.33462
11.5095
4.49379
5.52612
3.99254
2.36923
1.32288
1.96503
3.67421
10.6486
4.31707
1.7563
1.60474
1.03448
5.55932
2.30415
0.848387
0.860927
1.82759
1.32377
5.2205
10.9312
2.47085
2.05703
1.49819
1.53903
1.69444
0.771186
1.27011
2.8811
1.84155
0.841549
1.81923
2.24779
0.803846
1.95745
0.896978
3.59864
11.9539
67.8557
1.12798
1.18615
1.89655
1.525
0.937107
1.9959
2.23755
2.30222
1.51055
1.74486
1.19658
7.71111
9.2375
8.00377
9.76052
2.19106
1.8209
1.12338
1.72535
0.873239
10.9862
4.50206
4.9316
3.24771
1.07353
1.18797
2.50568
1.08451
1.21645
1.81467
1.59722
1.64032
1.888
1.50937
0.300926
2.34101
1.09191
1.425
1.71111
3.55853
5.51681
4.79643
3.20072
4.09302
12.3424
0.645084
0.940663
0.948012
1.94845
1.06442
2.13495
1.10764
2.18657
0.952128
1.31679
1.1502
1.94495
2.53302
8.19048
1.79429
3.10163
3.49425
2.91459
2.23919
3.19913
5.10954
5.13636
11.3828
3.90141
1.31534
2.08649
5.49248
2.98361
1.57544
2.02105
1.34322
1.05818
2.08182
0.333333
2.01449
1.56349
1.56881
2.07905
2.74815
2.67965
2.09259
2.22148
1.20137
1.41445
2.30189
3.54412
7.48916
8.52574
3.44231
2.34862
1.50192
1.60403
2.4381
1.98394
1.61538
10.2911
2.83685
6.55405
1.41818
1.76256
1.38583
1.31925
1.29104
2.23134
1.17476
2.42403
0.597906
2.46694
3.19725
3.12913
2.14694
2.48375
2.5516
1.18076
2.08599
6.29825
1.09077
3.16949
10.7882
3.17376
7.99038
2.25994
2.7125
1.21696
2.94333
4.11684
6.23282
6.61538
1.43793
2.83642
3.31119
9.56716
5.87903
2.69444
2.52406
9.15041
10.3906
10.4888
4.26816
2.4669
2.21519
1.98222
0.656425
1.72028
44.4181
3.21667
1.21384
10.5559
1.12587
1.10687
2.5974
1.06796
0.978102
1.07746
1.50459
1.18352
0.805031
1.27165
1
1.65368
0.867384
1.24727
2.03689
4.01235
5.71724
0.762658
0.78135
2.74275
0.77673
0.841772
1.14683
4.83412
1.20705
1.02326
2.43333
1.58696
2.3663
2.869
0.859756
6.84733
6.0974
1.04624
2.97101
2.16228
1.39104
2.77891
2.2847
5.77931
4.49097
9.12209
5.64919
1.87815
2.78105
1.60405
1.61189
1.57091
7.50633
2.06641
2.0597
9.62389
4.77612
6.46154
5.21854
6.02878
1.97074
1.87633
1.96053
1.44262
1.74172
0.828416
2.48689
3.37798
3.18771
1.07394
1.45455
3.18919
2.78155
2.96847
1.95941
8.3251
2.39098
3.25824
1.89451
2.10274
2.00372
13.1918
32.5192
1.18763
12
10.1601
8.27273
6.41637
4.43893
1.78025
1.32867
2.14453
2.11583
1.55769
11.0088
2.04367
1.07879
1.20755
1.62121
1.75732
1.91498
1.89568
2.49421
1.82143
3.49254
3.59924
2.14224
2.36054
6.62
0.546358
0.935943
1.24895
1.02193
0.856
1.13834
1.15075
1.63021
0.517426
0.702194
0.872054
1.12385
1.03556
0.842105
0.659498
2.51389
3.12687
1.82463
8.13208
3.10507
3.66929
0.962185
0.786184
1.3125
0.905594
0.85274
1.06767
14.2803
1.88679
7.90182
6.94468
3.30268
2.85666
2.63028
1.89855
2.72263
3.2807
3.84155
1.83696
6.53824
1.79167
5.15315
1.59396
1.75874
2.03125
1.76444
1.39689
1.18367
1.75676
1.97976
1.93462
2.28704
1.59076
1.78059
1.51439
0.372024
2.11765
1.46591
1.29588
1.17603
1.59149
2.00515
1.17537
1.13694
1.55556
1.56115
14.0248
19.3641
8.16596
4.29885
1.33981
1.2471
4.77037
5.04592
13.995
2.19163
4.44876
9.23423
2.58868
2.67717
1.90228
2.54065
4.63761
9.38521
2.62698
2.25954
1.89716
2.10599
0.994624
1.30153
1.33206
1.63265
1.78302
1
1.60075
1.4766
2.18819
1.6145
0.311688
1.15414
1.07636
1.01154
1.064
0.785714
1.32955
1.94425
1.92123
2.74315
2.11888
3.03873
3.41732
3.60938
0.641917
3.95402
2.96
2.3227
2.52059
3.21116
3.34052
2.4058
5.83099
4.20578
1.36748
5.19331
2.68269
1.98507
3.22727
1.63878
1.51042
1.49084
0.800595
1.38911
2.30418
8.11552
5.33146
2.70877
17.6096
6.72826
2.14103
1.39683
1.43431
0.326389
0.926471
1.13359
1.18051
1.08247
1.09416
1.54333
1.5
1.69643
1.50424
1.15672
4.05856
2.27215
2.00949
2.44915
8.13095
2.37931
2.29921
2.85845
1.95876
2.33588
1.57721
3.96324
3.85385
2.68493
1.71983
1.55663
6.26829
1.37589
1.70492
0.908046
0.744615
0.962733
1.42982
2.30201
2.02525
2.00794
1.70486
1.43038
1.22188
1.98069
7.59882
9.11957
4.00405
3.82353
2.17273
2.08527
1.94767
2.0106
2.02985
6.42718
1.90106
2.08383
2.19343
1.49727
1.84437
2.22867
3.98033
7.50806
2.35628
8.82996
6.93091
6.62132
3.69565
12.0985
2.41736
8.91322
3.66304
1.14662
0.97482
1.38849
1.77239
3.11858
1.5731
1.69055
1.82886
1.89003
2.33945
1.836
1.93925
0.282468
1.40476
1.33047
1.03663
1.52273
1.92996
1.09955
0.574572
0.86
0.859848
1.45455
2.94052
2.016
2.27551
3.56693
7.13841
2.83
2.07105
4.52574
2.16972
1.66775
1.49697
4.2037
1.32484
2.21
1.38889
2.03704
1.83858
7.356
1.49237
1.64552
1.48333
2.05578
1.86121
2.34646
1.72697
3.29348
1.64228
1.65289
2.21014
2.56557
2.4959
5.87107
3.02055
3.89264
6.77027
4.73592
2.73801
4.08974
2.17363
0.92963
4.06557
0.150862
1.66258
3.20513
1.32746
1.22297
1.24444
1.33788
1.7561
4.12097
4.26923
4.00633
10.9625
4.35185
4.16031
3.37398
2.26172
0.941176
1.33704
2.45495
1.03559
1.22917
1.21053
1.73585
1.62302
7.34657
1.18382
2.15789
1.448
1.68013
0.93617
1.56207
2.97818
5.35612
7.53913
3.67857
6.93706
6.91438
2.57143
2.15753
3.37156
4.96198
2.33898
1.79505
19.0967
1.10588
1.1831
1.14458
1.35714
1.68693
1.1978
1.63878
4.45748
5.25658
1.65306
5.20073
4.75986
1.91241
1.61217
1.56343
2.97603
6.60294
2.19732
6.10791
9.52747
1.70751
1.67234
0.910194
1.25893
1.8107
1.45185
6.71886
2.45804
4.89098
3.15929
1.47653
0.969349
2.35275
1.5523
2.49372
2.46531
1.53636
2.76695
1.73477
8.82963
3.93038
2.42759
2.48249
2.23361
1.95167
2.56439
3.33333
1.57616
1.92019
1.54969
1.95708
0.390797
11.2385
1.31633
1.64331
1.21269
17.6748
7.44352
4.34818
2.74483
1.03333
1.16309
1.24454
1.17966
1.01639
0.97561
1.01961
0.12872
0.779006
1.468
1.37872
0.798193
1.08669
1.0625
2.1
7.68033
7.45357
4
8.516
4.23176
2.5057
1.63985
1.7
2.21101
1.71689
1.74208
1.89313
2.35039
1.99602
4.29114
9.59932
1.33068
2.33442
1.1958
1.80303
2.85551
1.49379
2.72398
1.50847
1.35762
3.63525
8.0381
8.57986
2.3972
5.02597
4.61268
1.69461
1.05333
0.989437
1.2585
1.17749
1.1161
0.824104
1.25926
1.35547
0.26087
1.56682
1.475
1.0378
3.0852
7.29483
3.76923
5.8
11.134
3.37895
3.0042
2
2.45
4.29804
3.76224
2.21053
2.55466
2.92414
2.63514
0.742857
3.82117
4.69595
5.64341
3.6654
5.69536
4.11176
1.80479
0.440217
1.63869
1.90741
2.41762
3.0708
1.71875
2.12687
1.79237
1.44747
1.59231
1.43478
1.13095
1.92708
1.62284
6.99627
1.90939
1.90873
1.7649
2.8498
2.69101
1.71805
1.6015
1.58203
2.52344
1.53791
1.65615
11.791
1.06646
1.84083
1.40458
2.58632
18.6306
2.28016
0.760736
1.37681
0.401361
1.39344
0.700288
1.16084
0.880435
1.2459
0.67341
1.23741
1.07006
11.9217
3.3049
1.41823
5.94796
2.90714
6.25551
1.53623
2.39077
1.67029
3.07798
1.12143
6.79125
2.99585
2.19651
1.41281
1.73856
2.68817
6.41339
4.42033
1.52419
1.91571
1.69397
1.55636
0.32398
1.15225
2.84066
3.98374
2.01278
2.83088
2.68803
1.79859
2.0738
2.14627
6.11818
2.60987
6.65734
3.93704
2.55224
1.73519
2.81071
1.31982
4.76471
3.50168
2.82432
1.8
1.55072
1.67521
2.66259
2.58333
3.0188
2.61538
5.83884
3.24898
4.23684
12.2
6.31138
2.12977
1.62651
0.966292
0.870968
1.90354
1.22977
1.616
1.69264
2.74043
1.43011
1.54392
4.16087
1.01105
2.88636
1.1506
1.68254
1.78846
2.92019
2.21642
4.18638
2.29817
0.989899
1.83537
3.01509
6.2445
4.99026
5.02326
6.06691
3.98283
1.82517
1.80586
2.4
7.53226
3.66667
4.07233
4.92908
1.53979
3.55833
2.14489
2.97248
2.58519
2.49288
8.1913
1.16854
2.36905
1.87069
0.627193
0.923345
0.780576
0.859259
0.865079
0.956835
1.81068
0.988679
1.18216
0.772152
0.797794
0.885496
1.19492
1.06881
0.987288
0.876404
6.7418
1.71237
3.29032
3.46181
3.5913
6.02672
11.4109
1.58333
0.875536
0.364662
1.28788
1.19355
1.24573
1.5045
1.93774
1.27074
0.84589
1.39781
1.50233
1.19919
1.29963
1.33696
1.8705
1.59507
1.98381
1.96053
7.5443
1.78392
1.61039
0.829412
1.375
1.53285
1.06597
1.2314
1.12537
2.12409
1.17905
1.9087
1.87781
2
2.11163
1.3254
1.54815
0.379121
3.25197
1.44211
1
0.910035
1.22066
1.29644
1.12712
1.74153
1.01027
1.00755
0.769841
0.985612
2.27778
2.06542
1.17105
1.09
0.863636
0.239796
1.98828
2.09507
3.0099
2.46441
2.30392
1.68385
1.37544
1.93496
1.72453
2.49215
1.1877
17.1234
32.9108
2.34195
3.38014
3.38991
9.35088
1.5296
1.73577
1.18
1.40948
1.56522
1.61667
1.09524
1.57377
1.71144
2.62452
2.42692
1.53879
1.26646
1.24138
7
4.12928
3.30405
2.12844
2.10169
5.05505
1.71923
4.35249
4.75714
2.12132
1.97865
0.346088
1.89352
2.64207
2.05738
2.40803
2.17518
1.63008
1.56401
2.18797
1.34713
1.14902
1.4
2.56122
1.68201
7.17871
3.08171
6.34677
2.78571
8.93429
1.17685
1.45854
2.76984
5.66981
1.29252
2.53571
1.76289
1.57143
1.85409
1.64948
1.83396
1.39615
0.768382
0.792982
0.911538
0.771218
1.02823
2.23922
3.623
2.06771
4.70356
2.58996
2.38462
7.02652
23.5
2.40909
1.81818
1.15849
1.43373
3.08824
2.2381
1.62319
1.1375
1.3875
1.41016
1.4652
1.70796
1.65217
0.357143
1.68373
2.57634
2.35842
2.64912
2.93382
2.5
3.31627
6.92373
1.36929
8.53659
2.5534
9.33585
3.6473
5.40511
40.7579
4.94286
2.52297
1.91497
2.17279
1.24085
2.13559
5.92424
1.79273
3.29719
1.10545
5.62903
7.28137
3.58159
2.54508
4.72491
2.50193
0.506303
0.747253
1.05769
1.14138
1.16608
0.951768
0.726688
0.858209
2.13478
0.765217
1.31985
1.15584
0.769231
0.934783
1.31496
1.52966
1.73016
2.74026
4.70536
4.60163
13.282
4.24739
10.5387
4.9381
7.22363
2.32636
3.70677
8.01075
16.8758
5.40637
3.852
2.14052
2.34106
3.63694
3.25177
16.5927
3.8459
4.61905
3.34959
5.30952
2.02882
8.69463
2.7953
8.3681
4.36015
1.5473
1.36059
3.02158
5.55593
14.8295
3.53488
2.03822
2.35185
1.6039
2.40226
0.932065
4.58261
5.8
9.53175
1.83186
1.83333
1.21402
0.639394
1.46875
3.54815
1.67398
2.64762
1.89121
3.58503
2.72034
2.28862
1.66038
0.28202
1.5885
0.978261
1.10458
2.13028
3.50329
2.01901
2.58667
5.51534
7.44144
10.7773
3.29904
3.26721
3.90977
3.45299
2.67647
8.2823
6.12917
2.23077
0.502143
2.24611
2.50813
4.23897
2.20455
3.90845
1.03134
1.46909
2.77559
2.08787
0.728571
0.821192
6.52471
1.24915
1.46959
1.04825
1.41667
0.807818
1.33333
1.28947
1.38559
1.23466
1.27341
4.7029
1.30464
2.61538
2.46575
1.92218
6.21181
1.94604
1.47584
1.23596
1.29474
1.47451
0.814136
1.16944
2.31048
1.32
1.48305
1.42692
1.01931
1.05776
1.30508
1.85652
1.06273
5.50323
1.12963
1.4083
1.50617
1.50542
1.41319
1.27305
1.80345
1.28521
2.32995
2.04511
1.7125
1.57466
1.2013
1.14286
1.51246
1.14024
7.00418
1.02194
1.09717
1.74375
1.2956
2.3694
1.52381
1.45847
2.2844
2.49367
1.97696
3.78277
2.12308
3.99576
0.585034
3.4214
3.61567
2.69737
5.4322
2.16484
4.76344
2.88272
1.78148
6.58824
1.67871
1.22222
1.08669
1.64062
2.01181
1.65108
1.21073
1.34127
4.53696
1.52703
1.66667
1.17563
1.3913
1.49117
6.97656
1.60741
4.32039
1.47706
1.85772
1.62963
3.92419
4.92963
11.2815
14.9718
0.86039
0.910959
0.713376
1.05738
1.13303
8.08042
2.48339
2.3937
1.32781
1.70297
1.3694
6.08681
1.37024
2.136
0.972222
1.27197
1.0609
1.30249
1.28358
1.67041
2.08209
1.53763
1.46008
1.41264
0.874564
3.30714
9.28175
3.32971
1.53361
1.40162
2.13115
2.11864
1.59184
1.78873
2.16157
2.43548
2.21812
1.11923
3.63946
1.42276
7.72378
1.86538
3.21033
3.35606
3.22383
7.83333
7.1541
13.1219
3.99672
2.22656
2.1102
2.17455
5.11966
3.4786
6.16912
9.60417
9.29412
1.84229
1.66803
1.99163
1.65278
1.63158
1.53125
6.07348
9.63636
1.44206
3.58249
7.23656
2.82775
1.33945
2.27863
5.68919
2.13929
2.43571
3.48062
0.886628
3.96587
3.57258
0.908654
0.774648
2.11667
15.0179
12.399
3.01538
6.14815
1.2052
1.11728
2.71324
2.85537
3.05639
3.88285
3.36032
1.21726
1.76978
35.4498
5.06875
2.00373
1.26609
0.780919
0.97417
1.04918
1.85664
0.818182
0.339286
0.869403
1.11905
1.10294
3.723
0.647436
1.2549
1.80315
1.71379
4.11894
26.9051
2.43279
4.76115
2.97491
2.41026
3.02583
2.61479
2.00743
1.52229
8.64552
2.36101
2.04779
2.95865
4.21073
2.79128
3.14902
3.1806
2.47009
2.61842
0.951493
0.680556
1.00341
0.344538
1.66667
1.49847
1.96491
2.15769
2.30894
1.39576
1.10448
1.85283
1.57634
1.36017
1.21154
0.861111
0.915858
0.861111
1.95259
7.7563
2.83735
0.900232
1.53462
1.42636
1.28
0.985507
1.23134
1.26429
0.834532
1.20949
1.23361
1.89552
3.12698
1.1637
1.32576
1.05263
0.920382
5.43252
1.47685
0.858182
2.73723
2.27574
1.88095
2.93515
9.39437
2.92793
3.48261
13.9864
2.68197
3.71805
2.63241
2.44528
5.1049
8.58472
13.3053
28.9844
2.01154
3.94495
25.0986
6.51456
2.47222
3.5
1.62865
2.70293
0.94382
1.72727
1.05556
6.41045
1.09259
1.03618
0.947183
1.53906
1.48913
1.38328
1.69811
2.26117
2.57993
2.84507
2.72575
1.8227
7.33129
14.4483
7.21875
1.29123
0.843284
1.20382
0.963265
1.43262
1.41322
1.50622
1.75573
4.39286
0.428571
2.40923
1.9507
2.41949
2.80242
5.31193
3.88235
1.3865
2.44371
5.58589
0.748512
4.58642
1.60458
1.68027
2.14932
1.81048
3.10455
2.86017
5.25
7.05607
2.86182
7.17982
12.9511
1.51157
8.13158
2.18671
2.85039
2.54671
1.55892
5.00664
3.17082
2.77485
2.64312
2.66544
4.84045
3.21591
0.954733
2.50411
2.16139
1.62931
1.52303
1.99157
1.58621
2.01695
1.78799
2.11278
7.50545
1.39368
1.49169
9.66667
4.9144
7.72177
2.71521
1.8625
5.87179
5.06589
3.01327
1.64062
1.29762
4.53381
4.88991
1.25
4.60504
15.0584
3.85821
4.21642
4.52294
4.9633
3.88636
3.57194
3.06149
8.36042
4.22609
3.67802
3.77358
0.839869
1.84762
1.05046
0.836806
1.15349
0.961538
1.11009
0.992126
1.10965
1.30222
1.09934
1.42857
0.717391
6.65637
2.07116
5.07895
1.91538
2.57087
2.02193
1.91104
1.07388
2.71429
2.41729
1.45419
1.13995
0.839286
1.34688
2.98983
5.53906
7.01835
1.80734
4.52294
3.00917
3.27523
2.58257
0.456044
1.64583
1.27935
3.88189
2.51625
2.00442
1.96825
1.66667
2.07047
1.33588
2.42899
2.02055
7.67068
1.82246
1.33712
1.93023
1.50215
1.82258
11.504
1.13793
1.42857
1.86891
2.10584
1.58871
1.62308
0.393669
1.98165
1.22188
0.893617
0.912052
1.58559
2.30667
1.22481
1.47692
2.49012
2.66825
2.02817
2.53488
1.81609
2.26797
0.689935
3.12044
2.77104
2.89347
4.09659
2.82482
3.14384
1.66534
1.80994
1.75746
0.375
1.5283
4.03279
2.25949
1.95699
2.19018
3.1147
3.81081
2.4202
4.51485
7.80567
2.03971
2.05959
9.62705
4.12791
4.352
3.14765
1.99231
2.25103
1.7037
0.25
4.9451
7.29279
11.0659
1.73016
1.66981
2.08304
3.11832
0.808271
3.6682
2.64189
2.44841
2.1558
0.639871
0.825758
1.04444
1.29302
1.07438
0.898305
0.721854
1.13808
1.10092
1.06723
0.861538
1.01961
6.08333
0.646552
0.946154
1.01333
0.808429
0.818182
2.60744
3.79775
1.84868
2.18182
1.69835
2.54753
1.50746
1.80769
1.62418
6.10438
2.1444
2.04294
1.68874
2.95223
4.22901
1.2057
1.38433
2.54185
1.66165
5.08368
2.71127
0.889456
1.54209
8.06419
10.3217
5.44578
3.25253
4.39407
0.63083
4.44558
3.92806
3.20065
2.21875
1.54264
0.977716
1.03292
1.52326
1.66534
2.15772
7.12109
2.20513
1.19081
0.92517
1.4037
3.615
2.27365
1.98182
1.35688
1.29412
2.35648
1.22881
0.794964
1.61594
1.5
0.814815
1.0602
7.57018
0.954545
1.02365
2.10544
1.48011
1.09038
1.22695
3.13095
2.41453
2.86555
2.21538
2.16342
1.17419
1.38525
2.09649
0.571429
1.37154
1.00709
1.29851
1.33681
2.32812
1.66038
3.34241
2.97426
1.33436
1.16864
5.25965
6.77617
1.89113
2.2
1.79661
1.21127
1.1223
1.45763
1.30508
1.35714
1.57895
2.78899
2.56604
2.39298
4.37795
12.7629
3.50382
4.01212
4.11032
2.67114
2.97255
1.72243
2.15652
3.23616
1.60317
1.59364
0.584286
6.14286
3.65414
1.68261
1.25591
1.02719
0.823944
1.06911
1.06224
1.2807
1.44444
1.12844
0.963504
9.54545
7.56977
2.52431
1.02905
1.0712
1.26545
1.04869
1.17407
1.196
2.0898
2.44105
3.65101
2.78169
0.758503
3.74704
2.27157
4.13194
5.01333
4.16142
1.9913
2.28571
1.40741
9.78462
5.18478
2.56034
2.55743
4.46847
2.1039
1.62162
1.93636
1.2953
2.01384
3.12057
2.40345
0.378571
0.954819
0.858238
1.0273
0.749153
0.973783
0.936842
1.06897
1.2406
0.778571
0.974265
1.03618
1.62963
1.64504
1.42069
1.32222
1.20513
0.972
7.54444
1.44531
2.10332
1.39333
1.07664
1.90351
1.47812
4.13084
2.00758
9.09063
19.3905
0.943894
1.30961
1.33333
4.49558
4.09677
4.70301
4.96907
4.69194
0.389423
2.48366
1.58268
1.34228
2.99569
0.838323
1.60265
1.53846
3.71605
3.16105
2.1162
3.03716
8.96774
2.29545
2.98964
2.86986
4.80317
3.34553
0.965636
1.51712
1.64539
1.48333
5.52023
1.58915
1.56667
1.52653
1.31206
1.3481
1.4741
1.59854
1.80519
1.39098
5.02482
5.58889
13.8039
2.55667
3.71074
3.34354
2.50735
8.58725
4.85338
5.08803
0.652094
0.918919
2.03081
3.2567
4.33486
2.12925
3.45627
4.05755
6.52252
14.8609
13.7448
2.61922
1.2972
1
1.3964
6.97458
1.02703
1.26407
1.25172
1.68636
1.6055
1.42202
1.12121
1.4187
2.00474
2.59603
4.72868
4.39796
3.012
7.31081
5.69307
1.13091
2.40566
1.10897
1.18349
1.73913
6.68539
4.85965
2.38356
11.3702
5.35987
1.53279
1.09848
1.42222
1.46269
3.09649
1.83945
1.80645
3.16972
2.93976
2.01361
8.7418
1.5771
3.16667
2.78369
2.0302
3.16197
3.97464
4.48536
3.86555
7.47484
2.92278
3.46591
3.54902
4.97071
4.13311
5.93372
13.965
23.4042
5.95608
4.84342
1.62857
6.38168
0.782609
1.13761
0.852459
1.14074
1.61538
0.857143
0.793893
0.976378
1.95872
1.03211
0.944882
2.73361
0.964143
0.959016
1.53676
1.59441
1.47619
2.59231
0.278912
2.16
0.760736
3.64912
4.52
2.37838
1.45918
3.37097
2.17544
1.5463
1.79478
1.80851
1.64474
6.57586
1.93056
1.30483
1.4
1.28228
1.42623
1
1.48846
1.06209
1.59554
2.11888
1.32031
1.32941
0.934932
1.75347
1.19938
0.513199
3.09524
4.19679
4.55738
3.01471
2.29795
2.912
5.05438
1.30526
1.41455
0.244898
1.06061
2.14047
3.46818
1.79791
1.39231
1.7377
1.43919
4.00444
2.03731
3.025
1.80995
3.54183
7.52414
2.52397
1.97628
3.39153
3.01805
1.7125
1.29808
2.6982
2.23551
2.15726
2.112
2.53241
2.59533
7.11832
2.87329
1.67577
2.91667
5.21661
4.96207
4.47925
2.82848
4.2607
6.9596
1.87261
0.914729
1.03704
1.02727
1.0123
0.99359
0.645062
0.809365
0.880952
1.1102
0.96789
0.833333
2.00599
0.773163
1.05085
1.28634
1.20283
0.708772
0.825175
1.47059
0.532526
2.58974
1.96594
3.05221
5.36713
3.92208
2.0418
2.68116
1.87671
0.989547
1.00826
0.244286
1.43066
2.50459
1.42361
1.42089
1.88235
2.51311
2.58559
1.87589
1.02542
0.882716
0.938356
1.14286
1.27869
1.01695
1.68966
0.303571
1.04207
1.00746
1.45
1.44672
2.03731
3.28235
3.12195
2.35897
1.28333
1.7459
1.12281
1.07692
1.59322
1.51376
1.71795
0.463624
2.84026
8.00446
3.70385
3.06842
2.65972
2.80471
1.75926
1.60821
9
2.93525
19.7671
18.7989
8.57534
0.292299
1.58357
1.36858
1.81081
1.02558
2.2933
4.3125
5.24576
5.23869
0.91
5.20645
7.42982
4.63077
6.5274
6.4781
8.37722
2.14488
3.6703
4.27869
6.59363
1.88372
2.89583
2.16308
1.56944
1.76341
7.86395
2.04333
3.64629
2.05328
1.97917
2.10294
1.7101
1.77407
1.38346
1.35223
1.83333
1.29134
1.2541
1.325
7.90079
2
1.85185
0.573066
2.01608
1.06993
1.16
0.864769
0.714286
0.699324
0.657534
1.1597
0.888889
1.51754
1.03271
0.754789
0.941176
2.42661
8.39453
5.44828
2.56494
1.39394
1.17647
1.50178
1.57308
1.2541
1.05085
0.875
1.08607
1.27642
1.02564
1.36585
2.26459
1.89041
5
1.40536
13.2567
11.0909
2.68326
1.17164
1.89732
1.23166
2.41176
0.245536
1.13274
0.921642
1.41924
1.09735
1.29032
0.856678
1.33569
1.73448
2.2287
0.835913
1.20702
2.11111
1.43443
1.27532
1.36709
1.98479
6.93773
1.5274
2.10741
2.20961
0.74734
1.16271
1.36431
1.43295
2.01639
1.5947
0.875399
1.46018
2.06222
1.35766
1.52768
1.48263
7.32258
1.83913
2.31868
1.73846
2.17241
1.89377
1.14599
1.84321
1
1.95872
1.89655
1.41824
1.10092
2.24407
3.08889
0.478084
2.36555
2.3871
2.40187
1.87417
2.35714
1.89796
1.58654
1.16975
0.961078
1.48872
2.27953
0.888199
1.30222
7.94064
1.5618
1.00641
0.852601
0.866856
1.51765
0.67713
0.922156
1.35714
6.40688
3.23429
2.03396
1.93962
1.37269
0.477444
1.27692
1.99216
2.58696
3.6705
5.5387
9.33333
7.58687
11.3902
0.98125
1.46284
1.6
1.63462
2.46284
2.08
2.63043
3.12017
2.23707
1.5
11.9384
3.62097
4.42396
3.79412
2.46364
3.80882
2.40927
1.77692
0.961538
1
1.12037
0.82963
0.836066
6.644
4.52537
3.97266
2.6
2.91901
1.21154
4.38208
2.85502
1.57295
1.37302
1.69381
2.59857
0.766582
2.27542
2.55556
30.2612
1.63587
7.03571
1.60965
1.60959
2.03226
0.855422
1.24138
4.36538
16.2594
4.81579
3.81544
2.30201
1.18841
1.08712
0.802239
1.54639
1.00862
1.49541
0.794702
1.28814
2.5431
6.58478
0.733974
2.11111
2.16372
2.03667
0.985401
0.979644
1.49007
1.59542
0.956349
1.48148
1.76271
1.91743
1.25688
1.91743
1.54128
2.09174
0.667989
0.921708
3.21603
6.91346
1.84871
4.28448
2.01316
1.29434
2.88372
0.990228
1.06884
0.239286
2.25862
2.52703
3.23413
7.40367
6.88492
1.84932
1.60938
2.00345
2.39273
8.19831
1.38908
2.93487
2.47552
1.93727
2.62662
6.98392
9.96859
11.0936
6.625
4.14828
10.0565
4.64773
6.92722
8.69286
1.80797
3.80078
1.36721
4.25664
3.90234
0.931655
4.90254
5.1521
3.18182
0.527381
3.71154
2
1.76812
1.68051
2.25896
3.67148
30.372
3.86809
2.21091
2.6875
1.55422
0.724739
0.686901
1.33566
0.993808
1.21074
1.23922
1.02593
0.391582
0.922078
1.00303
0.932836
1.164
1.38278
1
1.01399
1.444
1.3242
1.76
1.43119
1.5199
1.54575
1.91255
1.23664
0.988506
6.54717
2.0223
5.20408
5.16129
3.13134
13.1887
7.868
5.92661
3.20084
2.94882
2.19831
1.87248
3.35685
4.04815
7.45149
14.6373
12.5539
14.118
8.42574
7.35145
16.8535
7.03817
1.40295
7.3442
1.75667
1.48182
0.954048
0.865462
1.36695
1.59626
0.560516
2.28169
3.34426
6.63636
1.00787
1.34328
2.2043
1.61986
4.38558
2.54054
8.26351
3.68471
2.40996
2.28873
2.86842
6.98944
17.9034
2.35216
2.1746
9.284
5.26695
6.41489
3.03876
2.27365
9.32018
4.19903
2.34188
2.75362
3.60902
3.21862
1.95652
1.77524
1.20307
1.47656
1.52232
6.21094
0.142102
1.1875
0.89557
1.57658
0.996364
6.53982
1.94915
5.76923
1.5619
1.645
1.3777
0.846975
1.18382
1.47887
1.53876
6.69048
1.47773
1.10169
1.033
1.25581
1.10676
2.51636
1.24026
2.43644
0.783784
1.33071
1.02542
1.30508
2.17329
2.42972
2.15126
1.23438
7.61712
1.73401
2.33456
5.74146
2.16226
3.77165
4.14015
2.725
7.11957
2.26022
7.81423
0.754717
1.76423
2.64127
0.813505
1.66545
2.05505
1.3945
1.11475
2.12844
1.54128
1.18349
0.992126
1.91571
2.08368
2.30603
6.88406
2.5689
2.88106
1.93624
1.89399
1.63636
1.65172
2.35955
1.46575
1.32283
1.70563
1.71674
1.332
1.10989
1.52191
1.8436
6.52985
1.09756
0.990654
0.923841
1.1259
1.38683
2.62963
3.27848
3.72691
2.82192
3.98471
3.25796
8.69079
1.21654
0.984848
1.756
1.47
2.73333
2.53817
2.13704
1.57588
1.84722
1.62185
1.55952
1.26557
2.13402
0.274725
0.932515
11.1928
5.70629
3.57857
4.25581
1.66304
18.8378
6.53623
2.88065
0.851429
1.03321
1.31746
1.251
1.50336
1.52713
1.86286
1.02069
1.33775
0.459184
1.375
2.21583
3.05603
1.60727
1.93233
3.02303
1.16917
8.14191
6.33784
10.2059
6.31716
8.92105
10.9258
6.42807
8.76289
8.63137
5.02214
0.390604
3.103
7.54121
4.48993
0.906755
3.65141
2.71104
4.85971
6.38911
4.08696
4.66192
10.3234
4.12195
4.90204
2.1037
2.44718
3.33333
7.25296
3.35821
20.0248
6.64384
3.40523
11.7115
10.2604
5.39597
2.00346
1.8677
1.56667
1.26207
1.62389
2.23858
1.26712
1.88158
2.43007
7.04132
1.61803
0.5125
4.01007
3.49245
2.05172
5.06061
1.22926
6.65862
8.7608
4.27899
6.16897
5.728
1.328
4.52564
2.57787
4.35484
85.1279
236.721
120.458
528.46
292.884
1.95251
6.15766
7.93962
2.07692
2.41364
7.2482
2.0979
1.97857
1.44444
0.711039
1.44706
1.24345
2.12308
1.92029
1.32203
7.90826
0.837696
2.98246
2.08451
2.12195
2.10169
6.91468
8.77143
6.18474
5
0.65873
1.29747
2.08077
1.37102
2.76555
1.22568
0.933544
1.27854
1.5697
1.19286
1.35556
1.30741
1.19915
1.18725
0.996032
2.68651
7.80259
2.95865
2.32698
2.33333
3.625
1.73567
1.11765
2.10863
11.7659
10.6441
5.78601
4.15686
