1.53704
1.46552
1.58993
1.74603
1.5119
1.34603
1.6791
0.355655
1.75397
1.42321
1.17442
1.52174
1.42446
1.44371
1.61364
1.6791
1.90984
1.41549
1.38776
1.57246
1.74242
1.87288
7.33333
1.71324
1.9814
1.69776
1.40134
1.4964
1.47826
1.56643
1.61475
1.17197
1.35583
1.75397
1.78571
1.72574
1.51827
1.51273
6.57836
1.22468
1.42718
2.17757
1.65441
1.97034
2.13559
1.29688
1.54828
1.78541
1.59727
1.65
1.62313
1.90233
1.45399
1.95413
6.96642
1.4
1.33333
1.52239
1.66901
1.62403
1.53357
1.82308
1.73394
1.27097
1.46358
1.86905
1.67159
1.34875
1.33333
1.6791
0.292328
1.69444
1.44275
1.84328
1.91342
1.85169
1.47292
1.26101
1.56849
1.93644
2.16525
1.17889
1.18182
1.42945
1.79825
6.52381
1.28696
1.5873
1.47635
1.50923
1.49296
1.6194
1.9098
1.83772
1.44518
1.57934
1.53358
1.42708
1.8254
1.87069
1.26861
6.30795
1.81106
1.30723
1.75397
1.56
1.51125
1.89474
1.64231
1.80723
1.5057
1.44186
1.64074
1.54331
1.42466
1.56475
1.66412
0.263889
1.46732
2.15566
1.5942
1.73413
1.24286
1.35849
1.46939
1.60769
1.39706
1.53691
1.9322
1.91949
2.10698
1.44444
6.01307
1.28521
1.31157
1.45339
1.17052
1.59011
1.84836
1.66667
1.47333
1.69048
1.44649
1.29934
1.39672
1.61154
1.57091
1.41111
5.7044
1.86842
1.6
1.61268
2.2161
1.3322
1.1746
1.44025
1.94068
1.97458
1.85047
1.37662
1.64748
1.86441
1.60714
1.3887
6.40502
1.06742
1.35032
1.48889
1.22876
1.34194
1.55396
1.76923
1.81702
1.46014
1.42034
1.52574
1.43885
1.55137
2.15814
1.79762
0.408163
1.56115
1.58077
1.68462
1.37676
1.35831
1.68841
2
2.15254
1.37898
1.39104
1.53061
1.86441
1.73413
1.35052
5.89
1.12174
1.48601
1.53623
1.69776
2.15179
1.36027
1.50333
1.47635
1.64
1.35932
1.64085
1.80508
1.72593
1.90678
1.41667
0.426786
1.47826
1.48551
1.55634
1.63492
1.32857
1.42236
1.86441
1.7619
1.57519
1.4386
1.56794
1.80328
1.75203
1.48276
6.89531
1.6391
1.7
1.6627
1.47917
1.41844
1.4966
1.57143
1.50166
1.3689
1.70492
1.57664
1.41825
1.33025
1.76991
1.29193
6.47826
1.73214
1.5259
1.34603
2.17209
1.46735
1.50769
1.46667
1.71429
1.23344
1.21753
1.34177
1.64925
1.62302
1.36667
1.37049
7.41797
1.54217
1.94805
1.34277
1.64014
1.92982
1.7
1.73016
1.47584
1.22259
1.44516
1.93033
2.15741
1.35443
1.78358
8.1886
1.63028
1.97674
1.46667
1.68651
1.43929
1.12883
1.40881
1.7418
1.29538
1.784
1.47651
2.03571
1.65942
1.83898
1.56489
6.1958
1.18966
1.34737
1.53289
1.96491
2.20755
1.77903
1.73507
1.5784
1.6831
1.93636
1.65926
1.95763
1.23171
1.45205
6.81111
1.64338
2.16055
1.55439
1.48754
1.42953
1.66667
1.87879
1.63846
1.55678
1.64925
1.68033
1.56522
1.64179
1.7377
1.45926
6.53047
1.57544
1.74242
1.55556
1.26984
1.45205
1.55224
1.60145
1.7619
1.53125
1.47183
1.58273
1.73413
2.11211
1.5034
1.72222
6.86538
1.12948
1.51049
1.35849
1.41104
2.22768
1.93233
1.56794
1.53435
1.40559
1.37075
1.45118
1.55385
1.38889
1.5137
1.80556
0.281085
1.32107
1.3
1.5189
1.77778
1.72541
2.16
1.44013
1.74016
1.77083
1.49296
1.90873
1.31922
1.22109
1.25444
7.06923
1.57534
1.97222
1.41497
1.34783
1.38562
1.51408
1.27243
1.14943
1.6014
1.92797
2.45238
1.2236
1.3539
1.52518
2.01878
5.46951
1.37421
2.0186
1.33446
1.26984
1.46939
1.74603
2.31628
1.69767
1.53791
1.45205
1.59328
1.37187
1.51546
1.48772
1.5493
0.255952
1.42532
1.75349
1.09195
1.40127
1.75397
1.47619
1.19077
1.48454
1.66154
1.63846
1.56667
1.58801
1.53623
1.6306
6.65371
1.58065
1.55849
1.50171
1.61508
1.38
1.38849
1.23179
1.38037
1.41722
1.46763
1.52113
1.80916
2.02752
1.78175
1.52303
7.29796
1.18824
1.3961
1.57621
1.52239
1.65734
1.73305
1.30903
1.34194
1.64925
1.5873
1.54054
1.47368
1.24367
1.54225
1.64576
0.394558
1.30282
1.41641
2.09211
2.2186
1.40339
1.27576
1.64664
1.88532
1.46575
1.57554
1.74615
1.42268
1.45695
1.78571
7.89407
1.9375
1.42517
1.41343
1.4702
1.72308
1.63095
1.48377
1.36187
1.5119
1.80952
1.65164
1.3612
1.43243
1.61194
1.70992
0.315714
1.51712
1.625
1.54639
1.77778
1.37153
1.35161
1.70896
1.97034
2.16102
1.50654
1.98739
1.43385
1.79386
1.26646
8.29148
1.17135
1.56794
1.43158
1.49296
1.6194
1.60839
1.25497
1.38835
1.59341
1.71538
1.67213
1.48944
1.25449
1.70385
1.68908
0.381494
1.3741
1.40717
1.6
1.54348
1.91538
2.08372
1.65942
1.93119
1.58182
1.54815
1.41727
1.49338
1.46032
1.26829
1.62681
0.331845
1.61268
1.68644
1.36
1.52817
1.94393
1.35802
1.71053
1.28617
1.55782
1.94068
1.83898
1.7582
1.39577
1.89545
5.67089
1.42345
1.90987
1.18261
2.23585
1.3771
1.36306
1.53737
1.72761
1.98592
1.32534
1.31596
1.45238
1.63569
1.74206
1.69847
8.80841
1.84519
1.60507
1.81746
1.33446
1.42384
1.54182
1.64179
1.71825
1.50735
1.40845
1.5411
1.7377
1.29097
1.71025
1.89683
0.416964
1.39731
1.51389
1.66923
1.71756
1.8189
1.43885
1.56849
1.96186
1.98298
1.43945
1.42657
1.65942
1.66102
1.4375
5.81188
1.21379
1.23596
1.87698
1.56923
1.35052
1.58803
1.95492
2.05046
1.78746
2.08333
1.5036
1.64925
2.05882
1.56044
1.46269
5.86735
1.22527
1.57895
1.58156
1.43103
1.37906
1.25455
1.48601
1.62313
1.23636
1.64085
1.91441
1.54745
1.66923
1.74809
7.65462
1.55109
1.42553
2.3945
1.70763
1.25333
1.24214
1.44482
1.7
1.75
1.87013
1.59589
2.01754
1.98174
1.65672
1.13636
6.45126
1.37975
1.72414
1.36076
1.41573
1.44304
2.04237
1.75403
1.63669
1.67782
1.28344
1.49498
1.97458
1.87705
1.85169
1.40397
6.42857
1.16573
2.51174
1.34259
2.14798
1.16099
1.31464
1.90299
2.18571
1.59836
1.32899
1.5493
1.86475
1.56667
1.4539
1.5942
0.255291
1.50323
1.79661
2.06276
1.61157
1.56333
1.93023
1.40203
1.28223
1.44025
1.83051
2.19725
1.83794
1.67391
1.53704
6.37282
1.2847
1.40566
2.11268
1.31095
1.14198
1.34839
1.63799
1.89011
1.71264
1.39437
1.64234
1.8252
1.64474
1.71818
1.32164
8.44828
1.63934
1.4321
1.46906
1.55224
1.64179
1.4246
1.19512
1.14696
1.42727
1.8169
1.37975
1.67669
1.82937
1.38462
1.30464
0.259259
1.41333
1.6963
1.83898
1.59756
1.36893
2.21778
1.63333
1.5
1.57724
1.39355
1.66154
1.69084
1.99142
1.75847
6.23311
1.76316
1.95775
1.14286
1.33333
1.69231
1.75397
1.89683
1.66216
1.31077
1.57037
1.46296
1.44728
1.67742
1.47945
1.48462
5.9769
1.73462
1.41923
1.34718
2
1.55326
1.50558
1.45638
1.42435
1.27575
1.39643
1.49502
1.53061
1.55172
1.68504
1.6963
8.11017
1.46125
1.28155
1.39465
1.48561
1.6
1.69841
1.72628
2.05505
1.58451
1.7459
1.6875
1.72807
1.24503
1.42581
1.8254
0.345536
1.04948
1.35099
1.6963
1.77119
1.20118
1.275
1.5493
1.72222
1.71311
1.27723
1.4
1.65217
1.90351
1.62593
6.73978
1.45118
1.87946
1.38047
1.53846
1.82787
2.1234
1.70817
1.49638
1.59589
1.86842
2.30698
1.78423
1.65543
1.73077
1.90873
9.04225
1.69828
1.23701
1.40575
1.79365
1.88559
1.58779
1.37319
1.32258
1.52222
1.5942
1.94444
1.33333
1.22648
1.53896
2.05909
0.270408
1.53497
1.27451
1.55333
1.96491
1.63095
1.33333
1.13609
1.56164
1.76587
2.23502
1.60443
1.78298
1.47735
1.64706
7.63525
1.37828
1.29012
1.56746
1.35669
1.96364
1.17572
1.30818
1.69403
2.07009
1.48328
1.40461
1.52239
1.49638
1.5193
1.50373
6.09864
1.42282
1.70896
2.3578
1.58647
1.5
1.60915
2.04237
1.81651
1.48525
1.73171
1.56044
1.52206
1.76087
2.04386
2.14474
0.427679
1.0708
1.36499
1.97807
1.73016
1.68077
1.72868
1.45296
1.41852
1.41611
1.5036
1.63855
1.52
1.91102
1.47351
5.49379
1.20376
1.39873
1.52778
1.36601
1.67247
1.84681
1.26224
1.42945
1.96491
1.79098
1.37748
1.3986
1.49296
1.64925
1.60317
5.9967
1.6129
2.02273
1.79297
2.1308
1.30769
1.22903
1.44156
1.46763
1.41356
1.50362
1.51064
1.52985
1.44755
1.32119
1.31803
0.340136
1.22353
1.57246
1.77099
1.64629
1.37662
1.64179
1.78571
1.68033
1.57292
1.96356
1.68165
2
1.64552
1.16223
6.62319
1.39667
1.38028
1.50342
2.17209
1.6791
1.60169
1.25234
1.77778
1.79008
1.34295
1.44257
1.48571
1.55396
1.84836
1.30435
0.30506
1.32278
1.48339
1.61649
1.62369
2.47059
1.81091
1.42215
1.36842
1.57463
1.48043
1.52536
1.54909
1.6306
2.06047
6.45804
1.6015
1.74603
1.53004
1.6129
2.04587
1.57246
1.73016
1.46212
1.20779
1.42236
1.99153
1.68401
1.69625
2.2823
1.47917
0.324675
1.33721
1.90678
1.82787
1.64961
1.35125
1.44304
2.07627
1.3125
1.58362
1.89956
1.59041
1.28521
1.21362
1.2
5.82595
1.46897
1.52963
1.5583
1.92727
1.34194
1.53358
1.175
1.41438
1.37544
1.50329
1.61053
1.44118
1.43709
1.57252
1.49819
8.4633
1.53642
1.82114
1.77778
1.6822
1.44156
1.29664
1.64179
1.62302
2.02242
1.3377
1.58451
2.11441
1.39073
1.40741
1.55036
0.272487
1.5471
1.48889
1.52857
1.46233
1.65543
1.68254
1.97458
1.90308
1.43151
1.62963
1.78968
1.84252
2.25
1.82759
6.54348
1.47405
1.64615
1.31111
1.33041
2.34742
2.1659
1.55556
1.72222
1.99153
2.19159
1.93488
1.42857
2
1.99554
1.32394
5.76452
1.48052
1.68321
1.39617
1.46617
1.63636
1.48846
1.43974
1.45238
1.3642
1.75
1.32323
1.48701
2.12844
1.80328
1.80328
0.318994
1.34451
1.54098
2.15741
1.4
1.41333
1.6
1.78462
1.64407
1.44966
1.69231
1.75397
2.09174
1.46768
1.22293
1.5034
0.274471
1.65091
1.80349
1.27273
1.48344
1.7541
2.22936
1.55401
1.79365
1.75191
2.03814
1.52613
1.1543
1.40717
1.69231
8.02459
2.08182
2.06075
1.39726
1.5493
1.74603
1.61905
1.42606
1.64769
1.22115
1.39355
1.75385
2.07627
1.77395
1.58779
1.42466
0.238095
1.32335
1.77778
1.77869
1.27329
1.87288
1.75
1.63821
1.25333
1.40881
2.04098
2.2093
1.55556
2.03509
1.51111
6.26573
1.39873
1.76518
1.45638
1.52593
1.29167
1.42236
2.04661
2.0045
1.67986
2
1.48201
1.29474
1.30061
1.5
1.38489
6.27213
1.71311
2.34081
1.94495
1.4726
1.50877
1.37621
1.55634
1.95142
1.90496
2.01826
1.36531
1.3179
1.55224
1.58273
1.79762
0.259259
1.47712
1.50316
1.9386
1.92373
2.15668
2.23394
1.65854
1.38356
1.47887
1.51049
1.52308
1.30667
1.52381
1.82787
5.77707
1.31835
1.13661
1.35943
1.33439
1.69231
1.98
1.49248
1.26582
1.26712
1.42581
1.65873
1.41754
1.23659
1.61224
1.88073
6.47101
1.11932
1.43082
1.79528
1.91949
1.63899
1.4589
1.51799
1.61151
1.95902
2.03571
1.6092
1.53623
1.62963
1.8178
1.5922
0.430357
1.47059
1.61224
1.94495
1.68519
1.90991
1.45205
1.6
1.50719
1.6259
1.79762
1.60219
1.54307
1.48252
1.76806
4.5075
1.21159
1.37234
1.26452
1.37
1.66906
2.27907
2.09302
2.02174
1.89925
2.01688
1.54874
1.51429
1.44928
1.5034
1.68254
0.254121
1.23118
1.61842
1.41584
1.90041
1.9322
2.02469
2.0524
1.38535
1.71324
1.91743
1.6162
1.78814
1.98624
1.60274
2.26606
0.277778
1.57343
1.72881
1.5034
1.78571
1.75
2.16822
1.65942
1.87288
1.70238
1.36156
1.45522
1.35526
1.71691
1.97967
7.54321
1.43986
1.49823
1.73077
1.75
1.53731
1.49296
1.75
2.13023
1.71595
1.46014
1.36774
1.67164
1.97034
1.20977
1.20235
0.326531
1.20879
1.68651
1.57143
1.73234
1.94907
1.52145
1.78992
1.64179
1.62205
1.47213
1.33788
1.39726
1.47183
2.18009
1.1732
0.275132
0.946309
1.76033
1.6
2.46364
1.97273
1.7026
1.90678
1.71138
1.49129
1.38562
1.6791
1.83898
1.49329
2.20961
8.74766
1.55769
1.42953
1.82692
2.02752
1.62698
1.30314
1.26316
1.48951
1.79087
2.26339
1.46497
1.48754
1.73016
0.985207
1.55333
0.24426
1.19745
1.38924
1.88479
1.3642
2.02119
2.36916
2.13825
2.07627
1.37304
2.18519
1.55882
1.67164
1.99576
1.75591
6.41667
1.44304
1.90254
1.25449
1.48421
1.73022
2.28899
1.18033
1.32335
1.51587
1.41639
1.58582
1.22118
1.48973
1.52672
1.37
0.389456
1.34014
1.24503
1.52667
1.92982
1.34177
1.76866
2.10092
2.13158
1.63514
1.28308
1.6014
1.86441
1.79762
1.86066
1.2774
0.30291
1.72368
1.5137
1.50794
1.33438
1.70896
1.88559
1.50526
1.43366
1.38514
1.42657
1.42963
1.28479
1.1461
1.2924
8.44954
1.71698
1.56014
1.88688
1.37748
1.65942
1.89407
1.78571
1.89238
1.22222
1.54448
1.34839
1.64029
1.69068
1.33654
1.42955
6.6831
1.6746
1.7782
1.95327
1.40397
1.51812
1.58955
1.52365
1.72441
1.53846
1.5137
2.01271
2.25806
2.0393
1.13946
1.15819
0.522059
1.58203
1.6044
1.5614
1.48239
1.43369
1.5137
1.94915
1.30678
1.52222
1.38596
1.4965
1.66914
1.80488
1.46154
7.32218
1.78723
2.05189
1.06349
1.38487
1.57295
1.6746
1.3935
1.28344
1.37063
1.46667
2.24771
1.77523
1.24272
1.30667
1.56954
8.33945
1.44599
1.37457
1.53994
1.99083
1.46923
1.48039
2.03879
1.9095
1.38462
1.16832
1.27566
1.84861
1.90678
1.74576
1.44718
6.26298
1.50658
1.59649
1.31677
1.42537
1.31646
1.5942
1.75
1.92982
1.52817
1.74603
1.74603
1.60769
2.20087
2.25352
1.48727
6.51408
1.77381
1.71542
1.76154
2.31193
1.64179
1.41447
1.53597
1.6194
1.43893
1.30183
1.64925
1.7126
1.41617
1.89831
1.86885
0.299603
2.25234
1.52069
1.54406
1.44918
1.54762
1.48013
1.81148
1.81746
1.94495
1.53358
1.35374
1.2987
1.40845
1.61151
7.54508
1.4214
1.46429
1.29664
1.69403
1.80932
2.09865
1.60993
1.61871
2.30734
1.73239
1.95473
1.34185
1.36232
1.44025
1.6822
0.383185
1.68592
1.70769
1.70866
1.92969
2.37615
1.97255
1.27143
1.25
1.72222
1.33103
1.41509
1.71721
1.62007
1.94737
7.52964
1.18
1.39007
1.45
1.63077
1.68266
1.41016
1.33533
2.22321
1.90826
1.56884
1.75391
1.5583
1.59643
1.21726
6.31164
1.80228
1.77049
1.53175
1.1871
1.40854
1.85268
1.3007
1.49673
2.02966
2.06639
1.3099
1.40351
1.42177
1.62593
1.86192
6.06463
1.61217
1.3179
1.55422
1.37975
1.97211
1.77273
1.62105
1.7623
1.67164
1.73361
1.47902
1.279
1.5493
1.68254
2.1784
0.268601
1.38507
1.76154
1.81557
1.76378
1.51761
1.5539
1.53237
1.44361
1.41935
1.60072
1.46207
1.68284
1.80258
1.55986
8.02954
1.92647
2.48165
2.21395
1.76587
1.92275
1.30088
1.54307
1.34277
1.69517
2
1.55336
1.29781
1.3557
1.4966
1.76587
0.285
1.16199
1.2819
1.58462
2.15668
1.46259
1.5
1.55634
2.13761
1.81356
1.82332
1.40476
1.54704
2.25926
1.77542
1.42014
0.26455
1.45578
1.37638
1.34985
1.71756
1.59449
1.46939
1.52899
1.55396
1.5188
1.61224
2.08257
1.81818
1.40909
1.68077
7.74486
1.58451
1.50502
1.74803
1.72222
1.50397
1.30818
1.50725
1.60448
2.10345
1.70866
1.52941
1.43478
1.50662
1.31366
1.81818
0.275714
1.3
2.19556
1.86207
1.69776
1.96889
1.73881
2.22477
2.09259
1.54093
1.48399
1.56028
1.91949
1.3913
1.59524
1.94805
0.248677
1.26582
1.54895
2.24885
1.47518
1.48789
1.5493
1.68254
1.55952
1.5817
1.48754
1.33333
1.5034
1.6627
1.5625
8.37963
1.13707
1.59016
2.03493
1.88136
1.39405
1.26316
1.5493
1.89683
1.94419
1.57037
1.57746
2.12288
2.23246
1.92641
1.69118
6.77174
1.41724
1.49821
1.57143
1.91102
1.52033
1.28793
1.65217
2.13208
1.51237
1.20845
1.43478
1.30178
1.73361
1.66791
6.3069
1.43066
1.47333
1.80556
1.45296
1.2623
1.39355
1.83607
1.77381
2.08297
2.0678
1.84016
1.94595
1.49296
1.64925
1.65079
6.391
1.24567
1.43354
2.15814
1.71429
1.73864
2
1.6791
2.08257
1.35505
1.70504
2.01364
1.80709
1.87719
1.58209
1.56343
6.83582
1.18405
1.49038
1.71937
1.65854
1.33333
1.52381
1.94262
1.92202
1.51429
1.7
1.69048
1.5963
1.32595
1.34932
1.47682
0.34747
2.11521
1.50352
1.52239
1.61268
2.02542
1.49831
1.63958
1.23123
1.61871
1.53659
1.42581
1.69048
1.62698
1.27103
6.39456
1.70149
1.75
1.55477
1.30702
1.6875
1.6
1.51812
1.48921
1.51748
1.73228
1.65672
1.48264
1.68382
1.86441
1.79528
7.86441
1.27914
1.77119
1.45455
1.61194
1.65476
2.36842
1.38112
1.2911
1.44304
1.7839
1.37861
1.712
1.63441
1.81148
1.62302
0.277778
1.78926
1.43226
2.39623
1.6
1.48052
2.07203
1.94884
1.41914
1.59707
1.52692
1.36667
1.34507
1.58803
1.62319
7.15748
1.603
1.14286
1.19149
1.44218
1.64179
1.86508
1.36519
1.34667
1.6069
1.80263
1.57343
1.76016
2.3066
1.55926
2.08531
5.65506
1.46667
1.65873
1.59328
1.33948
1.23867
1.56338
1.8125
1.64074
1.7126
1.65
2.53488
1.25723
1.24085
1.55479
2.12844
0.431973
1.76423
1.52941
1.61871
1.83475
1.76587
1.53309
1.5089
1.64925
1.74603
1.71032
1.50735
1.41216
1.58993
1.38514
6.40767
1.47059
1.57746
1.75397
1.82812
1.45424
1.21
1.29586
1.66154
1.62308
1.41264
1.4717
2.03509
1.68559
1.55944
2.24766
7.5121
1.64966
1.31325
1.58148
2.08368
2.04128
2.11927
2.09829
1.87281
1.54815
1.48311
1.47931
1.54286
1.54074
1.66304
2.04608
0.409014
1.40299
1.58
2.05505
1.75794
1.67323
1.44762
1.37618
1.44838
1.09589
1.5137
1.90164
1.46909
1.33333
1.40397
7.16154
1.29245
2.07692
1.43046
1.66923
2
2.13983
2.05556
1.33871
1.47902
1.24921
1.43522
1.48462
1.42857
1.73016
1.59122
0.281746
1.6129
1.94915
1.63077
1.82308
1.34909
1.34194
1.58993
1.77778
2.02459
1.64643
1.9176
1.45423
1.51495
1.86404
6.21377
1.00465
1.73016
1.25926
1.4472
1.88073
1.36395
1.45578
1.46642
1.37838
1.52817
1.7623
1.60219
1.77869
1.63846
1.64179
0.388605
1.31579
1.45205
1.6306
1.82955
1.53986
1.18499
1.73741
1.94037
1.66543
1.73881
1.76316
1.57343
1.82895
1.44755
6.43262
1.3012
1.66154
1.70635
1.49466
1.61278
1.61029
1.45205
1.69776
1.34125
1.67886
1.49104
1.64029
1.80508
1.58803
1.68905
0.361429
1.57664
1.46713
1.6791
1.77869
1.50331
1.43262
1.28105
1.40968
2.50698
1.78571
1.57338
1.86404
1.5
1.56272
7.13027
1.57692
1.39355
1.73077
1.82377
1.59524
1.27458
1.3481
1.36567
1.25301
1.57246
1.80932
1.48889
1.20482
1.47619
1.74603
7.31746
1.34091
1.3986
1.58451
1.84836
2
1.89831
1.36525
1.35583
1.62698
1.675
1.95349
1.48571
1.49275
1.40351
1.27551
5.76176
1.34084
1.5942
1.82377
1.92166
1.4026
1.50725
1.54348
1.62731
1.29431
1.25926
1.56643
1.64754
1.62324
1.66393
1.48973
0.29828
1.97899
2.11483
1.46377
1.47872
1.53082
2.38967
1.85841
1.49045
2.17937
1.83486
1.47619
1.68846
1.60148
1.78175
8.2027
1.39373
1.38344
1.90574
1.17665
1.37248
1.43151
1.80843
1.3838
1.26667
1.46844
1.81746
1.88136
1.62712
1.52
1.76271
6.48921
1.41549
1.47682
2.07798
1.46479
1.63043
1.55556
1.36601
1.30392
1.35505
1.65217
1.85593
1.4
1.33956
1.17857
1.34639
0.376786
1.26852
1.04101
1.51634
1.75862
1.43945
1.63043
1.88136
1.42708
1.52349
1.41993
1.28358
1.59732
1.36897
1.44
6.65672
1.37072
1.82937
1.64681
1.32911
1.50538
1.63504
1.71825
1.40635
1.7619
1.65098
1.28819
1.41486
1.88136
1.7563
1.21959
5.43574
1.17196
1.95708
1.71429
1.46947
1.36218
1.73438
1.53846
1.3537
1.24691
1.45455
1.63043
1.86441
1.52055
1.33553
1.5034
0.367347
1.44805
1.3299
1.18154
1.50323
1.96186
2.06278
1.55085
1.26061
1.63043
1.80328
1.65476
1.51408
1.58303
1.05489
5.89542
1.54248
1.54365
1.41176
1.65217
1.94915
1.42662
1.55667
2.04566
1.58209
1.5754
1.46006
2.277
1.55508
1.375
2.02765
6.72535
2.19355
1.5
1.09012
1.13313
1.33739
1.74603
1.52921
1.35922
1.57143
1.72619
2.15349
1.58621
1.71429
1.68702
7.27778
1.69202
1.45683
1.41176
1.29225
1.1994
1.57651
2.447
1.62673
1.31045
1.44056
1.48252
1.52239
1.47569
1.56716
1.42857
6.25
1.82308
1.97881
1.82895
1.58451
2.16972
1.79032
1.58224
1.70833
1.42484
1.59524
1.24315
1.35629
1.78761
1.65068
2.09174
7.72314
1.68077
1.47468
1.82456
1.60145
1.8373
1.44483
1.3662
1.5
1.96567
1.68702
1.85714
1.77612
1.78652
1.44558
1.61194
0.280423
1.58209
1.7218
1.49576
1.2994
1.76984
1.62046
1.82042
1.80932
1.60595
1.7
2.13924
1.43564
1.63838
1.80952
7.99153
1.39161
1.51418
1.54348
1.42279
1.29032
1.53401
1.90041
1.57787
1.23708
1.45486
1.59783
1.21549
1.31579
1.85246
1.65854
0.423469
1.67063
1.64727
1.71674
1.25215
2.25346
1.64706
1.5942
1.7377
1.32298
1.29394
1.58955
1.88532
1.38437
1.75397
8.55963
1.80608
2.15566
2.0125
1.87705
1.8578
1.63279
1.32432
1.38667
1.48881
1.58194
1.24024
1.48252
1.59712
2.36697
2.12385
7.71967
1.26974
1.42857
1.63095
1.45423
1.58099
1.78599
1.53791
1.54909
1.4854
1.46441
1.75
1.69636
1.12913
1.38365
1.78689
0.262566
1.29836
1.56207
1.4433
1.88889
1.58271
1.87156
1.32335
1.75397
1.55952
1.46667
1.7012
1.70896
1.93644
2.11017
5.9316
1.51211
2.16822
1.42466
1.53261
1.13166
1.22523
1.6014
1.89831
1.99576
1.53521
1.7
1.71721
1.53901
2.37383
1.71053
7.0597
1.79661
1.41697
1.47742
1.67797
1.39456
1.57343
2.06557
1.49286
1.47119
1.29893
1.19648
1.4589
1.52381
1.37419
1.44948
0.408929
1.39726
1.73507
2.11441
1.95652
1.50526
1.90551
1.94037
1.73626
1.97807
2.15909
2.26291
1.63529
1.45324
1.57241
7.85593
1.66165
1.46863
1.29293
1.4
1.59921
1.81343
1.66372
1.38994
1.77778
1.99576
2.38462
1.94495
1.58955
1.55351
1.4781
6.09864
1.28621
1.28116
1.67803
1.7619
1.22222
1.25449
1.67925
2.45581
1.85882
1.98673
1.50179
1.73563
1.76772
1.54676
1.81933
6.16609
1.2191
2.06132
1.40064
1.44231
1.28125
1.46154
1.55396
1.75379
1.9292
1.65809
1.64062
1.35252
1.44156
1.84127
1.68908
0.391917
1.37952
1.83051
1.76426
2.10233
1.61364
1.625
1.69048
1.69565
1.99524
1.38776
1.59441
2.07627
2.07798
1.44194
5.71069
1.38596
1.27273
1.46667
1.70635
1.58431
1.20478
1.27711
1.63704
2.15596
1.50853
1.7438
1.47826
1.43874
1.30769
1.53731
6.22456
1.35072
1.83772
1.22881
1.76154
1.87288
1.43793
1.58304
1.45149
1.37255
1.48375
1.49296
1.75746
1.42125
1.35034
1.36774
0.416667
1.67176
1.41497
1.5474
1.61446
1.31849
1.3119
1.55208
1.22712
1.30675
1.43214
1.59862
2.03509
1.7377
1.72593
8.44495
1.19399
1.84146
1.2614
2.16744
1.43662
1.51056
1.50186
1.22756
1.12064
1.65299
1.81746
1.83051
2.41429
1.61885
1.51656
0.371753
1.65873
1.63806
1.42231
1.22222
1.45833
2.29661
1.59302
1.54795
1.44444
1.5942
1.80159
1.25424
1.28213
1.44516
7.35246
1.36552
1.23794
1.09945
1.44966
1.7
1.69841
1.21136
1.41333
1.39925
1.16975
1.45928
2
1.91892
1.43116
1.33233
7.91964
1.27434
1.72222
1.66923
1.61154
1.56522
1.64286
1.58696
2.1422
1.64179
1.82143
2.16522
1.8
1.36242
1.4878
1.57706
0.36646
2.08559
1.64015
1.46233
1.59574
1.78571
1.86122
2.05579
1.25786
1.34219
1.42123
1.36491
1.32792
1.64085
1.85652
6.78409
1.35127
1.32492
1.43289
1.29467
2.00431
1.65942
1.80085
1.18612
1.42581
1.61905
1.47183
1.34892
1.21086
1.44479
1.78151
6.97426
1.95635
2.08372
1.72388
2.05046
2.1831
1.28221
1.56146
1.64528
1.60985
2.39048
1.63538
2.0087
1.77869
1.60769
1.63704
0.480159
1.37931
1.50685
1.5119
1.51827
2.24242
1.82759
1.30201
1.37299
1.67557
1.44257
1.42391
1.33444
1.36986
1.5137
7.36111
1.71825
1.80498
1.43662
1.59859
1.90948
1.69118
1.73276
1.41722
1.64234
1.94262
1.80702
1.37374
1.49648
1.54104
1.07143
5.56587
1.65493
1.71852
2.06977
1.58077
1.56184
1.69841
1.36742
1.28024
1.84921
2.16055
2.13876
1.38851
1.36395
1.48822
1.76953
0.419173
1.30063
1.22028
1.30909
1.70769
1.55133
1.65493
2.19907
2.04651
1.64179
1.71032
2.22624
1.94545
1.71127
1.74603
7.18651
1.40824
1.44937
1.93644
1.92797
2.20183
1.87288
1.80952
1.6822
1.31613
1.41869
1.3101
1.43182
1.57031
1.40878
1.57246
6.95057
1.4931
1.45051
1.35971
1.31447
1.44406
1.49823
1.47015
1.5
2.03509
1.45902
1.25
1.78947
1.51852
1.40476
1.62455
7.97807
2.05856
1.60915
1.74661
1.40432
1.71861
1.26452
1.46575
2.2844
1.43706
1.47458
1.51656
2.04237
2.11468
1.74429
1.14912
5.7351
1.08911
1.66667
1.52593
1.29371
1.31481
1.44403
1.34194
1.64179
1.73413
1.71429
1.30667
1.43046
1.4
1.26543
1.48214
0.287267
1.1954
1.78519
2.02643
1.26582
1.28767
1.43082
2.3662
1.37193
1.26984
1.39726
1.63287
2.23246
1.41197
1.443
6.06
1.37695
1.65079
1.63043
1.56746
1.30743
1.37419
1.56923
1.58993
2.24312
1.49552
1.83004
1.85246
1.97414
1.43082
1.58607
0.427679
1.18845
1.69655
1.82692
1.53957
2.12093
1.60145
1.74603
1.75397
1.52672
1.4863
1.69231
1.69048
1.49821
1.40299
5.87419
1.6014
2.12288
2.09217
1.51678
1.8954
1.47619
1.45652
1.4507
1.23509
1.44695
1.68852
1.2012
1.53061
1.90678
1.83051
7.0076
1.76692
1.95413
1.73507
1.31077
1.62963
1.84921
1.79386
1.58099
1.45875
1.68254
1.58209
1.62698
1.42295
1.50936
1.40541
0.417517
1.59542
1.67164
1.87892
1.43836
1.59574
2.04918
1.44027
1.59233
1.50162
1.79464
1.17105
1.31269
1.75646
1.23509
5.67089
1.73759
1.69672
1.71698
1.31132
1.28197
1.43974
1.69048
1.51661
1.40418
1.28767
1.44304
1.93644
2.10599
1.41608
1.28082
5.35938
1.0628
1.68254
1.42164
1.37658
1.61154
1.51439
1.25667
1.33127
1.85892
1.32698
1.58099
1.3588
1.47937
1.44138
1.36232
0.249339
1.49371
2.00917
1.82727
1.28704
1.65734
1.88532
1.81818
1.56997
1.51678
1.39016
1.41791
1.34177
1.54982
1.56738
6.86905
1.31285
2.06849
1.56667
1.73913
1.41438
1.56184
1.5873
1.19205
1.23585
1.33224
1.4863
1.75397
1.87008
1.9646
1.35799
0.510913
1.78243
1.40702
1.49296
1.56343
1.26045
1.52667
1.52542
1.5
2.12712
1.72574
1.57792
2.00455
1.60573
1.87705
7.69068
1.39726
1.44218
1.55224
1.40925
1.49324
2.25229
1.65789
1.38384
1.39333
1.60069
2.09302
1.76378
1.67073
1.43243
1.46269
5.94667
1.60828
1.82222
1.43662
1.57746
1.69444
1.8227
1.73222
1.34507
1.43949
2.0553
1.37276
1.46203
1.99565
1.48344
1.83607
0.430272
1.80328
1.58779
1.73022
1.93636
1.52536
1.52613
1.27817
1.32941
1.80328
2.23005
1.36735
1.27885
1.39527
1.63462
6.86182
1.52824
1.50847
1.52288
1.69231
1.89344
1.24679
1.25407
1.43506
1.9386
1.8254
1.91045
1.8
1.33013
1.54839
1.75769
7.83051
1.42029
1.29801
1.32237
1.50685
1.57143
1.20183
1.5
1.84322
1.42222
1.55298
1.4359
1.40909
1.6746
1.45788
1.60738
0.389456
1.35691
1.23167
1.47826
1.46127
1.03738
1.35202
1.63077
1.52985
1.55634
1.72619
1.57244
1.47386
1.61986
1.86066
7.09524
1.34653
1.42715
1.52963
1.41549
1.5493
1.44444
1.30909
2.12987
1.50417
1.35802
1.93651
1.40836
1.55682
1.79661
1.46885
7.84322
1.27113
1.14412
1.49508
1.83475
2.45455
1.57971
1.66792
1.63704
1.82569
1.40498
1.67308
1.20447
1.39241
1.60317
1.54485
0.409821
1.46809
2.1982
1.40672
1.17949
1.29878
1.60714
1.5
1.812
1.37942
1.25
1.61268
1.94068
2.11792
1.49291
6.7963
1.29167
1.1896
1.61204
2.03211
1.95492
1.61803
1.31818
1.7
2.05505
2.38208
1.80634
1.64493
1.66923
2.02966
1.38721
7
1.50181
1.57246
1.80303
1.88073
1.27961
1.26045
1.38312
1.34328
1.43125
1.88983
1.71784
1.40559
1.54348
1.61194
1.90079
0.287037
1.58661
1.39796
1.61131
1.86441
1.88095
1.94643
1.67424
1.63095
1.2911
1.44025
1.61441
1.29114
1.54895
1.95708
7.36508
1.41606
1.209
1.38994
1.64286
1.17431
1.64539
1.81102
1.62595
1.33226
1.2129
1.36478
1.65079
1.40217
1.42053
2.14667
6.917
1.25234
1.44407
1.58993
1.75794
1.48399
1.61972
2.35321
1.33922
1.4381
1.75984
1.78862
1.63846
1.58209
2.11508
1.22337
0.271104
1.15075
1.91949
2.22222
1.37919
1.56794
1.73387
1.36559
1.38365
1.46032
1.24924
1.75385
1.67577
1.6963
1.82627
7.58159
1.69231
1.58209
1.42759
1.30169
1.36
1.55634
1.85714
1.7161
1.50685
1.47761
1.56738
1.81349
1.45683
1.52349
2.0131
7.304
1.47925
1.47333
1.61111
1.42708
1.42029
1.15961
1.49359
1.99231
1.69323
1.5625
2.15789
2.09677
1.90984
1.75847
1.65818
0.363839
2.51643
1.9633
1.61481
1.52941
1.44928
1.56849
1.6822
1.46429
1.67128
1.95814
1.66784
2.13761
2.40826
2.07834
6.50542
1.41176
1.5
1.275
1.38994
1.48092
1.35314
1.54895
1.73016
1.64312
1.43511
1.66304
2.04132
1.58955
1.43262
1.36859
6.18705
1.2687
1.76271
1.18612
1.37662
1.5597
1.6616
1.55472
1.46945
1.59375
1.55634
1.80556
1.21148
1.42953
1.55311
2.08559
0.363095
1.32278
1.49275
1.48252
2.1886
1.72556
1.14506
1.49518
2.07658
1.70238
1.86512
1.29545
1.45541
1.3131
1.41234
7.61373
1.33535
1.82609
1.30795
1.67368
2.01835
1.65
1.76493
2.10132
1.59717
1.83333
1.61538
2.11588
1.49834
1.94977
1.46358
8.52752
1.55442
1.9814
1.27181
1.34921
1.51111
1.58803
1.97541
1.6065
1.36842
1.51389
2.2844
1.95763
2.04911
1.47241
1.50355
0.292328
1.64754
1.20521
1.32317
1.61832
1.64615
1.86154
1.98624
1.28254
1.46465
1.39855
1.28205
1.64085
1.87615
1.5034
7.4877
1.54286
1.43046
1.5471
1.64683
1.68085
1.84862
1.30068
1.43709
1.57692
1.29965
1.39748
1.98016
2.31604
1.82213
2.13575
6.97407
2.17674
1.57895
1.51449
1.49254
1.59859
1.53497
1.30389
1.18731
1.59589
1.77119
1.69892
1.936
1.69748
1.46479
1.52536
0.484127
1.54815
1.75197
1.61277
1.30675
1.64179
1.75397
1.77778
1.80508
1.8
1.85965
1.59328
1.50769
1.58
1.60455
1.31737
0.283069
1.52239
1.55634
1.73016
1.45769
1.34385
1.45255
2.42202
1.73016
1.53091
1.40502
1.4589
1.60821
1.31868
1.3253
7.46032
1.52555
1.52536
2.0093
1.66192
1.53846
1.42599
1.60142
1.56522
1.58621
1.44753
1.61566
2.13488
1.70992
1.77869
1.71062
7.83333
1.5493
1.44366
1.3391
1.42071
1.54209
1.39604
1.45361
1.56272
1.72308
1.78814
1.49488
1.24092
1.35849
1.69615
2.00948
0.482143
2.16509
1.51515
1.59028
1.87712
1.50505
1.24917
1.38365
1.81356
1.58955
1.59854
1.55556
1.51656
1.8481
1.39937
6.20748
1.56794
1.41176
1.55634
1.72619
2.2186
1.23684
1.31013
1.5493
1.59127
1.25333
1.64527
1.98684
1.92576
1.53237
1.53435
6.08562
1.16812
1.6537
1.46104
1.9322
1.27059
1.65
2.26728
1.56655
2.31963
1.12857
1.31765
1.70079
1.6
1.58451
1.47541
0.243386
1.45399
2.09174
1.53676
1.44667
1.61871
1.91803
1.65789
1.50323
1.81579
1.68592
1.84426
1.23899
1.44051
1.87705
7.66949
1.68045
1.36275
1.48571
1.60145
1.62698
1.40068
1.57836
1.76636
1.26901
1.45038
1.18987
1.24051
1.46358
1.71825
1.39175
5.57367
1.25581
1.5471
1.72691
1.38621
1.57343
1.81746
2.01271
2.6422
1.29934
1.43791
1.65789
1.83122
1.61567
1.62821
1.19174
0.275132
1.73034
1.28528
1.42164
1.26708
1.46763
1.60145
1.69048
1.70238
1.27832
1.39
1.5689
2.10345
2.15789
2.04128
6.87023
1.33803
1.43202
1.95413
1.64945
1.42491
1.41806
1.75746
1.96714
1.4331
1.64685
1.47841
1.57914
2.17209
1.62416
1.42951
0.327381
1.31338
1.33333
1.71923
1.90222
1.09315
1.52288
2.05455
1.80859
2.30233
1.48
1.48288
1.68702
1.69841
1.49254
6.52397
1.3193
1.44025
1.80508
1.53623
1.66045
1.79098
1.46809
1.23631
1.68953
1.75877
1.40878
1.58209
2.03571
1.22812
1.31
7.08647
1.64164
2.39906
1.76446
1.48136
1.74468
1.55137
1.99556
1.46763
1.44746
1.64925
1.81148
1.35836
1.2524
1.35065
1.65217
0.283069
1.3686
1.22946
1.82258
1.21296
1.35762
1.62238
2.38208
1.93722
1.51228
1.6337
1.84921
2.18349
1.93191
1.80894
7.92641
1.48829
1.25597
1.45399
2.10092
1.87288
2.16972
2.11864
2.17674
1.89167
1.46667
1.74603
1.6746
1.51171
1.44444
1.63043
0.345779
1.45745
1.38435
1.68345
1.47015
1.46358
1.67857
1.35612
1.31646
1.45652
1.46939
1.74427
1.75
1.34853
1.35154
1.56552
0.287037
1.23779
1.29787
1.64122
1.51111
1.55986
1.69841
1.43015
1.27273
1.43046
1.7
2.10092
1.45387
1.45928
2.01271
7.65678
1.66541
1.45515
1.5233
1.43667
1.34328
1.38957
2.15814
1.80159
2.00431
1.3
2.07895
2.00439
2.19444
1.62308
1.71536
7.52049
1.44937
1.4965
1.8363
1.8552
1.60145
1.87295
1.4918
1.48148
1.37671
1.71739
2.05505
1.43254
1.34731
1.84677
1.77119
0.297619
2.37156
1.69585
1.51299
1.70238
1.56716
1.25357
1.19288
1.27793
1.90551
1.90708
1.14958
1.46367
1.54182
1.65476
6.86989
1.60456
1.42857
1.46599
1.47368
1.32665
2.4977
1.94672
1.27119
2.04825
1.51748
1.5709
1.48014
1.22222
1.36774
1.51656
0.345779
1.18108
1.86697
1.375
1.82143
1.77966
1.57353
1.52963
1.39116
1.75373
1.55385
1.41869
1.4
1.34177
1.40672
1.35423
0.281085
1.63838
1.67578
1.61852
1.82403
1.59559
1.71429
1.50186
1.28859
1.48052
1.98729
1.57191
1.99548
1.55516
1.73092
5.57276
1.61268
1.68952
1.11243
1.48052
1.48361
1.36527
1.91102
1.23077
1.5
1.50741
1.38351
1.25974
1.42484
1.55738
1.73871
7.81659
1.12644
1.52667
1.86017
2.34259
1.83197
2.31455
2.04651
1.34601
1.34731
1.7459
1.5572
1.71269
1.70763
1.61806
1.95413
0.418367
1.71538
1.5188
1.45946
1.7
1.71032
1.80591
1.4183
1.71756
1.7459
1.32593
1.17302
1.66071
1.72951
1.38435
6.28231
1.38346
1.44481
2.08929
1.76522
1.44595
1.37407
1.37654
2.02232
1.42712
1.52381
1.38924
1.7
1.76984
1.60656
1.38978
6.91882
1.75
1.62308
1.54647
1.39858
1.41333
1.56343
1.13003
1.37072
1.7582
1.30263
1.39672
1.63077
1.74603
1.55556
1.37821
6.58955
1.09677
1.5493
1.75794
1.46465
1.44314
1.35849
1.44231
1.33025
1.3963
1.30744
1.57931
2.00424
1.78648
1.79104
7.90417
1.54044
1.46763
1.64085
1.94495
1.63986
1.83898
1.26174
1.38365
1.86066
1.69118
1.22591
1.41176
1.44521
2.2
1.41748
6.70722
1.31609
1.90351
1.74286
1.34936
1.35274
1.34247
1.54305
1.98165
1.61481
1.61832
1.75556
2.05505
1.67623
1.33444
1.49007
0.349838
1.51449
1.64615
1.37413
1.41528
1.18801
1.46721
1.29167
1.51145
1.3245
1.42517
1.50385
1.42357
1.59574
1.64231
6.79926
1.40809
1.44444
1.43709
1.62308
1.48772
1.70896
1.93644
2.09322
1.57463
1.31359
1.36246
1.57091
1.78846
1.96313
1.19945
7.52609
1.16667
1.27796
1.52817
1.67424
1.69231
1.76984
2.26887
1.72803
1.32704
1.50719
1.9061
1.20231
1.63704
1.68254
1.25926
6.38028
1.27532
1.51254
1.95817
1.63768
1.28859
1.35714
1.4943
1.52318
1.54661
1.25301
1.70896
1.83051
1.66445
1.94561
5.87179
1.48043
1.60145
1.63095
1.55245
1.63492
1.54545
1.67063
1.38621
1.34058
1.25767
1.66667
1.81967
1.21136
1.15584
1.3033
6.91603
1.34114
1.54545
1.73413
1.41975
1.64706
1.41333
1.78519
2.00459
1.52727
1.48936
1.66434
1.99099
1.79608
1.30313
1.53584
0.355655
1.78175
1.27019
1.4513
1.45333
1.63636
1.63846
1.37405
1.16176
1.39333
1.49462
1.65942
1.93644
2.08051
1.756
6.37943
1.2766
1.37423
1.76271
1.56522
1.82833
1.46358
1.50794
1.31132
1.63043
1.88136
1.47423
1.47183
1.51064
1.50769
1.42071
6.9037
1.52817
1.44118
1.41549
1.25153
1.57483
2.44601
1.37419
1.71731
1.82273
1.64855
2.1907
1.34853
1.34228
1.38028
1.48951
0.4375
1.43522
1.66923
1.74603
1.82143
1.97034
2.0042
2.18905
1.48148
1.81154
1.65568
1.53846
1.53268
1.71326
1.78899
6.16447
1.59459
1.91949
2.35023
1.97273
1.74603
1.82143
1.94492
1.64783
1.64706
1.83193
1.47388
1.39
1.6436
1.9738
1.81148
7.86441
1.31561
1.30233
1.61268
1.65678
1.4459
1.39262
1.36054
1.55102
1.86441
1.72951
1.0929
1.52055
1.77593
1.75385
1.82377
0.253968
1.34194
1.46377
1.33333
1.4404
2.0332
1.99083
1.5687
1.37063
1.57857
1.65873
1.60727
1.80315
1.66102
1.58451
7.63821
1.43253
1.52249
1.47909
1.47508
2.06897
1.70339
1.42466
1.57971
1.66154
1.71538
1.61512
2.14043
1.575
1.38679
1.72308
0.352335
1.60755
1.67857
1.2
1.49158
2.24651
1.63846
1.49615
1.28664
1.27152
1.41935
1.81707
1.37329
1.48252
1.44615
1.46358
0.244709
1.19937
1.54397
2.09174
1.86864
1.36449
1.38636
1.59712
1.76423
1.56296
1.28014
1.34821
1.87288
1.7
1.53175
6.00333
1.41379
1.41667
1.7
1.65672
1.43571
1.41667
1.55634
1.48684
1.30347
1.71923
1.27835
1.42236
1.96186
1.71014
1.89565
8.50439
1.72441
1.51515
1.45205
1.71269
2.37143
1.65546
1.2911
1.44304
1.86441
1.66554
1.29781
1.34
1.55782
1.7839
1.31985
0.463294
1.47826
1.67939
1.69444
1.40143
1.26899
1.46479
1.55797
2.06897
1.70866
1.44118
1.50993
2.00877
1.72131
1.55088
7.05952
1.76154
1.71765
1.51505
1.51389
1.14157
1.61268
1.21854
1.39873
1.84524
2.02193
1.94191
1.62879
1.61649
1.77236
1.46154
5.37288
1.59756
1.35849
1.76923
1.6391
1.44444
1.53623
1.51923
1.76056
1.69508
1.8355
1.4589
1.5
1.25246
1.58885
8.26957
1.45588
1.48495
1.67742
1.57746
1.5873
1.56164
1.80932
2.07925
1.86266
1.60638
1.89121
1.7
1.60317
1.53425
1.56967
5.3872
1.39506
2.31132
2.09735
1.36806
1.45455
1.52843
2.39437
1.77523
1.39806
1.81974
1.36
1.63287
2.08333
1.73251
1.39322
0.387755
1.57877
1.51613
1.4084
1.21222
1.38365
1.48016
1.28
1.46809
1.45246
1.72137
1.84836
1.3865
1.49664
1.4433
6.88722
1.27891
1.44937
2.25229
2.09005
1.70833
1.37742
1.66792
2.14912
1.61852
1.23418
1.83534
1.5034
1.72222
1.5948
1.57664
0.322917
1.33219
1.49515
1.59696
1.50853
1.73228
1.65079
1.86331
1.70196
1.9187
1.69922
1.78189
1.61268
1.88983
2.30233
5.95498
1.21523
1.49518
1.67308
1.70751
1.76154
1.75424
1.68841
1.52381
1.42361
1.54355
1.99209
1.67018
1.12732
1.41219
1.56954
0.408163
1.63603
1.41083
1.68254
1.77778
1.5942
1.57937
1.62143
1.51786
1.61922
1.61508
1.48822
1.76587
1.43854
1.2766
6.56522
1.47078
1.32907
1.65942
1.9322
1.90678
1.63008
1.48582
1.58209
1.61733
1.78862
1.60317
1.6609
1.84674
1.4375
1.28704
0.287088
1.41358
1.80932
1.35144
1.5529
1.73279
1.52985
1.34495
1.29747
1.46503
1.51111
1.61538
2.38532
1.39298
1.44118
6.81091
1.54983
1.78279
1.48462
1.25161
1.49673
1.90678
1.70082
1.50871
1.73333
1.46479
1.57778
1.61481
1.56061
1.41219
1.58451
6.50362
1.19512
1.78889
1.85772
1.95067
1.48123
1.74603
1.68254
1.68889
1.83475
1.631
1.88095
2.01351
1.84426
1.64683
1.20113
8.88732
2.16514
1.54817
2.06726
1.52239
1.53623
1.90574
1.28328
1.36774
1.6963
1.64831
1.41368
1.80682
2.31651
1.3808
7.46825
1.86538
2.00439
1.91379
2.19298
1.70763
1.43046
1.60769
1.76786
1.6717
1.52672
1.5034
1.74603
1.68254
1.51825
1.5942
6.98016
1.18414
1.35185
1.24224
1.57534
1.93644
2.11441
1.63604
1.2687
1.47735
1.64179
1.77381
1.55396
1.48252
1.60145
1.69048
0.279101
1.44286
1.4744
1.7
1.61508
1.31548
1.47541
1.25
1.56522
1.68284
1.5098
1.76695
1.24051
1.48701
1.62869
5.67097
1.26685
1.98291
1.75349
1.06742
1.29936
1.77037
2.25714
1.43431
1.27273
1.42581
1.82609
1.37168
1.59028
1.41806
1.66923
0.501984
1.65185
1.21203
1.41639
1.63846
1.62963
1.65385
1.64379
1.74812
1.19189
1.90308
1.55634
1.89344
1.81532
1.52903
8.01316
1.54221
1.72034
1.56338
1.92727
1.5137
1.75794
1.95708
1.69444
1.24925
1.66304
1.91102
1.87705
1.61864
1.39873
1.59524
0.501984
1.34076
2.20346
2.10092
1.66154
1.80159
1.35088
1.40909
1.66667
1.79661
1.72464
1.41516
1.48052
1.66957
1.37349
7.8114
1.41139
1.78636
1.39222
2.17062
1.75397
1.76754
1.37748
1.63043
1.75847
1.46835
1.48951
1.43525
1.37217
1.64925
1.94068
7.49206
1.65299
1.67451
1.70115
1.76154
1.76271
1.47
1.52595
1.74906
1.75877
1.43299
1.50362
1.45907
1.55634
2.34404
1.62598
0.380952
1.36
1.57746
1.90164
1.87727
1.23469
1.26462
1.56184
1.76984
1.65052
1.38462
1.57874
1.41924
1.69366
1.4433
5.95342
1.57851
1.22684
1.37346
2.20465
1.63095
1.4552
1.23975
1.58644
2
1.79508
1.38832
1.43082
2.04186
1.44565
1.5786
0.392045
1.69397
1.52
1.89831
1.52703
1.5914
1.2628
1.54305
1.92661
1.52297
1.51485
1.91525
1.17714
1.33813
1.42236
7.89831
1.83658
1.88066
1.30169
1.38344
1.92275
1.65476
1.31071
1.15254
1.54545
1.7381
2.10648
1.51389
1.63077
1.60507
1.62992
6.33784
1.67235
1.94545
1.80385
1.85581
1.21967
1.37662
1.56643
1.87295
1.90717
1.59155
1.59848
1.69286
2.09174
1.86864
1.83665
0.44246
1.51299
1.58333
1.34731
2.16514
1.7377
1.66667
1.79365
1.48432
1.36964
1.32374
1.33962
1.55224
1.58209
1.66791
6.19128
1.44765
1.32468
1.5
1.59921
1.39203
1.2
1.38614
1.52688
1.50185
1.46263
1.20117
1.59507
2.05581
1.7331
2.0583
6.97794
1.89669
1.78968
1.7541
1.61029
1.52258
1.47518
1.46479
1.58993
2.25229
1.65789
1.47475
1.24149
1.46801
1.77174
8.42466
1.27526
1.24551
1.62319
1.64344
1.41254
1.09317
1.36709
1.75385
1.9661
2.00847
1.79358
1.32131
1.58503
2.04386
1.83333
6.17586
1.52396
1.89767
1.57192
1.50368
1.40532
1.64748
1.8252
1.72541
1.26861
1.44
1.63846
1.48077
1.44516
1.7418
1.27761
0.323052
1.4526
1.8945
1.42038
1.35714
1.41367
1.15033
1.5871
2.03509
1.68662
1.27152
1.5
1.84426
1.87712
1.72609
5.78594
1.53309
1.54967
1.73077
1.80328
1.33438
1.58633
1.60377
1.64179
1.68254
1.6963
1.90678
1.78689
1.5539
1.44928
1.38851
6.53986
1.17143
1.58478
1.94068
1.94068
2.16514
1.79237
1.5036
1.27134
1.6831
2.11009
1.62605
1.20779
1.27003
1.32344
1.6378
0.238095
1.34731
1.67623
1.45638
1.52941
1.60507
1.70124
1.61151
1.43911
1.4019
1.82927
1.89344
2.13303
1.59925
1.87121
7.1746
1.6717
1.33442
1.48175
1.42466
1.60145
1.85882
1.81008
1.98165
1.69492
1.60806
1.49351
1.86441
1.81349
2.30734
1.9386
6.7509
1.69697
1.53571
1.45016
1.75652
1.37
1.5493
1.77778
1.08133
1.35202
1.55396
1.7
1.60769
1.32143
1.25797
1.71756
0.289021
2.17808
1.44
1.27451
1.23377
1.35032
1.44815
1.29102
1.25
1.28097
1.58955
1.50741
1.63287
1.39319
1.31741
5.83333
1.23899
1.46739
1.25786
1.56507
1.72146
1.29341
1.6627
1.48571
1.40217
1.23397
1.40397
1.63433
1.61923
1.57664
1.7
7.31349
1.70635
2.05991
1.43448
1.55396
1.45
1.36449
2.25229
1.45926
1.43506
1.83333
1.52536
1.33333
1.23193
1.4966
1.65873
0.259615
1.11749
1.6037
1.43478
1.48966
1.41007
1.47333
1.63492
1.30479
1.49673
1.94958
1.95175
1.81855
1.28571
1.34591
1.65414
0.306878
1.7375
1.30293
1.46479
1.60145
1.71825
1.50558
1.44
1.52239
1.58993
1.88095
1.3467
1.34397
1.42453
2.05581
6.56989
1.28873
1.26316
1.62937
1.83475
2.20628
1.7619
2.22321
2.05963
1.59259
1.73077
2.00422
2.36574
1.29474
1.36716
2.17431
0.367347
1.275
1.20433
1.17097
1.47541
1.71852
1.6805
1.28617
1.49296
1.64925
1.76695
2.05042
1.9127
2.06075
1.69742
8.73394
1.8985
1.5516
1.29268
1.20938
1.41368
1.70238
1.56343
1.41071
1.30612
1.76056
2.2217
2.1789
1.44444
1.5203
1.56944
7.64634
1.77186
1.90351
1.66923
1.74603
1.71429
1.71154
1.51186
1.525
1.41259
1.45455
2.19266
1.71429
1.3913
1.41935
2.03571
0.450397
1.43506
1.71429
1.67537
2.23474
1.41695
1.50345
1.1371
1.72131
1.45714
1.53521
1.21683
1.52667
1.87288
1.40345
6.13176
1.79928
2.00847
1.66055
1.43611
2.0367
1.72034
1.33442
1.45455
1.61151
1.88559
1.34783
1.45875
1.99554
1.57483
2.02347
0.358844
1.28916
1.57037
1.5709
1.47826
1.64085
1.72807
1.54305
1.76147
1.29688
1.67138
1.48175
1.61224
2.02752
1.76984
1.99065
0.253968
1.47333
2.26147
1.74275
1.62602
1.51839
1.5873
1.4898
1.97414
1.73664
1.49518
1.63136
1.38667
1.65942
1.90678
5.37143
1.7614
2.10046
1.5935
1.31148
1.53846
1.7619
1.36646
1.38871
1.72222
1.91379
1.37063
1.43046
1.68846
2.09859
1.66912
0.267143
1.39016
1.55224
1.42029
1.49333
1.76639
2.02905
1.5935
1.43046
1.37582
1.42177
1.61232
1.61132
1.97458
1.56089
6.25249
1.64576
1.79592
1.7
1.92797
1.50166
1.616
1.5
1.75397
1.69231
1.60317
1.36986
1.32192
1.46939
1.65769
1.44027
6.10526
1.046
1.63077
1.64576
1.67816
1.5597
1.73077
1.95968
1.58214
1.80315
1.46082
1.95652
1.86864
1.4417
1.58781
6.17508
1.58935
1.29268
1.17523
1.16828
1.42405
1.50376
1.43434
1.76866
2.08716
1.22892
1.36577
1.50168
1.77165
1.47951
1.35404
6.23571
1.06667
1.39333
1.62329
2.01835
1.74603
1.73228
1.55159
1.39216
1.48913
1.42014
1.57534
1.97034
2.08811
1.90171
1.73485
0.361951
1.64912
1.38365
1.7381
1.58846
1.42345
1.51673
1.52113
1.6194
1.72692
1.67063
1.42857
1.5137
2.05932
1.27937
1.49669
0.281746
2.2193
1.94298
1.86111
1.66543
1.43279
1.76154
1.86864
1.38535
1.29618
1.45965
1.64179
1.92857
1.16964
1.28767
5.62258
1.13659
1.81356
1.98165
1.45455
1.65966
1.29373
1.5
1.87288
1.87705
1.92202
1.2901
1.38994
1.64286
1.52222
1.67491
0.343344
1.44479
2.02966
1.99569
1.73606
1.91964
2.3211
1.75397
1.47222
1.32923
1.74254
1.60769
1.83712
1.80952
1.96094
5.47633
1.44407
1.54412
1.58955
1.60148
1.65
1.4055
1.58562
2.16432
1.38614
1.57857
1.97619
1.98283
1.47535
1.5641
1.64179
0.416667
1.46768
1.42444
1.88095
1.90351
1.68846
1.52903
1.84982
1.53169
1.40569
1.3268
1.43046
1.81967
1.35256
1.37742
6.3806
1.24675
2.34634
1.43854
2.24201
1.86404
1.46528
1.44013
1.64122
1.40672
1.39241
1.71429
1.23344
1.28571
1.4
1.48344
0.491071
1.59468
1.89238
1.22977
1.39623
1.48387
1.30675
1.53506
2
1.49301
1.5
1.54605
2.2037
2.01544
1.66798
6.16897
1.36364
1.45614
1.07507
1.3194
1.71429
1.62698
1.54122
1.08197
1.3605
1.6
1.60145
1.73333
1.62698
1.4
1.55102
0.474624
2.05991
1.28671
1.46541
1.9322
1.93644
1.78571
1.41391
1.6803
1.62302
1.5931
1.97368
1.60385
1.38776
1.67254
8.98165
1.61372
1.36615
1.49206
1.01397
1.20958
1.49296
1.64179
1.74206
1.80426
1.45205
1.7
1.65574
1.38742
1.16529
1.32867
0.36756
1.79237
1.38909
1.30892
1.48944
1.41176
1.75
2.06977
2.0093
1.55333
1.88608
1.60133
1.85985
1.46844
1.60305
6.48913
1.26897
1.21714
1.40672
1.15
1.26687
1.57193
2.05508
1.42491
1.33438
2.28972
1.60769
1.95872
1.54921
1.36519
1.56849
7.98305
1.97619
1.69672
1.63696
1.76606
1.51656
1.97881
2.22477
1.671
1.39355
1.75769
2.11268
1.50719
1.53623
1.5
1.58451
0.383929
1.29878
1.44792
1.54579
1.4539
1.59859
2.10714
1.94492
1.87815
1.2619
1.65299
1.15625
1.43
1.63774
1.12166
5.65495
1.43465
1.62724
1.37748
1.56522
1.78077
2.15179
1.751
1.35423
1.72059
1.80508
1.70896
2.11712
1.78629
1.70318
1.93488
0.292328
2.11842
2.30952
1.32056
1.21914
1.38562
1.39493
1.40411
1.48052
1.80508
1.72593
1.96053
1.95982
1.46809
2.58411
5.14246
1.33234
1.95872
1.58923
1.83051
1.65217
1.52448
1.9434
1.78226
1.81746
2.08772
2.31019
1.26316
1.42188
1.57746
7.45238
1.47794
1.30822
1.35
1.43302
1.86842
1.37324
1.48993
2.17431
1.81746
1.88136
1.74206
1.23423
1.45
1.35583
1.85317
6.13889
1.32486
2.0093
1.31818
1.36774
1.63433
2.08411
1.75
1.62595
1.37987
1.58984
1.47368
1.51307
2.01843
1.51111
1.53521
0.449107
1.67293
1.58052
1.54286
1.76154
2.01271
1.56087
1.2381
1.52518
1.54851
1.32177
1.39931
1.41667
1.43662
1.6295
6.78909
1.33117
1.57746
1.77381
1.95402
1.87281
1.82721
2.31481
1.90678
1.87705
1.87288
1.11582
1.58363
1.35897
1.30675
1.6194
0.299513
1.31157
1.69231
2.15625
1.79918
2.57277
1.87607
1.62411
1.98707
1.72308
1.97131
1.25079
1.44014
1.34247
1.44667
7.19615
1.65019
1.82222
1.32
1.52982
2.2
1.58955
1.51273
1.71739
1.44928
1.41438
1.58974
1.89615
1.65314
2.09865
1.47692
6.07419
1.75794
1.51515
1.40411
1.53846
1.63095
1.30952
1.47333
1.68254
1.63704
1.74603
1.39535
1.59107
1.38462
1.63846
1.66667
0.243386
1.30061
1.68978
1.58781
1.78175
1.85039
1.75207
1.52536
1.6746
1.47183
1.23986
1.20846
1.52817
1.7619
1.51625
8.25688
1.4566
1.31068
1.44746
1.66667
1.84322
2.0262
1.92202
1.33333
1.63704
1.92857
1.43137
1.19505
1.38065
1.71161
2.04237
8.34667
1.42951
2.31132
1.75397
1.70238
1.94355
1.29496
1.42945
1.97458
1.79583
2.40175
1.85771
1.58712
1.51761
1.6
1.64754
0.378882
1.74153
1.42657
1.63732
1.76419
1.52805
1.36934
1.25753
1.39241
1.81557
1.7992
1.77381
1.7521
1.55986
1.53175
1.42581
0.292328
1.58725
1.56475
1.58993
1.95492
2.28638
1.90308
1.53623
1.92857
1.33333
1.31333
1.48344
2.02869
2.11163
1.60595
6.76119
1.4462
2.19535
2.31963
1.78899
1.31962
1.48913
1.23427
1.34356
1.86722
1.65079
1.73134
2.17544
2.07692
1.37143
1.59615
0.382653
1.33333
1.5034
1.68254
1.62362
1.82278
1.48944
1.5303
1.63356
1.44595
2.16017
1.87288
1.44444
1.24551
1.48913
6.43007
1.54745
1.78731
1.51351
1.40146
1.40063
1.95968
1.9322
1.70635
1.60424
1.88646
1.5137
1.61885
1.35647
1.40672
1.40909
7.97034
1.66667
1.60927
1.61765
1.4462
1.33434
1.54545
1.54545
1.53571
1.2945
1.33667
1.52817
1.54118
1.55631
2.07143
1.6807
0.28836
1.69922
1.71032
1.50758
1.25333
1.44025
2.08475
1.92237
1.49655
1.46926
1.30769
1.3869
1.8296
1.45608
2.06637
8.00429
1.35689
1.45455
1.91949
1.79623
1.17003
1.46129
1.66667
1.69767
1.83333
1.48571
1.4964
1.61871
1.77459
2.11312
1.64789
0.335034
1.31609
1.79817
1.45253
1.77381
1.59766
1.58478
1.77632
1.21453
1.15581
1.53846
1.65476
1.39607
1.58845
1.86939
7.15748
1.36452
1.62681
1.55235
1.60902
1.63333
1.71889
1.35905
1.54762
1.27687
1.38742
1.51852
1.72835
1.50365
1.55072
1.58904
8.0137
1.15217
1.64179
1.71429
1.52809
1.40845
1.52817
2.05963
1.38434
1.34722
1.27987
1.49655
1.30435
1.51079
1.36201
1.38994
8.55505
1.45614
1.30313
1.57093
1.80328
1.6627
1.58741
1.87755
1.73551
1.52281
1.47692
1.44516
1.82787
1.34211
1.48837
5.76656
1.45196
1.46479
1.37941
1.83772
1.46479
1.5942
1.75794
1.51014
2.07373
1.64179
1.83333
1.14366
1.46667
1.59921
1.42574
7.2
1.86008
1.69841
1.40293
1.42415
1.86441
2.51905
1.69531
1.55072
1.45455
1.58993
1.45635
1.25225
1.65942
1.77193
1.31849
0.428571
2.16901
1.52518
1.45548
1.42071
1.73485
1.88559
1.6378
1.7
1.50331
1.76
1.65079
1.60067
1.74545
1.40333
6.69373
1.63574
1.70677
1.53846
1.46939
1.58209
1.6791
1.90574
1.78682
1.34106
1.34564
1.46479
1.68284
1.92275
1.67857
1.27937
6.23427
1.29863
1.99103
1.80385
1.94737
2.3211
1.6789
1.28875
1.65926
1.78279
1.55636
1.47518
1.56522
1.79231
1.77119
1.58511
0.285053
1.92308
1.39333
1.41791
1.42357
1.97835
1.25846
1.25846
1.5493
1.78571
1.70763
1.24667
1.27692
1.37383
1.83333
7.66
1.6963
2.26606
2.06542
1.69466
1.97222
1.39735
1.3617
1.42222
1.15741
1.24534
1.52381
1.49485
1.55782
1.25526
1.60145
0.333791
2.08295
1.29352
1.38365
1.71429
1.86923
1.59298
1.89076
1.58955
1.75397
1.7619
1.56107
1.42014
1.52518
1.51119
1.45734
0.27381
1.30303
1.43322
1.75397
1.72222
1.40426
1.19186
1.28912
1.63322
2.05328
1.77778
1.5034
1.84921
1.72034
1.44948
5.96875
1.32578
1.53191
1.52113
1.65649
1.63846
1.4652
1.37671
1.54196
1.77778
1.86111
2.28302
1.72727
1.26923
1.40864
1.74627
0.360544
1.22356
1.52941
1.75397
1.72619
1.06944
1.45
1.7459
1.58209
1.91358
1.4966
1.61905
1.47535
1.45907
1.43158
6.4331
1.44195
1.39623
1.80159
1.3323
1.29446
1.8373
1.80932
1.59431
1.83051
1.7
1.63095
1.34164
1.34277
1.62921
1.68702
5.12465
1.32237
1.45704
1.64925
1.75794
1.61111
1.28939
1.56849
1.66949
1.54967
1.32143
1.25758
1.64085
1.74153
2.36201
8.11688
1.58657
1.58596
2.08333
2.18483
1.66
1.37748
1.59353
1.90574
1.31908
1.17632
1.31609
1.86864
1.32881
1.43131
1.92623
0.402679
1.19472
1.25926
1.61871
1.94672
1.20923
1.51748
1.55185
1.60145
1.78968
2.0181
1.33333
1.5411
1.81148
1.70238
6.52313
1.28213
1.41333
2.18182
1.66791
2.54419
1.15934
1.31081
1.28228
1.64925
1.6627
1.85542
1.63386
1.33333
1.41824
1.87124
0.477444
1.61017
0.985401
1.60284
1.74138
1.53061
1.88136
1.72222
1.63077
2.11268
1.37748
1.49254
1.33631
2.03211
1.30931
6.14191
1.5
1.56923
1.49296
1.84502
1.38346
1.25301
1.58273
1.88095
2.16514
1.99561
1.31875
1.27221
1.66418
1.6378
1.61957
0.411654
1.42405
1.91393
1.41528
1.65278
1.62343
1.55797
1.61089
1.24332
1.57565
1.48462
1.16012
1.43046
1.78571
1.86864
6.54386
1.71034
1.6913
1.44186
1.64207
2.13699
1.63359
1.68382
1.60593
1.30721
1.63043
1.74576
1.70149
1.90678
1.84426
1.69231
6.74046
1.2622
1.63043
1.77049
1.71898
1.19298
1.61268
1.97458
2.01345
1.37705
1.61268
1.88841
1.52593
1.54386
1.64286
1.89354
0.421992
1.37748
1.65942
1.99576
1.76838
1.54397
1.63265
1.55782
1.88136
1.93534
1.54962
1.59532
2.06422
1.69841
1.33846
5.48494
1.53846
1.34132
2.02459
1.93488
1.29114
1.65672
1.69685
1.56904
1.26176
1.52985
1.2972
1.20402
1.70504
2.02752
1.86066
8.36607
2.09091
1.63309
1.97321
1.55096
1.41818
1.39241
1.76154
1.86441
1.52055
1.33553
1.53061
1.80328
1.90873
1.49817
1.46233
0.21164
1.20219
1.88889
1.34307
1.40491
1.81513
1.66923
1.75397
1.59848
1.36691
1.38217
1.63704
1.86111
1.75191
1.65038
6.78462
1.56646
1.46067
1.36991
1.70037
1.79675
1.68651
1.45714
1.57192
1.36585
1.1105
1.42517
1.58955
2.30275
2.20588
1.2485
0.247354
1.46897
1.64074
1.38369
1.36778
1.82018
2.31628
1.69841
1.79283
1.82937
2.08372
1.51538
2.40758
1.62687
1.6378
6.71377
1.37778
1.21154
1.87705
1.7393
1.2901
1.31818
1.48966
1.47692
1.48254
1.95872
1.59559
1.63846
1.66667
1.89683
1.95413
6.5
1.39564
1.79661
1.19375
1.28972
1.54514
1.90351
1.58088
1.69776
1.4386
1.49296
1.63704
1.80556
2.16744
1.47333
1.68254
6.81716
1.45253
1.47059
1.47333
1.55159
1.44262
1.63492
1.47586
1.5
1.40942
1.28
1.42857
1.71429
1.70992
1.87712
1.48462
0.409014
1.83806
1.56923
1.55797
2
1.53356
2.15247
1.87983
1.58993
2.10169
1.99163
1.28772
1.18944
1.68807
1.99083
20.8333
1.15909
1.20482
1.43046
1.76538
1.97034
1.70588
1.43945
1.65217
2.04098
2.11304
6.41497
1.49655
2.21333
1.82627
1.22295
1.29355
1.56849
1.97034
2.09746
1.37539
1.616
1.48993
1.97807
1.4965
1.98729
2.27442
7.62656
2.00446
1.38667
1.48201
1.75836
1.65613
1.40068
1.59184
1.83796
1.37459
1.5597
1.34783
1.42236
1.89474
1.60821
1.57455
0.266369
1.23464
1.75397
1.88168
2.06855
1.30523
1.73077
1.80328
1.7459
1.64207
1.72598
1.58824
1.3
1.67029
2.20465
7.2459
1.24462
1.52128
1.70787
1.84906
1.39024
1.71186
1.43662
1.64748
1.83051
1.80952
2.03814
2.29665
2.21759
1.48136
1.52581
0.456767
1.53358
1.55088
1.59921
1.44014
1.46479
1.70149
1.75
1.56856
1.8871
1.8087
1.64561
1.70614
1.43974
1.63492
6.44755
1.62868
1.86614
1.75934
1.2585
1.28931
1.68889
1.80263
1.5945
2.15493
1.51587
1.33754
1.55224
1.58993
1.9127
1.72245
6.22603
1.40741
1.53623
1.47464
1.58108
1.92982
1.74809
1.83898
1.79231
2.0367
1.34737
1.5
1.87712
1.67323
1.44918
1.56154
6.25517
1.32817
1.38028
1.3141
1.49296
1.6194
1.69202
1.3686
1.33968
1.65217
1.90678
1.60317
1.65141
1.25994
1.41914
1.49286
0.238095
1.37952
2.13559
1.49521
2.16432
1.33333
1.59259
2.02752
1.4106
1.50373
1.55782
2.12844
1.96186
1.7807
1.38206
6.38406
1.28116
1.78175
1.84615
1.46104
1.6886
1.43667
1.26984
1.61301
1.82288
1.82353
1.19298
1.5493
1.65079
1.48227
2.16514
0.318323
1.38924
2.00855
2.04115
1.39297
1.76154
2.04237
2.26606
1.35331
1.72243
1.92149
1.74603
1.80738
1.44444
1.62903
6.39236
1.66038
1.38924
1.30565
1.33333
1.45205
1.65672
2.13761
1.46538
1.53443
1.96552
2.01695
1.6037
1.32899
1.43151
1.49281
0.335
1.43617
1.25329
1.36278
1.66923
1.76984
1.97222
1.37662
1.47826
1.43007
1.42254
1.50345
1.59498
1.4
1.43533
8.5
1.56055
1.84836
1.53597
1.4932
2.00469
1.68015
1.52817
1.79757
1.05915
1.50685
1.77381
1.53177
1.57937
1.45734
1.63569
7.45635
1.74419
1.55634
1.47951
1.19585
1.61775
2.01835
1.59524
1.48185
1.9
1.37662
1.6
1.67692
1.50741
1.35052
1.34906
0.372565
1.72222
1.30743
1.46006
1.99567
1.82937
1.81197
1.70896
1.77119
1.56115
1.66667
1.54296
2.15421
1.42705
1.5
7.68595
1.2243
1.28767
1.29245
1.66316
2.01835
1.80556
1.60137
1.85965
1.2671
1.37662
1.6791
1.77966
1.55556
1.91102
1.42761
6.77985
1.62271
1.81746
1.77966
1.90672
2.15584
2.06426
1.78367
1.66176
1.37248
1.5493
1.96825
1.74286
1.32857
1.42236
2.10593
0.553571
1.44407
1.29299
1.60357
1.56159
1.57934
1.49259
1.5493
1.77863
1.85965
1.70896
2.12844
1.69048
1.64074
2.44495
6.3156
1.4472
1.90179
1.5137
1.71825
1.35688
1.15294
1.48344
1.81967
2.11009
1.50173
1.14019
1.41456
1.0197
1.6
6.82308
1.27778
1.43357
1.21127
1.37126
1.79237
1.28972
1.42157
1.64469
1.65079
1.56159
1.34125
1.67886
1.57706
1.75397
1.50397
6.17778
1.88889
1.30667
1.51408
1.53759
1.42808
1.5709
1.51701
1.55932
1.14826
1.62989
1.63492
1.38158
1.39721
1.5493
1.75397
0.486842
2.17754
2.09479
1.86975
1.40273
1.56884
1.42647
1.33333
1.40683
1.96137
1.52013
1.66909
1.71654
1.56767
1.65942
7.73729
1.31228
1.40575
1.62698
1.55634
1.75
1.51515
1.48239
1.6
1.68254
1.55245
1.45638
1.81496
1.78027
1.43042
1.56349
6.11301
1.24167
2.49765
1.90222
1.6044
1.55208
1.74603
1.30719
1.30719
1.5137
1.80556
1.41379
1.35211
1.52381
1.7541
1.66176
0.281085
1.97345
1.4812
1.46205
1.73413
1.86192
1.6
1.64748
1.62288
1.4586
1.54945
1.22591
1.35583
1.67857
1.83824
7.32143
1.63306
1.34868
1.46853
1.62319
1.85714
1.47744
1.26045
1.47183
1.61871
1.80328
1.90678
1.26316
1.15805
1.49057
2
6.77941
1.2543
1.39564
1.89344
2.01835
1.74101
1.34796
1.76866
1.80263
1.56475
2.05814
1.93488
1.47183
1.43284
1.6875
1.44061
0.214923
1.26437
1.78571
1.52459
1.19497
1.39752
1.81148
1.92857
1.86111
1.96279
1.71134
1.38028
1.41333
1.75
1.86512
5.91883
1.36268
1.66549
1.49324
1.84322
1.89431
1.80455
1.38182
1.88559
2.03947
1.50545
1.50519
1.603
1.55926
1.21127
1.32184
8.11864
1.7382
1.07865
1.52667
2.05932
1.77293
1.25329
1.2956
1.64748
1.66949
1.59603
1.92661
1.66192
1.63846
2.05634
1.40317
0.414116
2.25822
1.46644
1.36246
1.65734
2.01835
1.56746
1.37209
1.63356
1.48729
1.58576
2.04386
1.86017
2.0339
1.32782
6.13652
1.29412
1.82937
1.62121
1.37075
1.62585
1.9292
1.53053
1.44108
1.22115
1.26531
1.52
1.7541
1.35691
1.279
1.61268
0.269841
1.86667
1.89565
1.76923
1.93333
1.42857
1.28767
1.3481
1.61567
1.4291
1.26901
1.71429
1.75397
1.69847
1.55516
5.5296
1.67958
1.96279
1.40138
1.38255
1.40816
1.64029
1.87712
1.62353
1.41812
1.65734
1.90351
1.57705
1.20944
1.27875
1.23263
6.59058
1.5
1.6037
1.73061
1.39726
1.66901
1.68807
1.30769
1.85892
1.4
1.28058
1.28955
1.60769
1.42086
1.42
1.57778
0.330745
1.35616
1.45
1.40741
1.33333
1.57091
1.72901
1.46021
1.24854
1.39576
1.34694
1.48322
1.67063
1.52713
1.40645
7.57917
1.56985
1.5
2.02222
2.23041
1.49169
1.80169
1.62937
1.79825
1.58451
1.97248
1.55477
1.84426
1.57407
1.67537
1.26846
5.80645
1.43478
1.71429
1.16346
1.25449
1.61172
1.74603
1.8373
1.4069
1.46667
1.73828
1.7619
1.66667
1.59582
1.9633
1.46939
7.48077
2.15247
1.58333
1.32362
1.60563
1.75847
1.34365
1.65726
1.33916
1.58
1.64831
1.30968
1.31077
1.64925
1.74603
1.78571
0.497899
1.58451
1.90984
1.84649
2.14097
1.8843
1.86508
1.98696
1.99083
1.45205
1.76154
1.83051
1.36397
1.10185
1.32484
7.16154
1.78099
1.52824
1.27692
1.58993
1.79608
2.31132
1.55691
1.32063
1.68116
2.15789
1.97768
1.53205
2.13974
1.39661
1.26549
0.301242
1.41265
1.71324
1.59494
1.27103
1.46689
2.01835
1.53103
1.54577
1.43506
1.7619
1.65984
1.56643
1.54098
1.47664
8.36697
1.47059
1.5137
2.26147
1.61232
1.35517
1.51625
1.65232
1.60759
1.47742
1.87288
1.78968
1.28105
1.47333
1.81746
1.91949
5.44957
1.44781
1.4396
1.46691
1.45578
1.65371
1.91228
1.82308
1.92202
1.58423
1.74603
1.74603
1.83607
1.81746
1.7541
1.58779
0.269841
1.4313
1.36223
1.65079
1.71739
1.88073
1.30903
1.2987
1.65734
2.02752
1.54098
1.32877
1.2
1.44516
1.62295
1.52159
0.286376
1.76562
1.5709
1.81132
1.65891
1.44099
1.87288
1.77559
1.62705
1.52333
1.55274
1.26205
1.72364
2.05963
1.27439
8.45622
1.2238
1.61194
1.70238
1.34405
1.65942
1.39446
1.25234
1.40411
1.63704
1.7619
1.56489
1.42509
1.64029
1.9322
1.87712
0.303571
1.09639
1.2426
1.74638
2.0367
1.63415
1.37838
1.60563
2.08475
1.97154
1.39216
1.67266
2.08372
1.34701
1.35583
7.40476
1.40152
1.11111
1.28302
1.61268
1.95763
2.7037
1.91556
1.55634
1.86905
1.83256
1.80812
2.04245
1.27711
1.64925
1.77381
5.53666
1.19608
1.31707
1.74809
1.76271
1.18612
1.45455
1.70866
1.96983
1.66045
1.38889
1.5137
1.81746
2.0339
1.67803
6.06209
1.56569
2.24889
1.73853
1.50166
1.4918
1.41358
2.02752
1.56618
1.73881
1.40728
1.60507
1.70238
1.49825
1.25795
1.06325
5.49693
1.54704
1.25517
1.33333
1.63095
1.53103
1.60606
1.70896
1.83898
1.80153
1.72807
1.21569
1.27329
1.45238
1.64179
1.84921
8.06881
1.21552
1.66058
1.60364
1.54225
1.71269
1.89754
2.08451
1.36
1.35987
1.70896
1.71179
1.45205
1.70896
1.99576
2.5045
0.340909
1.24699
1.53472
1.78968
1.644
1.58446
2.21395
1.95495
2.08257
1.44218
1.36585
1.44
1.73846
1.94495
1.55137
1.875
0.291005
1.5754
1.79008
1.59489
1.34266
1.48052
1.84322
1.50163
1.56655
1.9814
1.46763
1.66304
1.55894
1.43662
1.5
6.23741
1.16667
1.44304
1.93644
1.4902
1.67323
1.52234
1.82143
1.67797
1.58
2.02752
1.72222
2.14679
1.54478
1.51203
1.64257
5.93151
1.03465
1.45455
1.1735
1.20755
1.3245
1.54082
1.97674
1.43607
1.71371
1.27645
1.33951
1.71429
1.59231
1.78195
2.12844
0.365646
1.39873
1.68254
1.50725
1.72101
1.81818
2.17411
1.56098
1.40146
1.4
1.61508
1.27719
1.13314
1.55782
1.86441
7.44841
1.22977
1.16755
1.5784
1.46996
1.39726
1.67626
2.00459
1.40433
1.32792
1.5493
1.73413
1.65343
1.50376
1.28713
1.49511
7.88136
1.29642
1.34076
1.69014
2.15138
2.0186
1.66791
2.06047
1.5411
1.85772
1.66949
1.3355
1.44746
1.66781
1.89583
1.57621
0.275132
1.73507
1.60211
1.53357
1.63704
2.12844
2.20763
1.46078
1.3268
1.4069
1.5493
1.56349
1.24839
1.18328
1.35849
7.31538
1.79508
1.55385
1.42466
1.66304
1.69643
2.05856
1.57338
1.93392
1.45185
1.55634
1.62302
1.22867
1.33129
1.76538
1.80932
0.499008
1.69512
1.32781
1.29412
1.38636
1.57818
1.59836
1.44951
1.9668
1.89076
1.87712
1.0107
1.44311
1.61278
1.48699
5.89456
1.38187
1.30769
1.22291
1.52249
1.58955
1.74074
1.80833
1.59559
1.49603
1.43849
1.55094
1.16908
1.80328
1.63846
1.55597
0.292328
1.58268
1.5
1.66923
1.69841
1.26453
1.55762
1.62308
1.57801
1.52593
1.41007
1.45695
1.59127
1.25753
1.34177
6.71111
1.66337
1.33117
1.58681
2.1422
1.63846
1.63704
1.84959
1.52518
1.5137
1.75397
1.75397
1.12538
1.22121
1.60702
1.70763
0.366883
1.71875
2.02703
1.82308
1.95413
1.59701
1.33704
1.22699
1.55102
1.78814
1.40584
1.51171
1.52817
1.6791
1.53252
5.66139
1.27055
1.40491
1.82629
1.2071
1.65108
1.91949
1.34911
1.9916
1.76364
1.40506
1.74206
1.50763
1.32899
1.5493
1.76587
7.11439
1.76426
1.78947
1.29667
1.39672
1.57407
1.41
1.64769
1.36525
1.2
1.53623
1.51119
1.43003
1.57463
1.41045
1.38344
0.305195
1.3494
1.98361
1.86364
1.57343
1.68852
1.65734
1.76147
1.3746
1.81746
1.87288
1.82114
1.88889
2.05505
2.0307
1.56604
0.275794
1.48084
1.7
1.75397
1.8373
1.26132
1.25926
1.58273
1.86111
2.06512
1.46125
1.71479
1.72348
1.48134
1.59589
8.42661
1.60148
1.63077
1.82591
1.3377
1.53846
1.68033
1.70504
1.71101
1.25776
1.45392
1.47037
1.24383
1.57388
1.98305
2.33796
8.28448
1.59441
1.53521
1.79231
2.30476
1.79646
1.8
1.67164
1.95082
2.01835
1.80952
2
2.09174
1.94492
1.9322
1.869
0.378571
1.28395
1.51056
1.55375
2.04225
1.56458
1.67164
1.9661
1.33231
1.19697
1.43564
1.77863
2.09174
1.78814
1.7126
6.63043
1.51128
1.26984
1.6338
2.22368
1.48571
1.53398
2.09459
1.75536
1.42763
1.73077
2.06422
1.55762
1.63087
1.7619
1.28037
0.335034
1.35429
2.02752
1.83333
1.68487
1.33333
1.45205
1.55351
1.42708
1.63986
1.90826
1.36879
1.17073
1.41935
1.80328
1.77049
0.257275
1.51792
1.87719
1.72692
1.27324
1.77232
1.12088
1.65942
1.83051
1.50357
1.28614
1.48014
1.53846
1.88095
1.7156
5.42902
1.39601
1.88559
2.35043
1.68644
1.35065
1.60145
1.69048
1.78968
1.28713
1.28767
1.38365
1.95082
1.9386
2.07009
1.42029
0.352484
1.59328
1.46209
1.45752
2.28125
1.96789
1.42718
1.74603
1.20468
1.66187
1.4529
1.38312
1.70896
2.04661
1.35505
5.80063
1.53025
2.18421
1.69492
1.57586
1.33788
1.45205
1.81716
1.93578
1.62455
1.82031
2.13761
1.83898
1.58015
1.45993
1.34286
5.56646
1.34167
2.22624
1.8178
1.48814
1.38562
1.56314
1.85714
1.88095
2.04128
1.57088
1.32746
1.44304
1.76271
1.53659
1.70635
0.248677
1.44304
2.11017
2.10965
1.80498
1.32609
1.51079
1.44604
1.56902
1.71053
1.47541
2.07895
1.89431
2.2156
1.87451
8.02752
1.2067
1.90385
1.46388
1.3481
1.55926
1.64835
1.69492
1.18605
1.6162
1.84746
1.40557
1.5068
1.71429
1.80916
2.13761
0.354592
1.30931
2.07339
1.44928
1.64388
2.19068
1.29204
1.57037
1.78832
1.54804
1.59108
1.55224
1.59328
1.47761
1.32013
6.34859
1.56579
2.22685
1.55789
1.25552
1.86667
1.19373
1.53767
1.93776
1.66949
1.5034
1.7459
1.55224
1.68841
2.10092
1.73729
0.405612
1.73818
1.71591
2.12558
1.55298
2.02326
1.59779
1.28179
1.275
1.59441
2.10593
1.43493
1.63309
1.85375
1.81111
5.75974
1.3022
1.95413
1.67164
1.64732
1.22353
1.53261
1.57875
1.53763
1.58156
1.59542
1.64179
1.80159
1.33218
1.28302
1.48252
0.421429
1.5597
1.48897
1.42466
1.57246
1.44841
1.52698
1.94915
1.55056
1.26761
1.13947
1.39355
1.44231
1.34824
1.70149
5.93464
1.32331
1.2
1.13032
1.56701
1.98198
1.58273
1.61066
1.37748
1.41053
1.61268
2.09174
2.13559
1.30313
1.38333
1.61151
7.32143
1.84921
1.39615
1.21538
1.6229
1.98165
1.94444
1.28
1.39333
1.64748
1.91949
1.69811
1.52453
1.41987
1.75397
1.92544
0.287037
1.45669
1.28
1.58993
1.78571
1.28571
1.43919
1.7012
1.57971
1.44074
1.27575
1.42581
1.60714
1.2709
1.36624
6.8015
1.51034
1.54317
1.62324
1.51064
1.10663
1.48701
1.83772
1.53261
1.64664
1.74123
1.45704
1.65926
1.80328
1.74603
1.67063
5.87147
1.88983
1.73494
1.37261
1.41111
1.44918
1.74603
2.04365
1.18154
1.33333
1.50685
1.75794
2.23744
1.71806
1.52532
2.03509
0.412415
1.38182
1.4094
1.46763
1.56643
1.91525
1.20222
1.68214
1.91284
1.44056
1.40312
1.60364
1.97854
1.57778
1.60145
7.30952
1.4037
1.27152
1.40823
2.20465
1.65079
1.27103
1.52465
1.63985
1.65056
1.51273
1.71127
2.03211
2.02817
1.07955
1.42675
7.54661
1.3253
1.58333
1.42617
1.68657
1.78968
2.05581
1.2439
1.28698
1.85944
2.0939
1.47
1.66541
1.43581
1.64179
1.7619
0.467857
1.49032
1.72598
1.54508
1.34177
1.76538
2.04661
1.84322
1.64029
1.7561
1.63846
1.55224
1.74254
2.13761
1.70492
6.54044
1.29595
1.57246
1.85878
1.48958
1.38434
1.28662
1.4589
1.52239
1.37288
1.53
1.18405
1.51171
1.89831
1.81746
1.9322
0.369048
2.3516
1.59524
1.53061
1.71311
1.34173
1.30029
1.60215
2.15487
1.45455
1.81538
1.99541
1.80237
1.91803
1.69776
6.33922
1.52281
1.69231
1.75
1.59801
1.98122
1.54255
1.25767
1.42857
1.58503
1.95413
1.6791
1.75
1.48043
1.65217
1.69492
6.07792
1.32407
1.45302
1.80385
2.06512
1.43509
1.66316
1.82533
1.58273
1.71429
1.33333
1.18694
1.55782
1.92797
1.74737
2
0.266534
1.4471
1.7
1.79365
1.52672
1.47667
1.65079
1.47482
1.51899
1.5604
1.22923
1.39465
1.29605
1.56849
1.97458
7.94298
1.30982
1.58955
1.6306
2.2186
1.61753
1.40741
1.63043
1.65873
2.37615
1.47552
1.42405
1.45455
2
1.34058
1.26582
0.236111
1.30564
1.90574
2.07834
1.51916
2.14286
1.37288
1.37113
1.41254
2.07895
1.6
1.5942
1.94915
1.83607
1.81148
7.17063
1.61111
1.60662
1.88846
1.80952
1.72881
1.45392
1.63077
1.52239
1.63028
1.88186
1.29329
1.35625
1.75385
1.90984
2.35211
5.7764
1.35548
1.4863
1.57252
1.48276
1.34783
1.63077
1.65299
1.97619
1.63296
1.77011
1.89496
1.7
1.85246
1.59615
1.29167
0.269841
1.65141
1.80734
1.29808
1.47619
1.67323
1.26205
1.5
1.62766
1.2508
1.38312
1.35252
1.39241
1.46032
1.429
8.20465
1.15331
1.08115
1.72619
1.63971
1.34266
1.17048
2.06422
1.46053
1.35577
1.54348
1.70896
1.94492
2.13761
1.73883
1.63813
0.352273
1.34049
1.48173
1.89431
1.79661
1.52574
1.5034
1.71429
1.79365
2.34286
1.9875
2.04505
1.69643
1.76316
1.56383
8.14159
1.25753
1.3271
1.61852
1.65737
1.57343
1.82787
1.46078
1.65314
1.73705
1.4
1.36774
1.5597
1.58955
1.68254
1.48364
6.46479
1.33133
2.08333
2.0583
1.40273
1.5034
1.42692
1.27711
1.64179
1.73016
1.74621
2.09302
1.61905
1.63043
1.97458
1.73729
0.378571
1.2884
1.5069
1.47015
1.35099
1.45652
1.55986
2.02575
1.74576
1.35235
1.44218
1.64925
1.61475
1.51815
1.36972
5.45672
1.59316
1.31673
1.38994
1.67717
1.57037
1.70522
2.38571
1.43509
1.27119
1.34161
1.82308
2.1422
1.58403
1.25786
1.44218
6.85448
1.65672
1.52652
1.46479
1.60145
1.74603
1.80556
1.83209
1.66912
1.48162
1.47826
1.58993
1.71429
1.73016
1.59636
1.56863
6.14726
1.34091
1.60142
1.57377
1.38462
1.90377
2.25346
1.55
1.47535
1.50746
1.57092
2.03571
1.78295
1.69565
1.86531
1.49576
0.482143
1.52532
1.79817
1.49667
1.92166
1.35714
1.57348
2.19249
1.39262
1.62324
2.23256
1.65164
1.60627
1.70545
1.7027
5.28107
1.42809
1.5597
1.47388
1.40397
1.52239
1.58451
1.70492
1.28767
1.36709
1.72308
1.78968
1.77869
1.39394
1.28528
1.53091
5.55891
1.47586
1.57244
1.40206
1.55634
1.73413
1.67045
1.73091
1.96313
2.19266
1.96296
1.44025
1.94068
1.9322
2.08051
2.04425
0.358696
1.58779
1.57246
1.51181
1.28333
1.26686
1.80328
1.39726
1.36986
1.45205
1.65672
2.13761
1.46538
1.5082
1.86207
1.52098
0.275132
1.38028
1.40397
1.70896
2.13136
1.71888
1.57388
1.34056
1.69231
1.69048
1.61594
1.48077
1.19162
1.53623
1.73462
8.09244
1.95763
1.52281
1.61649
2
1.49231
1.51133
2.19266
1.68182
1.47853
2.13761
1.81633
1.67347
1.24272
1.41935
1.97541
0.284392
1.46538
1.40635
1.51587
1.45397
1.69915
1.45973
1.78279
1.62692
1.50164
1.32353
0.968421
1.23313
1.4966
2.05085
6.28421
1.36207
1.92202
1.57388
1.78244
2.30189
1.71429
1.29452
1.34385
1.48264
1.59328
1.25641
1.5
1.81148
1.8254
2.29386
0.312169
1.96916
1.47925
1.44
1.64504
1.69874
1.26984
1.41497
1.52518
1.69231
1.61905
1.96154
2.01293
1.70696
1.61345
5.90909
1.30168
2.01835
1.51984
1.4459
1.78571
1.72541
1.62898
2.49767
1.74818
1.31561
1.45302
2.06222
1.70522
1.99153
2.19266
0.406015
1.48418
1.82326
1.27273
1.50667
1.20597
1.42958
1.41234
2
1.62319
1.79098
1.81132
1.65079
1.5942
1.65079
5.89803
1.35016
1.47388
1.5411
1.66008
1.38188
1.43421
1.39502
1.46358
1.61508
1.45263
1.38776
1.52113
1.76718
1.99565
2.16667
8.05932
1.81092
1.41275
1.49818
1.58993
1.6627
1.35417
1.26582
1.46939
1.72692
2.39781
1.99156
1.55686
1.46575
1.62403
6.2585
1.46591
1.31307
1.63846
1.43284
1.43377
1.24919
1.44
1.69231
1.94048
2.25359
1.66412
1.56
1.96491
1.90678
1.53689
5.3808
1.23306
2.06573
2.36792
1.50505
1.80608
1.75397
2.13761
1.48913
1.57343
1.68033
1.63406
2.05069
1.57091
1.70492
1.59924
6.83395
1.30937
1.57609
1.60223
1.70751
1.17647
1.42466
1.42029
1.55634
1.63492
1.2847
1.27844
1.80723
1.90351
1.65233
1.85581
0.3625
1.32911
1.58209
1.6194
1.64504
1.68539
1.98729
2.42254
1.7247
1.28169
1.41441
2.04695
1.53237
1.68846
1.33333
5.53681
1.77068
2.17209
1.7563
1.48364
1.35211
1.25649
1.39667
1.7881
1.44444
1.67073
1.31469
1.39241
1.96429
1.65714
1.74312
5.30816
1.27374
1.83051
1.38564
1.83621
1.4881
1.40187
1.7623
1.56552
1.93133
1.84921
1.92982
1.65613
1.38796
1.2465
1.96476
0.252646
1.3661
1.39308
1.70238
1.57509
1.30769
1.61268
2.00424
2.38679
1.53788
1.23034
1.70543
1.47985
1.61258
1.77542
6.52612
1.22905
1.80159
1.59864
1.78899
1.22671
1.44482
1.78077
1.70722
1.51273
1.6413
1.88444
1.43357
1.42373
1.5053
1.55224
0.364286
2.00877
1.67717
1.29452
1.25667
1.25749
1.58736
1.57836
1.86047
1.30286
1.80508
1.58209
1.64179
1.86885
1.81148
1.7619
0.525794
1.87288
1.8189
1.74043
1.49259
1.6087
1.54348
1.4037
1.26101
1.42857
1.63504
1.65476
1.38333
2.13953
1.47183
6.48084
1.83137
1.488
1.29781
1.61837
2.15789
2.67143
1.41034
0.956186
1.33333
1.95635
2.21429
1.82258
1.66065
1.26241
1.33535
0.398214
1.44898
1.58955
1.46207
1.19941
1.61151
1.80328
1.59524
1.53793
1.42667
1.6553
1.9907
1.25617
1.31667
1.41497
6.49275
1.21498
1.37695
1.63492
1.42857
2.10088
1.61818
1.85973
1.24012
1.46479
1.58993
1.84921
1.37942
1.6223
1.33333
1.81148
7.40873
1.52288
1.5704
1.55431
1.67692
1.47826
1.66304
2.32569
1.61977
1.67669
1.50177
1.47778
1.44966
1.44615
1.45215
1.76154
0.43797
1.49662
1.61885
1.37742
1.66792
1.74603
1.72222
1.5
1.49296
1.60687
1.17015
1.4863
1.77778
1.55882
1.50871
6.73432
1.98859
1.53947
1.28488
1.74206
1.8843
1.82937
2.13488
1.81746
2.02542
1.46512
1.45875
1.68254
1.64925
1.68651
1.57475
0.265797
1.0927
1.44262
1.61508
1.45638
1.75769
1.21866
1.11111
1.39597
1.64179
1.63492
1.38199
1.23311
1.23263
1.51049
7.03846
1.46758
1.31868
1.25449
1.65385
1.94191
1.39024
1.44262
1.81377
1.63846
1.59542
1.48097
1.68382
1.99083
1.43165
1.36455
6.34471
1.85663
1.35401
1.20365
1.44444
1.62698
1.50352
1.72491
1.65966
1.57388
1.87288
1.46552
1.61837
1.29938
1.65217
1.72034
0.310185
1.71163
1.40909
1.75397
1.7619
1.56489
1.42509
1.58273
1.76587
1.96137
1.40138
1.61268
2.1055
1.75385
1.86864
4.90808
1.25705
1.49026
1.74153
1.57246
1.75385
1.85246
1.4657
1.47541
2.01327
2.2765
1.9823
1.82308
1.74312
1.40764
1.95935
8.31651
1.42424
1.77308
1.80804
1.45161
1.61066
1.17419
1.18485
1.44262
1.51984
1.26115
1.48701
1.72034
1.62718
1.85833
1.69615
0.281656
1.11959
1.73413
1.9214
1.63986
2.0186
1.76154
2.11441
1.375
1.36735
1.39249
1.41562
1.65164
1.44218
1.64179
7.72541
1.58801
1.43945
1.65217
1.75424
1.10795
1.36076
1.48746
1.52921
2.28837
2.05963
1.52416
1.52113
1.7
1.50397
1.49841
5.55486
1.18678
1.54737
1.67063
1.3069
1.42581
1.68254
1.7
1.50373
1.29245
1.29167
1.42236
2.03814
2.23364
1.65411
1.50168
0.243227
1.38806
1.3605
1.76866
1.77064
1.34295
1.4052
1.40881
2.0082
2.22897
1.5
1.50842
2.17778
1.58051
1.40361
5.60252
1.13707
1.2819
1.71374
1.2649
1.33333
1.46479
1.52239
1.42254
1.45238
1.43284
1.34385
1.33667
1.31646
1.64748
1.76695
6.46713
1.99057
1.30564
1.51587
1.43974
1.85317
1.75439
1.61649
1.40217
1.38658
1.75794
1.69841
1.69173
1.94068
1.83051
1.67424
0.426871
1.82422
2.13761
1.99153
1.59664
1.50955
1.94495
1.63806
1.4094
1.47703
1.58209
1.6194
1.62977
1.65568
1.75385
6.88636
1.76046
1.31438
1.5411
2.10092
1.72015
2.36279
1.92395
1.34295
1.39373
1.46897
1.32463
1.22515
1.57951
1.99531
1.3245
6.0493
1.18442
1.86441
1.44333
1.49821
1.53571
1.42222
1.37
1.53147
1.89767
1.44073
2.02752
1.49805
1.46667
1.21512
1.47212
0.38474
1.61852
1.90871
1.39394
1.39355
1.46538
1.31077
1.60662
1.47015
1.51656
1.87342
1.29073
1.55709
1.62264
1.6
6.6223
1.63139
1.98268
1.59843
1.41216
1.36232
1.44516
1.83197
1.53818
1.33564
1.36637
1.89344
2.04018
1.41925
1.43144
1.6194
7.62712
1.5034
1.72689
1.36928
1.52239
1.66901
1.85321
1.20408
1.27027
2.58216
1.13953
1.4
1.56738
1.97807
1.39744
1.20988
0.26455
1.47603
2.21101
1.76154
1.88559
1.73228
1.69048
1.60959
1.9386
1.29323
1.31609
1.86864
1.48993
1.68727
2.31925
7.79825
1.96198
1.9447
1.35099
1.5
1.6791
1.63889
1.30137
1.21739
1.37
1.59011
1.79508
1.49301
1.16201
1.56159
1.6015
6.55224
1.10109
1.125
1.3642
2.12288
2.08837
2.01277
1.74694
1.59441
1.87712
1.62353
1.57785
2.15351
1.91304
1.89831
1.76446
0.432143
1.68814
2.00455
1.66316
2.01835
1.73846
2.08333
1.62605
1.40909
1.86475
1.87866
1.48746
1.58935
1.37143
1.42581
7.28571
1.35165
1.15
1.41639
1.75385
1.74576
1.68231
2.08333
1.88017
1.5
1.79661
1.64179
1.68254
1.34722
1.16717
1.47742
7.73729
1.57394
1.22611
1.52412
1.99083
1.91085
2.34389
1.50336
1.41137
1.62937
1.79825
1.57394
2.04695
1.5
1.71174
6.52414
1.61397
1.57388
1.54417
1.92982
1.6558
1.75847
1.47735
1.64925
1.69048
1.30258
1.42274
2.24091
1.59387
1.47937
2.00847
8.11927
1.30313
1.70522
1.77376
1.38994
1.47222
1.29448
1.56618
1.53875
1.62602
1.53226
2.30876
2.05372
1.51957
1.62698
1.58273
0.328869
1.32881
1.47333
1.79921
1.95339
1.9913
2.00847
2
1.94492
2.22222
1.82083
2.24651
1.83197
1.90583
1.39597
1.58273
0.243386
1.3642
2.25229
2.41232
1.87288
1.33333
1.54815
1.73381
2.13761
1.60169
1.25392
1.53061
1.64979
1.47
1.6015
6.90299
1.42056
1.58065
1.47
2
1.61888
1.68837
1.60656
1.97034
2.32627
1.46729
1.56164
1.78899
1.40764
1.56746
1.1962
0.43515
1.41176
1.5493
1.72441
1.6374
1.73881
1.97807
1.73577
1.72358
1.73551
1.82629
1.26282
1.50658
1.65079
1.60075
1.58955
0.271825
1.32394
1.40909
1.58846
1.63899
1.58503
1.77632
1.16618
1.60145
1.38144
1.05828
1.17429
1.53357
2.31193
2.22321
5.51534
1.31548
1.71154
2.06047
1.27891
1.35849
1.63077
1.6194
1.72243
1.36949
1.33766
1.31338
1.29022
1.55709
1.52869
1.29114
0.442669
1.46377
1.52901
1.52869
1.36533
1.81746
1.78992
1.41946
1.65704
1.46179
1.64231
1.55882
1.95902
1.47619
1.44867
5.67722
1.22684
1.50993
1.75
1.41297
1.55749
2.05991
1.29592
1.39241
1.80328
1.63095
1.51761
1.92019
1.26946
1.76154
0.955882
5.69497
1.3642
1.7
1.71875
1.73016
1.59396
1.83772
1.61481
1.66154
1.84524
1.3468
1.3
1.50658
1.90678
1.72951
1.70035
0.214286
1.37423
1.81557
1.49822
1.51916
1.36913
1.57746
2.12288
1.92982
1.59375
1.37367
1.41558
1.72519
1.45862
1.57706
6.49097
1.20115
1.50719
1.39855
1.20359
1.43537
1.57664
1.85714
1.83712
1.35374
1.56081
1.89076
1.81651
1.55631
1.56314
1.52448
0.25463
1.57246
1.91667
1.58503
2.02752
1.78968
1.77869
1.95339
1.38816
1.30961
1.35849
1.76154
2.11441
2.12017
2.07393
8.18636
1.30061
1.36567
1.30395
1.5618
1.16418
1.15142
1.32931
1.81746
1.80085
1.43854
1.72302
1.85909
1.39932
1.54545
1.84921
8.00439
1.42236
1.61154
1.41497
1.65217
2.02542
2.39906
1.85714
1.52013
1.97458
1.76695
1.27666
1.47917
1.76493
2.07895
7.77193
1.68382
2.02183
1.38176
1.45172
1.46801
1.75
2.00939
1.49667
1.78008
2.12121
1.6902
1.59727
1.69742
1.26101
1.54182
6.82836
1.44366
1.44604
1.30068
1.45806
1.75
1.74809
1.83898
1.63823
2.01695
1.46269
1.53061
1.90574
2.1991
2.03211
1.67742
0.337798
1.46014
1.54452
1.95708
1.6627
1.67754
2.4093
1.58456
2.23423
1.59924
1.58273
1.71429
1.4
1.15581
1.6014
8.11017
1.63296
1.54355
1.43333
1.43522
1.72308
1.81967
1.36458
1.42
1.55224
1.63571
1.60135
2.04587
1.78731
1.61423
2.03182
5.97987
1.10526
1.33333
1.6903
1.73593
1.50685
1.7619
1.7619
1.77855
1.91855
1.68702
2.08051
1.57827
1.79832
1.26415
6.2551
1.61765
1.4246
1.40237
1.98624
1.70758
1.55224
1.65672
1.74144
2.29817
1.44815
1.38264
1.43273
1.41391
1.6791
1.77193
6.19048
1.8363
1.71074
1.41176
1.39032
1.67033
1.87288
1.71825
1.56
1.58801
1.6194
1.74603
1.47619
1.11111
1.23295
1.72308
7.95902
1.48322
1.5315
1.37419
1.58974
2.07339
1.43403
1.31889
1.80385
2.06512
1.48966
1.36601
1.59574
1.61069
1.58303
6.62807
1.54887
1.38028
1.46667
1.84127
2.2891
1.91597
1.48252
1.68198
2.01852
1.6779
1.7377
1.61624
1.55639
1.32394
1.39241
7.31349
1.50649
1.59746
1.39241
2.17647
1.97095
1.40317
1.32609
1.37143
1.64029
1.77119
1.43382
1.50347
1.65942
1.86864
2.21429
0.524802
2.26047
1.60741
1.30159
2.05381
1.52381
1.81148
1.46711
1.6
1.5493
1.78571
2.31455
1.53815
1.27245
1.52901
8.56542
1.52817
1.73881
1.60593
1.38365
1.69444
1.55224
1.72101
2.0367
1.1875
1.47458
1.34783
1.55063
1.91284
1.51111
1.5493
7.28968
1.27389
1.47945
1.70769
1.75397
1.44147
1.65074
2.21327
1.38956
1.39198
1.87149
1.80508
1.72593
2.03211
1.6
1.64925
7.30081
1.0731
1.16918
1.2
1.39241
1.83333
1.26861
1.42
1.55224
1.47482
1.45367
2.08451
1.40397
1.76538
1.84322
1.73077
0.416353
1.43974
2.12844
2.09362
1.62937
1.86404
1.6
1.81746
2.25472
1.59176
1.14196
1.38279
2.02752
1.66667
1.58607
5.7608
1.49481
1.48551
1.45423
1.59507
1.86441
1.40299
1.23585
1.38158
1.55133
1.22823
1.66549
2.125
1.75097
1.81746
1.94492
7.60504
1.27217
1.65942
1.83898
1.33421
2.10233
1.50769
1.42466
1.66538
1.69343
1.18605
1.64085
2.04386
2.19266
1.89113
1.49169
0.343537
1.37987
1.64925
1.77778
1.57143
1.25329
1.30351
1.49296
1.64925
2.10656
1.67391
1.19814
1.5
1.90164
1.27907
5.84444
1.63448
1.84211
1.96218
1.86905
1.82326
1.36824
1.46128
1.74603
1.73016
1.54074
1.56522
1.72308
1.83607
3.19333
1.4019
7.0873
1.50492
2.13559
1.52768
1.40065
1.72901
1.92889
1.70504
1.79817
1.37624
1.70149
2
1.80087
1.52727
1.25074
1.48551
8.54128
1.30464
1.37612
1.11304
1.40411
1.60606
1.55185
1.65267
2.27354
1.97758
1.35065
1.64179
1.67857
1.65918
1.85648
1.24096
0.283801
1.6627
1.61172
1.7
1.75397
1.86508
2.18605
1.3311
1.44051
2.16514
1.75397
1.7541
1.5
1.77465
1.56126
6.00333
1.95437
2.15138
2.23256
1.44326
1.57042
2.14085
1.48944
2.33023
1.64961
1.50725
1.62319
1.89831
1.35962
2.16279
1.31987
6.17667
1.45769
1.46541
1.85088
1.67518
1.86404
1.8209
1.77876
1.35948
1.53147
1.83402
1.82308
1.85965
1.36093
1.41667
1.5493
0.431122
1.67529
1.33537
1.29104
1.13873
1.43046
1.89076
1.91393
1.4484
1.34219
1.47826
1.55952
1.40594
1.64074
1.86842
6.16434
1.39474
1.6121
2.49065
1.51203
1.62595
1.54104
1.54386
1.32955
1.78512
1.19277
1.42475
1.64925
1.89286
1.77381
1.55319
0.293367
1.96491
1.81148
1.6875
1.47328
1.42857
1.88095
1.83486
1.57746
1.90254
1.41611
1.5583
1.85328
1.87805
2.06867
8.33486
1.23973
1.19585
1.51203
1.8178
1.38369
2.0339
1.32237
1.46645
1.36552
1.45946
1.84231
1.71861
1.18333
1.46753
1.875
7.35714
1.2465
1.60816
1.42581
1.69048
1.72441
1.68321
1.93469
1.7113
1.55435
1.58955
1.53069
1.46429
1.50704
1.48339
1.5493
0.285053
1.64207
2.07477
1.29167
1.48252
1.58209
1.68635
1.52593
1.23077
1.3642
1.65873
1.48797
1.47727
1.44554
1.70896
8.37615
1.24843
1.19032
1.46104
1.68254
1.64074
1.38973
1.22156
1.60563
1.79661
1.8373
1.39394
1.5461
1.36986
1.45205
7.13433
1.40146
1.24675
1.52667
1.6822
1.36
1.5493
1.77778
2.00424
1.80508
1.71756
2.16972
1.99095
1.69203
1.81651
1.43506
7.15769
1.4629
1.49141
1.49638
1.42708
1.59551
1.48507
1.28
1.42581
1.88095
2.02752
1.65476
1.6014
2
1.58303
1.62182
8.18421
1.48718
1.53952
1.74576
1.36
1.5331
1.62698
1.61268
1.88983
1.46512
1.44408
2.0354
1.50333
1.6791
1.74016
1.74603
0.426871
1.85714
1.2987
1.56164
1.82203
1.38567
1.39344
1.5516
1.73077
1.76271
1.54608
1.83929
1.39355
1.66923
1.55556
6.11258
1.44361
1.30844
1.55439
1.63095
1.48299
1.48031
1.49686
2.17925
1.83858
2.07109
1.19757
1.55782
1.82203
1.4
2.13043
5.30791
1.76154
1.40845
1.38028
1.6014
2.05046
1.46503
1.31667
1.5034
1.68627
1.52083
1.54015
1.67266
2.12054
1.60593
1.3119
0.290344
2.04505
1.60993
1.37736
1.68592
1.43369
1.39726
1.5669
1.29153
1.42953
1.70741
1.56225
1.3271
1.47727
1.4095
8.31193
1.51935
1.80932
1.58209
1.61194
1.75385
1.90678
1.93578
1.47157
1.60714
1.42809
1.53358
1.42361
1.52249
1.80328
1.72619
7.48221
1.5
1.4702
1.84583
1.85771
1.49296
1.67164
1.75
1.7803
1.93852
1.52672
1.37671
1.55634
1.69841
1.77692
1.49828
0.268495
2.15814
1.47183
1.38062
1.32237
1.63986
2.48837
1.88433
1.43312
1.17089
1.33022
1.27239
1.41212
2.06422
1.75397
5.80392
1.19101
1.70896
2.11017
1.4863
1.50169
1.51866
1.58545
1.55769
1.4589
1.89474
1.5669
2.07111
1.83051
1.59928
1.92275
0.227513
1.38889
1.95492
1.85281
1.72845
1.35849
1.44231
1.36306
1.45896
1.30968
1.30168
2.02752
1.79927
1.45421
1.42907
5.96622
1.32526
1.25301
1.73881
1.89151
1.52077
2.04825
1.75877
1.5274
1.5035
1.55208
2.02232
1.57343
1.87719
1.50746
1.46622
7.20902
1.27647
1.54762
1.60351
1.75
1.62595
1.68889
1.86441
1.24595
1.61301
2.22066
1.38889
1.32468
1.63287
2.25439
1.67247
0.375
1.31646
1.70896
2.00847
1.86239
1.31271
1.39542
1.77308
1.99153
1.75814
1.35849
1.64925
1.80738
1.81319
1.69597
6.80515
1.33333
1.33133
1.68254
1.38028
1.41333
1.57037
1.50149
1.44697
1.43396
1.52881
1.91667
1.5798
1.6875
1.30195
1.5137
0.404762
1.56343
1.58182
2.0332
1.94495
1.6129
2.02869
1.35667
1.35452
1.54949
2.00431
1.52574
1.67518
1.60215
1.6391
6.59328
1.36176
2
1.53875
1.40134
1.53191
1.6194
1.88136
1.76429
1.87234
1.36039
1.44056
1.68841
1.58741
1.41853
1.61511
0.42602
2.11163
1.79747
1.32468
1.57246
1.69048
1.41111
1.39748
2.04365
1.53791
1.443
2.17467
1.87712
1.67213
1.29123
5.43713
1.6
1.30667
1.26254
1.59273
1.52672
1.50685
1.80952
2.13596
2
1.50883
1.6194
1.56489
1.57746
1.72131
1.74815
8.03493
1.85294
2.1625
1.40439
2.01695
1.88136
1.82143
1.76695
1.51049
1.6
1.55797
2.09052
1.93274
1.71642
1.79216
1.95299
0.449107
2.23005
1.84906
1.39241
1.62698
1.52817
2.22018
1.90826
1.37419
1.631
1.69048
1.62963
1.59921
1.49498
1.9417
1.31507
0.292328
1.64683
1.19257
1.37126
2.0262
1.73729
1.49653
2
1.44025
1.72034
1.3913
1.60145
1.63889
1.60638
1.89767
5.77885
1.61765
1.68254
1.6791
1.97248
1.47603
1.36842
1.54754
2.02439
1.52045
1.58586
1.74449
1.36774
1.64925
1.52672
1.3006
8.45333
1.60246
1.22483
1.40606
1.80932
1.61111
1.46479
1.22483
1.41212
2.00439
2.44915
1.32796
2.10823
1.96311
2.07798
1.63774
0.234788
1.22353
1.61871
1.81148
1.6627
1.52239
1.49822
1.84711
1.43082
1.28395
1.5942
1.73413
1.42143
1.4106
1.55224
6.53261
1.82264
1.26748
1.34859
1.34524
1.54815
1.57836
1.98174
1.38994
2.09174
1.48551
1.45423
1.27304
1.35948
1.61268
1.88559
0.454932
1.46753
1.45638
1.69231
1.87698
1.29703
1.42857
1.52381
1.39355
1.79087
1.18792
1.21637
1.49281
1.5233
1.65299
7.34921
2.31604
1.70635
1.64444
1.77567
1.97826
2.04651
1.60563
1.84746
1.41806
1.6755
2.04762
1.44898
1.93103
1.53623
1.47015
0.290714
1.13772
1.40764
1.86111
2.05581
1.45296
1.5302
1.99083
1.35145
1.39319
1.86017
1.92488
1.2994
1.69615
1.44918
7.06538
1.32353
1.35802
1.78968
1.77869
1.68217
1.63309
1.57778
1.64179
1.81746
1.79098
1.84528
1.27796
1.42333
1.59559
1.77567
7.69492
1.23693
1.34177
1.53425
1.80328
1.75368
1.99083
1.6378
1.70896
1.88559
1.21829
1.28972
1.49281
1.51748
1.70238
1.60145
6.90079
1.16832
2.16038
1.82143
2.07477
1.34228
1.41497
1.64748
1.76271
1.59489
1.51264
1.43493
1.42446
1.57931
1.65678
1.75972
0.431391
0.883721
1.3869
2.10092
1.84426
1.88664
2.16509
1.62598
1.13016
1.56678
1.27796
1.58562
2.0186
1.62821
1.46125
5.59337
2.42056
1.92982
1.57937
1.58528
1.73853
1.30794
1.48288
1.6194
1.71756
1.89837
1.72358
1.51582
1.81532
1.47119
1.42745
0.368012
1.3806
1.43396
1.83051
1.68254
1.63043
1.95082
1.93151
1.3245
1.44702
1.79545
1.73394
1.38994
1.75397
1.77381
1.7
0.308201
1.91228
2.23394
1.38571
1.31973
1.26837
1.49007
1.75
1.5068
2.13636
1.97436
2.23832
1.45545
1.23226
1.5053
6.23077
1.37072
1.79365
1.63415
1.45946
1.73077
1.54098
1.40881
1.81148
1.77143
1.42321
1.2911
1.30864
1.77612
1.83945
1.40667
6.18571
1.2191
1.48462
1.41613
1.4981
1.43243
1.45161
1.67063
1.6037
1.2375
1.4
2.12719
2.22791
1.76793
1.2524
1.55782
0.350932
1.36076
1.35593
1.51495
1.9913
1.70703
2.2968
1.85973
1.31507
1.13871
1.33138
2.13761
1.91803
2
1.55926
6.63958
1.44482
1.63077
1.61194
1.61977
1.52985
1.53873
1.96889
1.60563
1.48239
1.47826
1.51049
1.45
1.1942
1.74812
1.98678
5.92784
1.19737
1.63498
1.49655
2.2156
1.81702
1.58451
1.85366
1.69915
1.46233
1.4981
1.27523
1.76866
1.83486
1.54452
1.53219
0.298077
1.54545
2.49541
1.57383
2.3814
2.17431
1.98624
1.56538
1.49158
1.68254
1.46269
1.61268
1.58898
1.16456
1.30982
7.39759
1.47213
1.73358
1.31667
1.48454
1.82308
2.18349
1.9589
1.2945
1.32192
1.41558
1.79615
1.39437
1.36275
1.6014
1.88073
5.99032
1.63492
1.38028
1.53333
2.16514
1.87288
1.9252
1.22105
1.50311
2.00866
1.76296
1.72018
1.42617
1.62825
1.41985
5.73602
1.60687
1.68364
1.89671
1.46
1.78226
1.57692
1.50752
1.26748
1.56884
1.69466
1.62302
1.21562
1.2546
1.52113
1.73077
7.37705
1.40361
2.00909
1.53358
1.55088
1.68254
1.57143
1.28302
1.52518
1.64179
1.68852
1.21384
1.54333
2.09664
2.05479
2.19481
8.42202
1.67153
2.06422
1.38433
1.38462
1.80085
2.0093
1.44516
2.05508
1.95062
1.63309
1.57042
2.03433
1.75424
1.53623
1.47826
0.318323
1.36278
1.76154
1.97034
2.17797
1.33229
1.61172
1.57895
1.63415
1.56849
2.11468
1.85202
1.57931
1.84322
1.53846
6.35664
1.69202
1.71369
1.28239
1.26299
1.44262
1.57143
1.24921
1.47826
1.57196
1.61481
1.2
1.36395
1.41497
1.67164
1.65164
5.98
1.37413
1.22667
1.41975
1.72477
1.27933
1.77119
1.4964
1.64388
2.09746
1.89732
1.45425
1.89583
1.47692
1.48254
1.95872
6.41544
1.17452
1.69231
1.84127
1.73984
1.45985
1.49658
1.41637
1.6388
2.13761
2.02752
1.44853
1.40067
1.74638
1.93578
1.80989
7.55159
1.76271
1.46667
1.84921
1.78125
1.86235
1.49618
1.48344
1.78689
1.42143
1.4767
1.53521
1.86
1.97458
1.59857
7.64754
1.34457
1.20981
1.64925
1.54365
1.68498
1.47101
1.54138
1.2053
1.66556
1.79231
1.5292
1.15833
1.64312
1.60317
1.42282
6.93657
1.59328
1.63077
1.43704
1.55862
2.22222
2.20175
1.41748
1.52234
1.55823
1.19937
1.3961
1.55957
1.63846
1.70385
2.03571
0.302249
2.00437
1.82377
1.35826
1.3578
1.89778
1.34247
1.50685
1.84921
1.79825
1.66901
2.2844
1.32781
1.375
1.7619
7.35317
1.67857
1.40264
1.43448
1.43509
1.63699
1.92982
1.74603
1.94068
1.20938
1.77817
1.66216
1.34385
1.64207
1.72598
1.7605
0.436607
1.88934
1.80508
1.61194
1.79762
2.19535
1.83333
2.18644
1.41115
1.49836
1.74699
1.69048
1.73016
1.57692
1.32192
5.94839
1.67041
1.94064
1.49827
1.71805
1.91506
1.90164
2.08772
2.07042
1.50316
2.09174
1.52227
1.40881
1.87705
1.56727
1.51237
6.681
1.36806
1.59589
1.86441
1.57937
1.75089
2.02752
1.73413
1.62646
1.44898
1.63077
1.76866
2.00439
1.77119
1.30746
1.80508
0.326531
1.35196
1.81641
1.67969
1.5036
1.60145
1.77778
1.81148
1.81746
1.9633
1.77491
1.81513
1.59921
1.40068
1.5597
6.5914
1.65809
1.86441
1.51877
1.48689
1.38614
1.45775
1.56159
2.15962
1.08876
1.27607
1.55224
1.60145
1.56349
1.33333
1.49254
6.67266
1.33922
1.37415
1.62329
1.93043
2.12385
1.62633
1.75556
2.04651
1.60284
1.77049
1.53558
1.53559
1.70612
1.61871
1.86066
7.34902
1.61091
1.87013
1.55634
1.61111
1.49481
1.28834
1.60403
1.79457
1.44654
1.82456
1.58451
1.7623
1.63359
1.59387
1.57746
0.30291
1.28395
1.68493
1.75439
1.47333
1.61111
1.34375
1.39934
1.52239
1.62937
1.98165
1.49393
1.28931
1.57096
1.95413
6.77239
1.54348
1.39024
1.56028
1.75573
1.84127
1.47405
1.49446
1.26962
1.15663
1.48344
1.76639
2.29302
1.56134
1.44932
1.6065
8.51163
1.46897
1.54244
1.88073
1.38889
1.62698
1.50352
1.41791
1.25786
1.77536
1.81651
1.24232
1.21791
1.61268
2.10092
1.75397
7.30952
1.48571
1.64748
1.90678
2.14679
1.82422
1.7193
1.42333
1.56627
1.37061
1.68679
1.48123
1.94444
2.07895
1.83607
1.84426
0.36646
1.34582
1.62121
1.49254
1.5137
1.59127
1.52727
1.25347
1.36986
1.6014
2.0367
1.4
1.53667
1.864
2.10762
7.57787
1.41948
1.48065
1.89498
1.32187
1.37671
1.59028
1.97458
2.11009
2.32857
1.55
1.28261
1.6014
2.13761
1.84016
1.3069
6.45517
1.48515
1.70522
2.07907
1.42553
1.53819
1.64683
1.28135
1.43299
1.66667
2
1.66412
1.74138
1.37987
1.56343
1.69065
7.92797
2.14414
1.91406
1.75397
1.77642
1.11628
1.42466
1.60145
1.58333
1.35161
1.22523
1.64085
2.15789
2.38053
2.26522
5.44693
1.50185
1.3367
1.41639
1.54615
2.33175
1.57721
1.69512
1.43151
1.58955
1.64504
1.4433
1.45775
1.56522
1.84231
1.44681
0.385204
1.33333
1.40136
1.55442
1.24927
1.63139
1.1994
1.45704
1.7
1.8178
1.42955
1.4589
1.75385
1.89831
1.4396
6
1.16201
1.64748
2.14407
1.56187
2.3066
1.73333
1.98605
1.4966
1.88889
1.87156
1.64085
1.75424
1.2486
1.55363
1.80328
0.259259
1.47333
1.67969
1.84167
1.63768
1.33673
1.5493
1.64925
2.2844
1.3213
1.25893
1.625
1.75397
1.69841
1.64912
6.77978
1.63158
1.75
1.98165
1.58099
0.933673
1.30573
1.54355
1.88095
1.55782
1.09596
1.6553
1.34114
1.47222
1.64925
7.05882
1.42857
1.41304
1.56944
1.72963
2.03846
1.30392
1.43312
2.10092
1.52985
1.50352
1.72491
1.68067
1.53169
2.02979
1.84716
5.97651
1.29305
1.59328
1.70787
1.83051
1.56923
1.51408
2.31628
1.65254
1.27508
1.26531
1.68254
1.68284
1.72059
2.21101
1.49045
0.238095
1.32229
1.26148
1.30178
1.69841
1.65299
1.54444
1.63043
1.80952
1.86404
1.43289
1.14072
1.46689
1.66667
1.63704
6.45745
1.31646
1.60563
2.08475
1.97154
1.36601
1.46125
1.24272
1.46358
1.65079
1.47059
1.54478
1.44027
1.50725
1.70896
2.04237
0.413393
1.28431
1.49533
2.13761
1.86404
1.99582
2.25116
1.78947
1.55254
1.58051
1.34365
1.93916
1.67511
1.4129
1.61338
7.88462
1.53069
2.27982
1.45149
1.32899
1.62937
1.69369
1.40741
1.98305
1.36513
1.42071
1.48872
1.38462
1.26498
1.54882
1.375
5.43082
1.08421
1.45965
1.57609
1.80237
1.77049
1.65
2.19535
1.33566
1.33742
1.6
1.60145
1.77381
1.90551
2.3318
1.46494
0.37782
1.22099
1.74603
1.65079
1.44056
1.56679
1.62698
1.53425
1.97034
1.31338
1.40994
2.10092
2.00405
1.95276
1.43813
6.24055
1.3323
2.26512
1.42122
1.60169
1.33333
1.6791
1.84836
1.58462
1.24595
1.58
2.02752
1.8373
1.10453
1.27606
1.9814
5.97279
1.28158
1.31868
1.3869
1.79386
1.46392
1.58209
1.58209
1.68889
1.73729
1.56643
2.03017
1.62681
1.56055
1.72222
1.7619
0.298942
2.19196
2.12719
1.57678
1.49682
1.87156
1.59589
1.57339
1.25581
1.49296
1.43284
1.46358
1.71032
1.43042
1.44369
6.20408
1.33043
2.23474
1.58898
1.30573
1.58672
1.47119
1.78968
1.79918
2.15111
1.73984
1.57037
1.64925
1.80556
1.41379
1.35211
6.04082
1.24176
1.87085
1.60079
1.32
1.54054
1.81356
1.72028
1.67559
2.20536
2.00847
1.99541
1.77215
1.49653
1.54444
6.97826
1.64427
1.56115
1.70642
1.07003
1.47651
1.7619
1.1358
1.26708
1.53623
1.50746
1.41924
1.47636
1.35548
1.61268
1.95339
7.01976
1.40373
1.73077
1.50763
1.4417
1.43046
1.56538
1.39465
1.5089
1.20482
1.53061
1.90254
2.75463
1.51195
1.59854
1.8
0.477444
1.95021
1.54815
1.625
2.05909
1.68478
1.62278
1.48993
1.51449
1.60507
1.40439
1.61417
1.34843
1.42071
1.28053
5.96284
1.11202
1.74648
1.19375
1.45631
1.77049
1.55
1.42517
1.73881
1.79825
1.52817
2.22018
1.79817
1.38365
1.50794
1.34177
0.363354
1.68254
1.6903
1.64706
1.43506
1.74603
1.40079
1.06667
1.44025
2.01271
1.77489
1.56597
1.33333
1.45578
1.5597
1.52878
0.303571
1.63983
1.47267
1.67699
1.34969
1.86508
2.01277
1.60563
2.15487
2.68421
1.59011
1.36624
1.74909
1.6
1.7
7.34524
1.45
1.55762
1.68077
1.97925
2.16444
2.38278
1.38488
1.80797
1.22424
1.50685
1.74704
1.56107
1.41176
1.70863
8.77064
1.84848
1.82883
1.43945
1.56522
1.91803
1.3697
1.98148
1.63043
1.68852
1.44366
1.41667
1.37049
1.58462
1.52448
1.83333
5.75484
1.21752
1.33447
1.443
1.55556
1.5493
1.55556
1.31148
1.38095
1.39799
2.11842
1.68462
1.48746
1.28425
1.38485
2.1831
0.391234
1.33916
1.38111
1.6963
1.97034
1.44406
1.50169
1.32915
1.68284
1.93644
1.74905
1.69686
1.90717
1.63922
1.61765
7.73361
1.70385
1.53226
1.21918
1.31563
1.62698
1.3986
1.44482
1.48462
1.46575
1.69048
1.68651
1.43929
1.12883
1.40881
1.84426
0.328297
1.40345
1.33677
1.32131
1.51203
1.84127
1.88312
1.47619
1.80952
1.84322
1.47321
1.88496
1.56274
1.58273
1.73413
5.69231
1.52759
1.80315
1.87288
1.94068
1.78571
1.38321
1.38365
1.75397
3.10759
1.41158
1.52837
1.68702
1.71429
1.51923
1.42053
8.83721
1.4375
1.42537
1.41026
1.82143
1.94068
2.13084
1.39077
1.71486
1.66923
1.72901
1.844
1.53957
1.68657
1.93617
1.48966
0.454082
1.71491
1.34828
1.37457
1.47003
1.79048
1.09195
1.23175
1.3119
1.6014
2.0339
1.61321
1.429
1.88182
1.61702
7.92797
1.87288
2.24645
1.64925
1.74603
1.91667
1.64729
1.28525
1.60563
1.64407
1.34194
1.47826
1.57836
1.65926
2.12676
1.41948
5.81931
2.03687
1.61232
2.29302
2.55238
2.00855
1.41776
1.50201
1.24702
1.35971
1.2129
1.39355
1.7
1.28146
1.40453
2.56881
0.277778
1.55109
1.59341
2.09091
1.60714
1.52465
1.64122
2.01835
1.47333
1.73016
1.89313
1.15205
1.49296
1.67164
1.80328
6.10274
1.28313
1.53184
1.52857
2.0354
1.44718
1.10286
1.24172
1.13314
1.61224
2.05505
1.80328
1.79608
1.61017
1.42236
1.7161
6.12329
1.22346
1.83936
1.7377
1.67037
1.92275
1.82143
2.06912
1.33125
1.44048
1.45397
2.12385
2.2723
1.66376
1.15942
1.3838
0.466165
1.6
1.60145
1.75397
1.25382
1.35793
1.36774
1.62044
1.62642
1.50526
1.46269
1.4404
1.83462
1.34812
1.25989
5.95517
1.15
2.17674
1.72694
1.17178
1.4586
2.00877
1.97706
1.48493
1.88492
1.77344
1.39752
1.56226
2.21552
1.8211
6.07641
1.44138
2.19811
1.97674
1.75664
1.46512
1.50865
1.77734
1.73077
1.77459
1.51471
1.26531
1.37267
1.85714
1.97561
1.44964
5.95548
1.25212
1.94954
1.43624
1.49492
1.30909
1.58209
1.50746
1.53925
1.32283
1.37135
1.71163
1.46108
1.4963
1.39932
1.55282
0.421429
1.52613
1.66154
1.59551
1.70896
1.66228
1.31613
1.625
1.8
1.60507
1.82812
1.66084
1.77165
1.97581
1.45283
5.52597
1.1519
2.18779
1.75
1.0566
1.32941
2.21101
2.06356
2.29302
1.52465
1.61765
1.71311
1.51119
1.60137
2.06881
1.61905
0.415584
1.41803
1.28448
1.25648
1.40419
1.88372
1.14887
1.27434
1.55769
1.44366
1.37838
1.46479
1.72826
2.19725
1.36879
5.67097
1.17134
1.34177
1.74206
1.1891
1.22324
1.56849
1.83898
1.6374
1.32847
1.27097
1.76493
1.9697
1.58528
1.92241
1.64748
7.44828
1.15873
1.53947
1.88073
1.46479
1.56159
2.06466
1.61981
1.02194
1.10497
1.5942
1.52239
1.55634
1.7619
1.375
6.06954
1.29412
1.28313
2.47706
1.88559
1.44218
1.55396
1.39231
1.60197
1.38462
1.46953
1.51049
1.7
1.7418
1.53381
1.61265
6.44565
1.34333
1.47482
1.42475
1.52448
1.70238
1.54478
1.5493
1.78571
1.80738
1.69291
1.46763
1.57746
1.81349
1.77656
1.775
6.42599
1.21751
1.9907
1.61246
1.78814
1.5942
1.6627
1.12698
1.38028
1.68657
2.13934
1.41912
1.48718
1.90351
1.52239
1.35099
0.30291
1.98305
1.568
1.39333
1.63043
1.73016
2.35545
1.29825
1.10366
1.14671
1.34076
1.53791
2.26606
1.9115
1.65942
8.00424
1.48897
1.37785
1.76493
1.57664
2.10798
1.28333
1.31609
1.58519
1.44928
1.55634
1.75794
1.83333
1.66788
2.14884
2.08261
0.277473
1.31481
1.71375
1.64925
1.63396
1.66667
1.53242
1.89431
1.86441
1.74603
1.86111
2.26512
2.03704
1.43796
1.45215
7.25397
1.63235
1.59055
1.44444
1.58993
2.41743
2.02203
1.30565
1.32
2.2757
1.74597
1.41033
1.66901
2.01835
1.48016
1.44272
8.37719
1.94048
1.29605
1.43974
1.42953
1.73134
1.75115
1.34132
1.61885
1.54305
2.09633
1.61111
1.60204
1.62069
1.39308
1.88797
0.26455
1.63309
2.06047
1.72308
1.80952
1.86864
1.98312
1.64364
1.88618
1.59375
1.5
1.68889
1.94068
1.57203
1.30921
6.27
1.56554
1.35211
1.35274
1.3289
1.61511
1.82203
1.4931
1.51273
1.34722
1.45455
1.64286
1.47535
1.58993
1.74603
1.7619
8.13362
1.76891
1.3574
1.41026
1.82143
1.78814
1.57353
1.57037
2.38679
1.97414
1.8178
1.58955
1.79693
1.82143
1.88596
1.48029
5.89577
1.21922
1.4589
1.66418
1.56923
1.41534
1.65079
1.64029
1.65678
1.39088
2.38158
2.02586
1.47331
1.28671
1.44516
1.7541
0.404464
1.23077
1.36
1.65734
1.92202
1.44086
1.40714
1.46939
1.41538
1.29003
1.48507
1.44444
1.38028
1.6162
1.91949
1.8373
0.303571
1.93277
1.53975
1.33333
1.64615
2.28899
1.49603
1.30818
1.68116
1.76695
1.32927
1.67717
1.52941
1.71739
2.09633
5.65123
1.39869
1.59191
1.56204
1.58955
1.6306
1.72
1.29231
2.03448
1.70339
1.29932
1.35065
1.53737
1.58846
2.16744
1.47241
6.71269
1.0085
1.30909
1.51866
1.42545
1.25974
1.39216
1.64662
1.63345
1.94068
1.83898
1.70833
1.8114
1.46667
1.65873
1.61972
3.86836
1.54355
1.88525
2.08861
2.69378
2.00422
1.51536
1.80952
1.90678
1.4877
1.38369
1.83051
1.7459
1.78175
1.54576
6.61379
1.81992
1.6139
1.51504
1.39116
1.44792
1.5471
1.77872
1.39519
1.58528
1.76606
1.48701
2.14831
1.31457
1.32166
1.65299
6.76119
1.32635
1.14414
1.2943
1.55634
1.97034
1.76695
1.42951
1.58635
1.47742
1.85169
1.99558
1.54671
2.11737
1.55
1.37374
0.255102
1.61301
2.62037
1.45035
1.38411
1.60145
1.81746
1.7839
1.48936
1.3829
1.37267
1.8373
1.69338
1.84404
1.55137
7.18519
1.48276
1.71
2.04938
1.55789
2.00452
1.45395
1.69048
1.53506
2
1.32517
1.41613
2.06573
1.8806
1.89407
6.15282
1.51399
1.34385
1.42222
1.21656
1.37658
1.66154
1.61154
1.52899
1.2918
1.19481
1.38889
1.80328
1.85317
1.44776
1.32468
6.02098
1.29155
1.82627
1.41912
1.33333
1.49821
2.18349
1.57836
1.35535
1.56098
1.50512
1.37966
1.58033
1.83486
1.34228
1.55782
0.52381
1.47253
1.50329
1.35125
1.38994
1.56349
1.45695
1.72619
1.86667
2.02252
1.80952
1.97881
2.20614
1.52518
1.83516
7.07287
1.24926
1.2671
1.54082
1.52823
1.33535
1.72222
1.56923
1.56475
1.89212
1.81148
1.83475
1.23944
2.14224
1.3024
1.55769
0.380952
1.30667
1.52381
1.65984
1.30581
1.60741
1.77778
1.94068
1.36503
2.30374
1.34185
1.64748
2.04128
1.89591
1.71905
5.26765
1.39873
1.65079
1.45517
1.4485
1.54804
1.72593
1.72807
1.37681
1.23964
1.58182
1.41985
1.32407
1.62593
1.54545
1.44366
6.48601
1.66667
1.51572
1.90498
1.30855
1.28916
1.44928
1.51027
1.56746
1.38636
1.48148
1.47945
1.92308
1.76515
1.86864
1.22761
5.25414
1.68852
1.78417
1.71161
1.82456
1.7029
2.04651
1.3959
1.49338
1.76132
1.99142
1.70492
1.38486
1.60145
1.95635
7.42276
1.41176
1.43506
1.78968
1.76285
1.5193
1.59551
1.5229
1.19408
1.44025
1.87719
1.62593
1.93897
1.63345
1.87149
1.83475
5.04444
1.70588
1.85455
1.45205
1.75397
1.26286
1.35294
1.48763
1.45353
1.33333
1.58392
2.44186
1.45361
2.40278
1.36721
1.62319
0.335884
1.19382
1.45018
1.55634
1.51984
1.35463
1.70992
1.80328
1.80952
2.11017
1.53069
1.39088
1.76866
2.24876
1.46519
6.30132
1.37586
1.23701
1.35542
1.85965
1.6087
2.20183
2.52381
2.03756
1.52672
1.54348
1.64925
1.75397
1.67886
1.54895
1.61811
6.62676
1.54064
1.40432
2.26291
1.78279
1.78884
1.57651
1.38305
1.38028
1.56849
1.77119
1.51786
1.37681
1.50968
2.08333
1.95902
0.255291
1.39355
1.48462
1.55782
1.7839
1.13208
1.67105
1.81651
1.24684
1.58503
2.13761
1.79661
1.61977
1.74603
1.73077
7.22619
1.38408
1.35563
1.36184
1.32476
1.59184
1.8903
1.51601
1.3879
1.48366
2.10714
1.49576
1.43827
1.55556
1.45695
1.77778
7.70565
1.56966
1.55474
1.32184
1.85714
1.83028
1.34756
1.71825
2.04072
1.71756
1.72199
1.22414
1.19385
1.24516
1.34194
1.61871
0.265873
1.17241
1.22034
1.68702
1.78571
1.48016
1.29653
1.49296
1.6306
2.2
1.752
1.46575
1.49638
1.5053
1.57836
6.74545
1.22105
1.20944
1.72727
1.86864
1.62963
1.26897
1.15217
1.5
1.50352
1.72491
1.68067
1.47183
1.5
1.53947
3.88235
6.53309
1.30588
1.60851
1.4625
1.66667
1.31034
1.62752
1.83784
1.5493
1.53571
1.45779
1.75769
1.9486
1.52667
2.19725
1.75172
0.513158
1.76577
1.42581
1.62698
1.3931
1.35714
1.5942
1.75794
1.9633
1.35862
1.57651
1.45185
1.53704
1.63846
1.67424
7.3254
1.37184
1.15123
1.39564
1.90574
2.11574
1.5035
1.37544
1.51656
1.83051
1.69084
2.11159
1.77064
1.42857
1.70635
1.6
6.88077
1.2701
1.48161
1.97797
1.5942
1.44841
1.06647
1.43827
1.99083
1.38168
1.24179
1.57246
1.78571
1.67623
1.48333
2.18605
6.5597
2.01154
1.68254
1.71956
1.95413
1.76154
1.82203
1.64794
1.69841
1.73047
1.82833
1.45423
1.68792
1.83884
1.35241
2.12605
0.364286
1.15294
1.55634
1.57143
1.2129
1.28302
1.61232
1.98667
1.81154
1.43537
1.70943
1.68061
1.69048
1.74231
1.9814
6.50352
1.66165
2.36697
1.53731
1.49147
1.39432
1.83465
1.81193
1.35535
1.50588
1.3605
1.77567
1.99153
1.92661
1.45455
1.44203
6.6558
1.94444
1.33663
2.11818
1.39735
1.39493
1.41935
1.71429
1.75093
1.94884
1.58209
1.5493
1.87705
2.10088
2.33971
1.58571
8.39091
0.975845
1.375
1.4186
1.69403
2.18224
1.81967
1.38621
1.54125
2.01345
1.54244
1.75646
1.65278
2.0045
1.50169
6.62132
1.64014
1.96491
1.99206
1.47368
1.25566
1.38462
1.81148
1.95339
1.83402
1.44275
1.42857
2.03571
1.60153
1.30314
1.32063
6.38768
1.16883
1.95763
1.78378
1.44231
1.65079
1.65942
1.91102
1.66275
1.49254
1.51079
1.65827
1.37377
1.51399
1.52416
1.60606
0.446429
1.67266
1.89831
2.18868
1.67729
2.06452
1.51299
2.06422
1.9322
1.95339
1.92797
2.17512
2.01878
1.47157
1.87288
5.46769
1.84921
1.7381
1.32746
1.50476
2.02752
1.62698
1.40328
1.49662
1.63704
1.75397
1.70635
1.45
1.95851
1.7
2.04237
8.68807
1.38989
1.32131
1.55853
1.87281
1.6746
1.38214
1.24051
1.41438
1.48432
1.63077
1.75373
2.18605
1.3311
1.44051
2.16514
7.61111
1.71825
1.275
1.14956
1.41333
1.60821
1.42697
1.24116
1.29032
1.50685
1.87302
2.10092
1.66949
1.5034
1.82377
1.96
0.315747
1.20065
1.14286
1.60145
1.8254
1.58397
2.33482
2.00877
1.70635
2.18966
1.8062
1.92727
1.33803
1.35987
1.41538
5.56442
1.55515
1.36877
1.51525
2.08969
1.4
1.2994
1.77186
1.98305
1.64516
1.95413
1.61111
1.87597
1.71849
1.38732
1.56954
8.33486
1.59582
1.57692
1.42657
1.75556
1.73394
1.24214
1.58667
1.72018
1.3119
1.5493
1.60317
1.53425
1.62195
1.42761
1.76866
8.06881
1.43789
