0.516509
1.07042
0.314815
0.583554
0.518868
0.536765
1.07042
0.879518
0.522565
0.509434
0.734899
1.87302
0.353022
0.632948
0.522565
0.516509
1.07042
1.05164
0.663636
0.52019
0.52019
1.07042
4.23733
0.626087
1.00917
0.857143
0.734899
1.07042
0.879518
0.522565
0.518868
1.07042
1.07512
3.3231
0.51049
0.503563
1.01389
1.68794
0.904215
0.516432
0.509434
0.604972
1.07042
3.68072
0.508083
0.509434
0.876
1.0892
1.66667
1.09804
0.662651
0.518868
1.04587
1.05164
2.4246
0.508083
0.536765
1.07042
0.879518
0.513064
0.622222
1
1.64384
1.13433
0.737374
0.316138
0.516509
1.07042
1.05164
0.663636
0.52019
0.52019
1
1.59333
1.06787
0.316138
0.509434
0.697452
1.07042
0.879518
0.522565
0.509434
1.04587
1.05164
0.811321
0.856031
0.316138
0.869048
1.07042
1.07512
0.52019
0.510689
0.604972
1.07042
0.879518
0.522565
0.308862
0.857143
1.58904
1.25967
0.601648
0.522565
0.537736
1.04587
1.05164
0.579365
2.21853
0.536765
1.07042
0.815261
0.96
1.00917
0.62069
0.823308
1.07042
0.879518
0.522565
0.313492
1.07042
1.05164
0.697452
0.52019
0.77193
1.01389
1.69504
0.744479
0.516432
0.509434
0.289683
1.07042
0.879518
0.522565
0.509434
1.04587
1.0892
1.66667
0.68323
0.518868
0.309524
1.04587
1.05164
0.514085
0.513064
0.604972
1.07042
0.879518
0.494062
1.00917
4.27083
1.42262
1.05164
0.825623
0.518868
0.537736
1.04587
1.05164
0.604972
0.551069
0.507075
0.316138
1.70213
0.753994
0.516432
0.509434
0.823308
1.07042
0.879518
0.522565
0.516509
4.36385
1.07339
0.750853
1.00917
1
0.516509
1.07042
0.879518
0.522565
0.509434
0.697452
0.313492
0.939914
0.522565
0.502358
1
1.63699
1.25967
0.558376
0.518868
0.509434
4.26376
1.05963
0.558376
0.509434
0.582447
1.0892
1.42012
1.01389
0.883534
0.509434
1.04587
4.34507
0.858824
0.522565
0.516509
1.07042
1.05164
0.604972
0.52019
0.977376
1.16489
1.26984
0.353022
0.512821
0.518868
0.83908
1.07042
0.879518
0.52019
0.513064
1.00917
1.69504
1.67376
0.316138
0.518868
0.516509
1.07042
0.939914
0.522565
0.509434
0.663636
1.07042
0.863454
0.316138
1.01852
0.857143
1.04587
1.05164
0.734899
0.522565
0.516509
1.07042
1.05164
2.25
0.510689
0.587131
1.7381
1.55705
0.699681
0.522565
0.509434
1.04587
1.05164
0.879518
0.316138
0.516509
1.07042
1.03756
1.18378
1.03286
0.857143
0.555838
1.07042
0.879518
0.522565
0.310847
0.776596
1.07042
0.879518
0.526128
0.541205
1.01389
1.68794
1.19289
0.536585
0.316138
0.516509
1.07042
0.939914
0.522565
0.509434
0.663636
1.0892
1.69504
1.17413
2.15376
0.507042
1.04587
1.05164
0.734899
0.522565
0.516509
1.07042
1.05164
0.504878
0.768421
0.309524
1.25862
1.07042
0.879518
0.522565
0.509434
0.935897
1.05869
0.884848
0.522565
2.14976
1.02703
1.73134
0.914286
0.516432
0.509434
0.555838
1.07042
0.879518
0.522565
0.509434
0.289683
1.07042
0.889558
1.11888
1.01389
0.753994
1.04587
1.05164
0.632948
0.570071
0.516509
0.313492
0.879518
0.570071
0.488208
0.694006
1.42208
1.69504
0.744479
0.516432
0.509434
0.314815
1.05164
0.780142
0.518868
0.509434
1.04587
1.0892
1.07463
0.990991
0.509434
0.632948
0.314815
0.947791
0.516432
0.509434
0.935897
1.05869
0.884848
0.522565
1.00917
1.01852
1.68794
0.285714
0.516432
0.509434
0.555838
1.07042
0.879518
0.522565
0.509434
0.719858
1.34831
0.313492
0.657658
0.522565
0.516509
1.07042
1.07512
0.673846
0.52019
0.52019
1.07042
0.284392
0.512821
1.00917
1
0.811111
1.07042
0.879518
0.522565
0.518868
1.07042
1.07512
0.289683
0.52019
0.522565
1.61644
1.40606
0.826415
0.522565
0.509434
0.632948
1.07042
3.66867
0.508083
0.509434
0.935897
1.00235
1.12281
1.03704
0.873016
0.518868
1.04587
1.05164
0.308201
0.512821
0.536765
1.07042
0.879518
0.522565
0.528302
1.01852
1.64384
1.70213
2.65652
0.508083
0.516509
1.07042
1.05164
0.663636
0.52019
0.513064
1.06422
1.69504
1.27568
0.316138
0.509434
0.734899
1.07042
0.879518
0.522565
0.516509
1.07042
1.05164
0.748227
2.32346
0.977778
0.869048
1.07042
1.07512
0.52019
0.510689
0.604972
1.07042
0.879518
0.522565
0.310847
0.876
1.87302
1.11707
0.615385
0.518868
0.518868
1.04587
1.05164
0.579365
0.316138
0.536765
1.07042
0.899598
0.842857
1.00917
0.857143
0.876
1.07042
0.879518
0.522565
0.313492
1.07042
1.05164
0.663636
0.52019
0.503563
1.01389
1.69504
0.744479
0.516432
0.310847
0.697452
1.07042
0.879518
0.522565
0.509434
1.04587
1.0892
1.66667
1.04762
0.604396
0.309524
1.04587
1.05164
0.514085
0.513064
0.604972
1.07042
0.879518
0.522565
0.700637
0.309524
1.64384
1.11443
0.634783
0.522565
0.516509
1.07042
1.05164
0.579365
0.52019
0.333791
1.03286
1.68794
0.832714
0.516432
0.509434
0.823308
1.07042
0.879518
0.522565
2.12382
0.967213
1.05164
0.721477
0.973333
1.03286
0.817164
1.07042
0.879518
0.522565
0.509434
0.697452
0.313492
0.939914
0.522565
0.5
1.04286
1.69504
1.15122
0.582011
0.518868
0.509434
0.32967
1.05164
0.534146
0.513064
0.604972
1.07042
0.851406
1.09259
1.00917
0.545455
1.04587
0.308201
0.939914
0.522565
0.516509
1.07042
1.05164
0.604972
0.52019
0.911392
1.16489
1.69504
0.312169
0.516432
0.509434
0.823308
1.07042
0.879518
0.522565
0.516509
1.05164
1.34054
6.85461
0.708738
0.52019
0.52019
1.07042
0.879518
0.522565
0.509434
0.697452
1.07042
3.66667
0.481395
0.995475
1
1.2
1.05164
0.663636
0.522565
0.516509
1.07042
1.05164
0.313492
0.510689
0.587131
1.65217
1.4902
0.690096
0.516432
0.509434
1.04587
1.05164
0.879518
0.316138
0.516509
1.07042
1.07042
0.616046
0.995475
0.857143
0.582447
1.07042
0.879518
0.316138
0.509434
0.823308
1.07042
0.879518
0.522565
0.490566
1.00459
1.68794
1.24309
0.516432
0.316138
0.516509
1.07042
0.939914
0.522565
0.509434
0.663636
1.0892
1.5302
1.06829
0.316138
0.516509
1.07042
1.05164
0.734899
0.52019
0.52019
1.07042
1.07512
0.540741
0.358516
0.977376
1.28824
1.17073
0.879518
0.522565
0.516509
1.07042
1.05164
0.879518
0.52019
0.310847
1.00917
1.69504
1.67376
0.516432
0.509434
0.555838
1.07042
0.879518
0.522565
2.25825
0.765734
1.07042
0.889558
0.686064
1.01852
0.873016
1.04587
1.05164
0.632948
0.532067
0.313492
1.07042
0.939914
0.532067
0.516509
0.664615
1.71739
1.52866
0.753994
0.516432
2.20165
1.02703
1.05164
0.734899
0.522565
0.516509
1.07042
1.03286
1.06829
1.03286
0.80597
2.63728
1.02703
0.883534
0.518868
0.509434
0.935897
1.05869
0.884848
0.513064
0.594595
1.01389
6.6773
0.943089
0.516432
0.509434
0.555838
1.07042
0.879518
0.522565
0.509434
0.776596
4.4061
1.6844
1.00629
0.516509
0.56057
1.04587
1.05164
0.632948
0.570071
0.516509
4.34272
0.8577
0.5
0.940171
1
1.42208
1.17073
0.879518
0.522565
0.516509
1.07042
1.05164
0.284392
0.51049
0.503563
1.14851
1.6338
0.727273
0.516432
0.509434
0.632948
1.07042
0.308201
0.512821
0.509434
0.935897
1.05869
0.888889
1.00917
1.01852
0.593407
1.04587
1.05164
0.308201
0.503497
0.555838
1.07042
0.879518
0.522565
0.490566
0.81203
1.63699
1.52866
0.357143
0.518868
0.537736
1.04587
1.05164
0.663636
0.551069
0.516509
1.07042
1.06452
4.56944
0.887097
0.509434
0.734899
1.07042
0.879518
0.522565
0.509434
1.04587
1.05164
0.776596
0.316138
1.00917
1.01389
1.34911
0.826415
0.522565
0.509434
0.632948
1.07042
0.879518
2.19834
0.509434
0.901709
1.5302
1.66667
0.706625
0.518868
0.518868
1.04587
1.05164
0.579365
0.316138
0.536765
1.07042
0.879518
0.522565
1.00917
0.981818
0.876
1.07042
0.879518
2.18409
0.492135
1.07042
1.05164
0.663636
0.52019
0.532067
1.64539
1.47771
0.764505
0.516432
0.310847
0.734899
1.07042
0.879518
0.522565
0.509434
1.04587
1.03286
1.16757
1.00917
0.873016
0.309524
1.04587
1.05164
0.514085
0.513064
0.604972
1.07042
0.879518
0.522565
0.528302
0.309524
1.64384
1.32544
0.580902
0.522565
0.516509
1.07042
1.05164
0.579365
0.52019
0.313492
1.0939
1.68794
1.09645
0.628571
0.509434
0.876
1.07042
0.879518
0.522565
0.516509
0.313492
1.05164
0.646497
0.611732
0.995475
0.869048
1.07042
0.879518
0.522565
0.509434
2.93153
1.07798
1.01288
0.516432
0.509434
1.04587
1.73881
1.05164
0.558376
0.518868
0.509434
0.313492
1.05164
0.534146
0.513064
0.604972
1.07042
0.899598
1.01724
1.00917
0.857143
1.04587
0.308201
0.879518
0.522565
0.516509
1.07042
1.05164
0.579365
0.495249
0.555985
1.16489
6.64894
0.681388
0.516432
0.509434
0.823308
1.07042
0.879518
0.522565
0.516509
1.07042
1.0892
0.284392
0.995475
0.533981
0.516509
1.07042
0.879518
0.522565
0.509434
0.697452
1.07042
3.76506
0.509302
0.814126
1.01408
1.64384
1.11443
0.555838
0.522565
0.516509
1.07042
1.05164
0.313492
0.510689
0.604972
1.0892
1.68794
0.744479
0.516432
0.509434
1.04587
1.05164
0.308201
0.512821
0.516509
1.07042
1.05164
0.568783
0.973333
1.03286
0.811111
1.07042
0.879518
0.316138
0.516509
0.893878
1.07042
0.879518
0.52019
0.513064
1.57333
1.40606
1.05164
2.13263
0.504608
0.540741
1.07042
0.879518
0.532067
0.516509
0.74744
1.07042
0.815261
0.977778
0.316138
0.509434
1.04587
1.05164
0.697452
0.522565
0.516509
1.07042
1.05164
0.514085
0.313492
0.977376
1.38608
1.69504
0.744479
0.516432
0.509434
1.04587
1.05164
0.826415
0.522565
0.313492
1.0892
1.56863
1.3949
0.740741
0.509434
0.604972
1.07042
0.879518
0.522565
0.310847
0.876
1.07042
0.879518
0.505938
1.01852
1.01389
1.07042
1.07512
0.613445
0.52019
0.313492
1.07042
0.879518
0.522565
0.509434
0.697452
1.87302
1.34682
0.717325
0.516432
0.310847
1.04587
1.05164
0.697452
0.522565
0.516509
1.07042
1.03286
0.618644
1.03286
0.857143
0.313492
1.07042
0.879518
0.522565
0.509434
1.04587
1.05164
0.826415
0.522565
0.5
4.30324
1.6
0.853755
0.516432
0.509434
0.582447
1.07042
0.879518
0.522565
0.509434
3.43797
1.04505
1.66667
1.13725
0.696203
0.537736
1.04587
1.05164
0.604972
0.551069
0.516509
4.46244
0.947791
0.507042
0.587927
1
1.64384
1.13433
0.779359
0.522565
0.509434
1.04587
0.308201
0.663636
0.522565
0.516509
1.03286
1.69504
1.15122
0.516432
0.509434
0.663636
4.53756
0.947791
0.516432
0.509434
1.04587
1.05164
0.863454
0.805861
1.01852
0.857143
1.04587
4.37793
0.547677
0.509434
0.582447
1.07042
0.879518
0.52019
0.570071
0.814126
1.69504
1.36416
0.316138
0.518868
0.518868
1.04587
1.05164
0.604972
0.532067
0.516509
1.07042
3.77108
1.09259
1.00917
0.650602
0.776596
1.07042
0.879518
0.522565
0.516509
1.07042
1.05164
3.08893
0.51049
0.730897
1.01389
1.69504
0.784053
0.516432
0.509434
0.663636
1.07042
0.879518
0.316138
0.509434
1.04587
1.0892
1.66667
0.718954
0.518868
0.509434
1.04587
1.05164
2.23537
0.498845
0.582447
1.07042
0.879518
0.494062
1.00917
1
1.44304
1.05869
0.741117
0.316138
0.516509
1.07042
1.05164
0.632948
0.52019
0.510689
1.34118
1.60959
0.753994
2.17254
0.509434
0.776596
1.07042
0.879518
0.522565
0.516509
1.07042
1.05164
0.721477
0.977778
4.28472
0.516509
1.07042
0.939914
0.522565
0.509434
0.663636
1.07042
0.879518
0.522565
0.300265
1.00459
1.68794
1.24309
0.607735
0.518868
0.509434
1.04587
1.05164
0.555838
0.513064
0.30291
1.05164
1.1701
1.09259
0.866142
0.509434
0.935897
1.05869
0.884848
0.522565
2.17099
1.07798
1.05164
0.666667
0.528302
1
1.08416
1.26984
0.826415
0.522565
0.509434
0.313492
1.07042
0.879518
0.522565
0.509434
1.00917
1.69504
1.67376
0.607735
0.518868
2.17099
1.07339
1.08451
0.536585
0.509434
0.632948
1.07042
0.869478
0.588387
1.01852
0.857143
4.26376
1.05963
0.827068
0.518868
0.509434
1.04587
1.05164
0.555838
0.513064
0.555838
1.74603
0.313492
0.737374
0.522565
0.509434
0.935897
1.05869
0.884848
0.522565
0.516509
1.07042
4.32629
1.17742
1.03286
0.873016
0.536765
1.07042
0.879518
0.522565
0.509434
0.734899
1.07042
3.64859
0.509302
0.532067
1
1.64384
1.11443
0.534146
0.522565
0.516509
1.07042
1.04147
0.316138
0.509434
0.632948
1.0892
1.68794
1.19797
0.531401
0.509434
1.04587
1.05164
0.308201
0.512821
0.516509
1.07042
1.05164
0.525381
0.727575
1.01408
1.15263
1.07042
0.879518
0.316138
0.518868
0.893878
1.07042
0.879518
0.52019
0.513064
1.04587
1.73881
1.01288
2.2007
0.514085
0.540741
1.07042
0.879518
0.522565
0.518868
0.734899
1.07042
0.899598
4.34028
1
0.774648
1.04587
1.05164
0.663636
0.532067
0.516509
1.07042
1.04147
0.532067
0.298942
0.654545
1.38608
1.69504
0.744479
0.516432
0.509434
1.04587
1.05164
0.826415
0.522565
0.313492
1.07042
1.0892
1.15873
1.03286
0.509434
0.604972
1.07042
0.879518
0.522565
0.310847
0.876
1.07042
0.879518
0.522565
1.00917
1.01389
1.68794
1.02817
0.516432
0.518868
0.313492
1.07042
0.879518
0.522565
0.509434
0.681208
1.30387
1.69504
0.744479
0.516432
0.310847
1.04587
1.05164
0.697452
0.522565
0.516509
1.07042
1.05164
0.504695
0.977778
1.05556
0.289683
1.07042
0.879518
0.532067
0.516509
1.07042
1.05164
0.826415
0.52019
0.541568
6.25667
1.40606
0.947791
0.516432
0.509434
0.604972
1.07042
0.879518
0.522565
0.509434
3.654
0.97973
1.02088
1.07407
0.873016
0.537736
1.04587
1.05164
0.604972
0.551069
0.516509
4.33568
0.852713
0.516432
0.518868
0.990826
1.63699
1.70213
0.708709
0.516432
0.518868
1.04587
0.308201
0.663636
0.532067
0.516509
1.0892
1.69504
1.36416
0.728477
0.509434
0.697452
4.33568
0.848837
0.570071
0.516509
1.07042
1.05164
0.826415
0.522565
1.07407
0.869048
1.07042
4.33099
0.505774
0.513064
0.604972
1.07042
0.879518
0.522565
0.516509
0.893878
1.87302
1.1122
0.314815
0.518868
0.516509
1.07042
1.07512
0.587131
0.52019
0.540741
1.07042
0.863454
0.309524
1.00917
0.857143
0.876
1.07042
0.879518
0.522565
0.516509
1.07042
1.05164
0.663636
0.313492
0.503563
1.01389
1.69504
0.744479
0.516432
0.509434
0.697452
1.07042
0.879518
0.316138
0.509434
1.04587
1.0892
1.66667
1.04762
0.604396
0.509434
1.04587
1.05164
2.15141
0.498845
0.604972
1.07042
0.879518
0.522565
0.700637
1
1.64384
1.11443
0.634783
0.316138
0.516509
1.07042
1.05164
0.579365
0.52019
0.540741
1.03286
1.68794
0.877323
2.17254
0.509434
0.823308
1.07042
0.879518
0.522565
0.516509
1.07042
1.05164
0.684713
0.973333
0.316138
0.817164
1.07042
0.879518
0.522565
0.509434
0.697452
1.07042
0.879518
0.522565
2.18278
1.04286
1.69504
1.15122
0.582011
0.518868
0.509434
1.04587
1.05164
0.514085
0.513064
0.289683
1.07042
0.851406
1.09259
1.00917
0.545455
1.04587
1.05164
0.879518
0.522565
2.21934
1.07798
1.05164
0.635838
0.518868
0.923077
1.16489
1.69504
0.744479
0.516432
0.509434
0.313492
1.07042
0.879518
0.522565
0.516509
1.05164
1.34054
1.68794
0.702875
0.518868
2.17099
1.07798
1.01288
0.516432
0.509434
0.697452
1.07042
0.879518
0.505938
1.01852
1.01389
5.0027
1.02703
0.711974
0.518868
0.516509
1.07042
1.07512
0.540741
0.510689
0.587131
1.65217
0.312169
0.794613
0.516432
0.509434
1.04587
1.05164
0.879518
0.522565
0.516509
1.07042
4.36385
0.614286
0.995475
0.857143
0.582447
1.07042
0.879518
0.522565
0.509434
0.823308
1.07042
0.284392
0.512821
0.490566
1.00459
1.68794
1.24309
0.516432
0.518868
0.516509
1.07042
3.92275
0.509302
0.52019
0.673846
1.0939
1.5302
1.06829
0.879518
0.513064
1.04587
1.05164
3.13255
0.509302
0.52019
1.07042
1.05164
0.534146
0.52019
0.977376
1.28824
1.17073
0.879518
0.316138
0.516509
1.07042
1.05164
0.879518
0.52019
0.513064
1.00917
1.69504
1.67376
2.16315
0.507042
0.555838
1.07042
0.879518
0.522565
0.509434
0.776596
1.07042
0.853414
0.655738
0.316138
0.857143
1.04587
1.05164
0.632948
0.522565
0.516509
1.07042
0.939914
0.522565
0.310847
0.666667
1.76866
1.52866
0.753994
0.516432
0.509434
1.04587
1.05164
0.734899
2.18884
0.516509
1.07042
1.03286
1.06829
1.03286
0.80597
0.632948
1.07042
0.879518
0.522565
2.16392
0.920168
1.05869
0.884848
0.513064
0.594595
1
1.64384
0.911392
0.516432
0.509434
0.313492
1.07042
0.879518
0.522565
0.509434
0.776596
1.0892
1.6773
1.00629
0.516509
2.22684
1.02703
1.05164
0.632948
0.551069
0.516509
1.07042
0.939914
0.522565
0.940171
1
5.97727
1.17073
0.947791
0.516432
0.509434
1.04587
1.05164
0.776596
0.522565
0.507075
1.17766
0.309524
0.697452
0.522565
0.509434
0.632948
1.07042
0.879518
0.522565
0.509434
0.935897
0.311508
0.969697
1.00917
1.01852
0.601648
1.07042
1.07512
0.562982
0.510689
0.555838
1.07042
0.284392
0.512821
0.490566
0.823308
1.68794
1.54248
0.668693
0.518868
0.509434
1.04587
4.38732
0.666667
0.518868
0.516509
1.07042
1.02304
0.96
0.866142
0.509434
0.734899
1.07042
0.284392
0.512821
0.509434
1.04587
1.05164
0.776596
0.522565
1.00917
1.01389
1.34911
0.826415
0.314815
0.509434
0.632948
1.07042
0.879518
0.522565
0.509434
0.901709
1.5302
1.66667
0.316138
0.518868
0.509434
1.04587
1.05164
0.579365
0.522565
0.536765
1.07042
0.879518
0.316138
1.00917
0.981818
0.876
1.07042
0.879518
0.522565
0.516509
1.07042
1.05164
0.663636
0.313492
0.522565
1.63448
1.52866
0.794613
0.516432
0.509434
0.734899
1.07042
0.879518
0.316138
0.509434
1.04587
1.03286
1.16757
1.00917
0.873016
0.509434
1.04587
1.05164
0.514085
0.310847
0.604972
1.07042
0.879518
0.522565
0.528302
1
1.64384
1.32544
0.580902
0.335165
0.516509
1.07042
1.05164
0.579365
0.52019
0.540741
1.0892
1.68794
1.13706
0.628571
0.310847
0.876
1.07042
0.879518
0.522565
0.516509
1.07042
1.05164
0.615152
0.611732
4.18778
0.869048
1.07042
0.879518
0.522565
0.509434
0.697452
1.07042
0.879518
0.522565
2.17571
1.09633
1.77444
1.05164
0.558376
0.518868
0.509434
1.04587
1.05164
0.514085
0.513064
0.313492
1.07042
0.899598
1.01724
1.00917
0.857143
1.04587
1.05164
0.826415
0.522565
0.516509
0.313492
1.05164
0.604972
0.495249
0.555985
1.16489
1.69504
0.744479
0.516432
0.509434
3.44173
1.07798
1.01288
0.516432
0.518868
1.04587
1.0892
1.3758
1.00917
0.555556
0.516509
0.313492
0.939914
0.522565
0.509434
0.697452
1.07042
0.879518
0.522565
0.827068
1
1.64384
0.312169
0.582011
0.518868
0.509434
1.04587
1.05164
0.514085
0.513064
0.604972
1.0892
0.313492
0.690852
0.522565
0.516509
1.07042
1.05164
0.826415
0.52019
0.522565
1.07042
4.42488
0.576408
0.973333
1.03286
0.811111
1.07042
0.879518
0.522565
0.516509
0.893878
1.07042
3.81727
0.52019
0.52019
1.56849
1.36471
1.05164
0.514085
0.522565
0.536765
1.07042
3.67671
0.518868
0.509434
0.734899
1.07042
0.851406
1.09259
0.92437
0.518868
1.04587
1.05164
2.90924
0.509302
0.52019
1.07042
1.07512
0.52019
0.52019
0.977376
1.38608
1.69504
0.744479
0.316138
0.509434
1.04587
1.05164
0.826415
0.522565
0.516509
1.0892
1.56863
1.3949
3.10269
0.509434
0.604972
1.07042
0.879518
0.522565
0.509434
0.876
1.07042
0.879518
0.494062
0.314815
1
1.04587
1.05164
0.604972
0.522565
0.516509
1.07042
0.879518
0.522565
0.309524
0.697452
1.87302
1.34104
0.676923
0.516432
0.518868
1.04587
1.05164
0.697452
0.532067
0.313492
1.07042
1.03286
0.618644
1.03286
0.857143
0.697452
1.07042
0.879518
0.522565
2.22052
1.02703
1.05164
0.830189
0.518868
0.5
1
1.64384
0.853755
0.516432
0.509434
0.313492
1.07042
0.879518
0.522565
0.509434
0.823308
1.0892
1.66667
1.13725
0.696203
2.19222
1.02703
1.05164
0.604972
0.532067
0.516509
1.07042
0.879518
0.522565
0.587927
1
0.313492
1.17073
0.779359
0.522565
0.516509
1.07042
1.05164
0.697452
0.52019
0.513064
0.347527
1.69504
1.15122
0.516432
0.509434
0.663636
1.07042
0.879518
0.522565
0.509434
4.23624
1.00901
0.863454
0.805861
1.01852
0.857143
1.04587
1.05164
0.534146
0.513064
0.582447
1.07042
0.284392
0.512821
0.525943
0.842912
1.59333
1.36416
0.666667
0.518868
0.537736
1.04587
0.309524
0.607735
0.518868
0.516509
1.07042
0.815261
0.96
1.00917
0.650602
0.776596
1.07042
0.284392
0.512821
0.516509
1.07042
1.07512
0.74744
0.52019
0.730897
1.01389
1.69504
3.20266
0.516432
0.509434
0.663636
1.07042
0.879518
0.522565
0.509434
1.04587
1.0892
1.66667
0.316138
0.518868
0.509434
1.04587
1.05164
0.534146
0.513064
0.582447
1.07042
0.879518
0.300265
1.00917
1
1.44304
1.05869
0.741117
0.522565
0.516509
1.07042
1.05164
2.6604
0.51049
0.510689
1.34118
1.60959
0.753994
0.516432
0.509434
0.776596
1.07042
0.879518
0.316138
0.516509
1.07042
1.07512
0.733788
0.977778
1.01852
0.516509
1.07042
0.939914
2.16746
0.498845
0.663636
1.07042
0.879518
0.522565
0.490566
0.990826
1.63699
1.25967
0.582011
0.316138
0.518868
1.04587
1.05164
0.555838
0.522565
0.555838
1.05164
1.1701
1.09259
3.6437
0.509434
0.935897
1.05869
0.884848
0.522565
0.516509
1.07042
1.05164
0.632948
0.52019
0.309524
1.08416
1.26984
0.826415
0.522565
0.516509
0.790614
1.07042
0.879518
0.52019
2.18884
1.00917
1.69504
1.67376
0.607735
0.518868
0.516509
1.07042
1.04147
0.522565
0.509434
0.313492
1.07042
0.869478
0.578065
1.00917
0.857143
1.04587
1.05164
0.776596
0.522565
2.17099
1.07798
1.05164
0.582011
0.509434
0.558376
1.86885
1.55705
0.699681
0.522565
0.509434
0.289683
1.05869
0.884848
0.522565
0.516509
1.07042
1.03286
1.18378
1.03286
0.873016
0.536765
0.32967
0.939914
0.522565
0.509434
0.734899
1.07042
0.879518
0.522565
0.528302
1
6.44863
1.12683
0.558376
0.518868
0.516509
1.07042
1.04147
0.522565
0.509434
0.632948
4.38263
1.59868
1.17413
0.552764
0.509434
1.04587
1.05164
0.776596
0.522565
0.516509
1.07042
4.34507
0.520101
0.727575
1.01408
1.15263
1.07042
0.879518
0.522565
0.516509
0.893878
1.07042
3.67269
0.509302
0.52019
1.07042
1.73881
1.01288
0.516432
0.518868
0.536765
1.07042
0.879518
0.314815
0.509434
0.734899
1.07042
0.899598
1.09259
1.00917
0.76
1.04587
1.05164
2.77727
0.516432
0.516509
1.07042
1.04147
0.522565
0.490566
0.654545
1.38608
1.69504
0.744479
0.316138
0.509434
1.04587
1.05164
0.826415
0.522565
0.516509
1.07042
1.0892
1.15873
4.32629
0.507042
0.604972
1.07042
0.879518
0.522565
0.509434
0.876
1.07042
0.879518
0.522565
0.314815
1.01852
1.68794
1.02817
0.516432
0.518868
0.536765
1.07042
0.879518
0.522565
0.310847
0.681208
1.30387
1.69504
0.744479
0.516432
0.518868
1.04587
1.05164
0.697452
0.532067
0.313492
1.07042
1.05164
0.504695
0.977778
1.01852
0.811111
1.07042
0.879518
0.522565
0.358516
1.07042
1.05164
0.826415
0.52019
0.522565
1.57333
1.40606
0.883534
0.518868
0.509434
0.313492
1.07042
0.879518
0.522565
0.509434
0.876
1.02113
1.02088
1.07407
0.873016
2.18278
1.02703
1.05164
0.604972
0.522565
0.516509
1.07042
0.879518
0.522565
0.528302
1.01852
0.310847
1.70213
0.606648
0.522565
0.516509
1.07042
1.05164
0.697452
0.52019
0.527316
0.320106
1.70213
1.36416
0.728477
0.509434
0.697452
1.07042
0.879518
0.522565
0.509434
1.04587
0.309524
0.845283
0.518868
1.03704
0.869048
1.07042
1.05164
0.514085
0.510689
0.604972
4.3216
0.848837
0.551069
0.516509
0.893878
1.87302
1.1122
0.616246
0.518868
0.509434
1.04587
0.309524
0.582011
0.518868
0.536765
1.07042
0.863454
0.747405
1.00917
0.857143
0.876
1.07042
0.284392
0.512821
0.516509
1.07042
1.05164
0.663636
0.52019
0.503563
1.01389
1.69504
0.312169
0.516432
0.509434
0.697452
1.07042
0.879518
0.522565
0.509434
1.04587
1.0892
6.67021
1.01382
0.604396
0.509434
1.04587
1.05164
0.514085
0.513064
0.604972
1.07042
0.879518
0.316138
0.700637
1
1.64384
1.11443
0.634783
0.522565
0.516509
1.07042
1.05164
2.43519
0.51049
0.540741
1.03286
1.68794
0.862454
0.516432
0.509434
0.823308
1.07042
0.879518
0.316138
0.516509
1.07042
1.05164
0.684713
0.973333
1.03286
0.817164
1.07042
0.879518
2.16983
0.485393
0.697452
1.07042
0.879518
0.522565
0.5
1.04286
1.69504
1.15122
0.582011
0.316138
0.509434
1.04587
1.05164
0.514085
0.513064
0.604972
1.07042
0.851406
1.09259
4.28211
0.55102
1.04587
1.05164
0.879518
0.522565
0.516509
1.07042
1.05164
0.604972
0.52019
0.309524
1.16489
1.69504
0.744479
0.516432
0.509434
0.823308
1.07042
0.879518
0.522565
2.17099
1.05505
1.31892
1.66667
0.68323
0.518868
0.516509
1.07042
0.879518
0.522565
0.509434
0.289683
1.07042
0.879518
0.494062
1.00917
1
1.2
1.05164
0.663636
0.522565
2.17099
1.07798
1.05164
0.558376
0.509434
0.582447
1.65217
1.4902
0.741214
0.516432
0.509434
0.289683
1.05164
0.879518
0.522565
0.516509
1.07042
1.07042
0.616046
0.995475
0.857143
0.582447
0.313492
0.939914
0.522565
0.509434
0.823308
1.07042
0.879518
0.522565
0.490566
1.00459
6.61348
1.18421
0.516432
0.518868
0.516509
1.07042
0.939914
0.522565
0.509434
0.663636
4.38263
1.52597
1.17413
0.814815
0.509434
1.04587
1.05164
0.734899
0.522565
0.516509
1.07042
4.34507
0.528986
0.52019
1.03167
1.28824
1.17073
0.879518
0.532067
0.516509
1.07042
1.05164
0.353022
0.51049
0.522565
1.00917
1.69504
1.67376
0.516432
0.509434
0.555838
1.07042
3.67269
0.509302
0.541568
0.776596
1.07042
0.889558
0.735069
1.01389
0.947791
1.04587
1.05164
2.64017
0.509302
0.52019
1.07042
0.939914
0.522565
0.509434
0.663636
1.77612
1.54248
0.715655
0.316138
0.518868
1.04587
1.05164
0.734899
0.532067
0.516509
1.07042
1.03286
1.06829
4.32629
0.802974
0.632948
1.07042
0.879518
0.522565
0.509434
0.935897
1.05869
0.884848
0.513064
0.314815
1
1.64384
0.911392
0.516432
0.509434
0.555838
1.07042
0.879518
0.522565
0.310847
0.776596
1.0892
1.6773
1.00629
0.516509
0.56057
1.04587
1.05164
0.632948
2.23634
0.514085
1.07042
0.939914
0.522565
0.940171
1
1.42208
1.17073
0.879518
0.522565
2.18278
1.02703
1.05164
0.780142
0.518868
0.507075
1.17766
1.6338
0.737374
0.522565
0.509434
0.289683
1.07042
0.879518
0.522565
0.516509
0.956332
1.05869
0.90101
1.01835
1.14085
0.511182
0.174603
0.611111
0.592593
0.746753
0.929078
0.957447
0.670051
0.57277
0.89726
0.853503
0.611111
0.592593
0.648936
1.52482
1.09259
2.43135
0.508083
0.556604
1.07798
1.05164
0.601093
0.566038
0.578431
1.07042
0.960699
2.25943
1.11111
1.09259
1.61644
1.17766
0.896552
0.566038
0.556604
1.07798
1.05164
0.728477
0.362637
0.54717
1.26316
1.59589
0.702875
0.537736
0.556604
0.700637
1.07042
0.960699
2.27712
0.556604
1.07798
1.05164
0.930612
1.01852
1.11111
0.621053
1.07798
1.05164
0.531401
0.312169
0.607735
1.07042
0.960699
0.566038
0.54717
0.951613
1.61644
1.40237
0.707246
2.27712
0.556604
1.07798
1.05164
0.628571
0.566038
0.556604
1.08486
0.941935
1.03286
0.952381
0.312169
0.827068
1.07042
0.960699
0.566038
0.556604
1.07798
1.05164
0.728477
0.575472
0.31746
1.09259
1.32584
0.794224
0.566038
0.556604
0.700637
1.07042
0.960699
0.566038
0.312169
1.02294
1.58904
1.68085
0.757098
0.566038
0.556604
1.07798
1.05164
0.552764
2.26769
0.606383
1.07042
0.960699
0.566038
1.04587
1
1.07798
1.05164
0.978166
0.566038
0.312169
1.07798
1.05164
0.628571
0.566038
0.556604
1.85385
1.56209
0.695793
0.512821
2.27005
0.827068
1.07042
0.960699
0.566038
0.556604
1.07798
1.01408
1.15789
1.11111
0.952381
0.312169
1.07798
0.938865
0.512821
0.556604
0.666667
1.07042
0.960699
0.566038
0.575472
4.46065
1.61644
1.37572
0.559796
0.566038
0.556604
1.07798
1.05164
0.552764
0.556604
2.52527
1.09633
1.67376
1.11675
0.659341
0.556604
1.07798
1.05164
0.978166
0.566038
0.556604
0.314815
1.05164
0.610778
0.679887
1.09259
1.06306
1.07042
0.960699
0.566038
0.556604
3.23582
1.02703
0.960699
0.566038
0.556604
1.07798
1.70149
1.07512
0.586797
0.566038
0.556604
0.314815
1.05164
0.512821
0.556604
0.666667
1.07042
0.960699
1.00917
1.11111
0.936508
1.07798
0.309524
0.769231
0.566038
0.556604
1.07798
1.05164
0.552764
0.53184
0.651535
1.26437
0.316138
0.733788
0.512821
0.556604
0.940171
1.05869
0.984615
0.566038
0.556604
1.07798
4.5
1.30303
0.995475
0.572816
0.598985
1.07042
0.960699
0.566038
0.556604
0.780142
1.07042
0.314815
0.575472
0.967742
1.09259
1.61644
1.18274
0.586797
0.566038
0.556604
1.07798
0.353022
0.512821
0.556604
0.642424
1.16585
1.67376
0.694006
0.566038
0.556604
1.07798
4.34742
0.814126
0.522565
0.556604
1.07798
1.05164
0.575916
1.04587
1.09259
0.866142
1.07042
4.04148
0.516432
0.556604
0.940171
1.05869
0.984615
0.566038
0.566038
1.61644
1.38824
0.995392
0.314815
0.556604
0.598985
1.07042
0.960699
0.566038
0.556604
0.780142
1.07042
0.925764
0.314815
1.01695
0.556604
1.07798
1.05164
0.691824
0.566038
0.556604
1.07798
1.05164
0.314815
0.575472
1.09259
1.44805
1.69504
0.695793
0.512821
0.556604
1.07798
1.05164
0.814815
0.31746
0.556604
1.07798
1.49367
1.33333
0.8
0.556604
0.635838
1.07042
0.960699
0.31746
0.556604
0.940171
1.05869
0.984615
0.54717
1.11111
1.09259
1.07798
1.05164
0.601093
0.31746
0.578431
1.07042
0.960699
0.566038
0.556604
0.738255
1.70149
1.36994
0.668693
0.31746
0.556604
1.07798
1.05164
0.691824
0.566038
0.556604
1.07798
1.03286
0.616246
4.46991
0.936508
0.738255
1.07042
0.960699
0.566038
0.556604
1.07798
1.05164
0.814815
0.566038
0.306878
1.09259
1.61644
0.842912
0.566038
0.556604
0.607735
1.07042
0.960699
0.566038
0.312169
0.88
1.07042
1.56849
1.22751
0.759494
0.556604
1.07798
1.05164
0.601093
2.22995
0.578431
1.07042
0.960699
0.556604
0.659574
1.09259
1.61644
1.17766
0.866426
0.566038
0.312169
1.07798
1.05164
0.691824
0.566038
0.556604
1.04128
1.67376
1.07317
0.566038
0.312169
0.700637
1.07042
0.960699
0.566038
0.556604
1.07798
1.05164
0.914286
0.857143
1.11111
0.312169
1.07798
1.05164
0.531401
0.556604
0.607735
1.07042
0.960699
0.566038
0.566038
0.285714
1.61644
1.24309
0.707246
0.566038
0.556604
1.07798
1.05164
0.601093
0.566038
0.316138
1.07042
0.908297
1.00917
1.11111
0.710843
0.827068
1.07042
0.960699
0.566038
0.556604
0.31746
1.05164
0.691824
0.575472
0.810811
1.09259
1.61644
0.711974
0.566038
0.556604
0.316138
1.07042
0.960699
0.566038
0.556604
1.07798
1.07042
1.59589
0.797342
0.566038
2.22052
1.07798
1.05164
0.531401
0.556604
0.607735
1.07042
0.960699
0.54717
1.11111
1.09259
0.31746
1.05164
0.724919
0.566038
0.556604
1.07798
1.05164
0.628571
0.566038
0.556604
0.316138
1.67376
0.694006
0.566038
0.556604
0.827068
1.07042
0.960699
0.566038
0.556604
4.33716
1.07339
0.686901
0.977778
1.11111
0.556604
1.07798
0.877551
0.512821
0.556604
0.700637
0.313492
0.897959
0.566038
0.54717
1.09259
1.61644
1.3027
0.636605
0.566038
0.556604
0.313492
1.07512
0.610687
0.556604
0.606383
1.05164
1.19372
1.01852
0.952381
0.556604
4.27752
1.05963
0.893878
0.559441
0.556604
1.07798
1.05164
0.628571
0.575472
1.09259
1.21277
0.32967
0.794224
0.566038
0.556604
0.827068
1.07042
0.960699
0.566038
0.556604
1.02294
6.39384
1.50955
0.657534
0.566038
0.556604
1.07798
0.938865
0.512821
0.556604
0.666667
4.36385
0.911392
0.598985
1.09259
0.936508
1.07798
1.05164
0.769231
0.566038
0.556604
1.07798
4.42019
0.547264
0.556604
0.606383
2.07895
1.56863
0.750853
0.566038
0.556604
1.07798
4.34507
0.945148
0.566038
0.556604
1.07798
1.01408
1.15789
1.11111
0.936508
0.598985
1.07042
4.13974
0.566038
0.556604
0.780142
1.07042
0.960699
0.566038
0.575472
1.09259
1.61644
1.18274
0.31746
0.566038
0.556604
1.07798
0.938865
0.512821
0.556604
0.666667
1.07042
1.59589
0.314815
0.566038
0.556604
1.07798
1.05164
0.769231
0.566038
0.556604
1.07798
1.05164
0.304233
0.810811
1.09259
1.26437
1.07042
0.960699
0.566038
0.556604
0.940171
1.05869
0.984615
0.31746
0.556604
1.09633
1.79845
0.897959
0.566038
0.556604
0.598985
1.07042
0.960699
0.31746
0.556604
0.780142
1.07042
0.949782
1.03464
1.11111
0.786667
1.07798
1.05164
0.658683
0.31746
0.556604
1.07798
0.938865
0.512821
0.54717
0.719512
1.44805
1.69504
0.695793
0.314815
0.556604
1.07798
1.05164
0.814815
0.566038
0.556604
1.07798
1.07042
1.13402
4.46759
0.556604
0.635838
1.07042
0.960699
0.566038
0.556604
0.940171
1.05869
0.984615
2.29009
1.11111
1.09259
1.61644
0.960699
0.566038
0.556604
0.598985
1.07042
0.960699
0.566038
0.312169
0.723404
1.28177
1.59589
0.694006
0.566038
0.556604
1.07798
1.05164
0.691824
2.28184
0.556604
1.07798
1.05164
0.522145
1.11111
1.09259
0.866142
1.07042
0.960699
0.566038
0.312169
1.07798
1.05164
0.814815
0.566038
0.566038
1.61644
1.38824
0.811321
0.512821
0.312169
0.635838
1.07042
0.960699
0.566038
0.556604
0.940171
1.02113
1.17136
1.09259
0.952381
0.312169
1.07798
1.05164
0.601093
0.566038
0.578431
1.07042
0.960699
0.566038
0.575472
0.312169
1.61644
1.68794
0.616046
0.540793
0.556604
1.07798
1.05164
0.691824
0.566038
0.312169
1.10092
1.67376
1.21547
0.8
0.556604
0.738255
1.07042
0.960699
0.566038
2.21344
1.09091
1.07512
0.963855
0.566038
1.11111
0.936508
1.07798
1.05164
0.512821
0.556604
0.316138
1.07042
0.960699
0.566038
0.556604
0.940171
1.70149
1.1561
0.66482
0.566038
2.27241
1.07798
1.05164
0.575916
0.556604
0.598985
1.07042
0.960699
0.780142
1.11111
0.936508
0.316138
1.05869
0.984615
0.566038
0.556604
1.07798
1.05164
0.658683
0.566038
0.54717
4.61538
1.61644
0.711974
0.566038
0.556604
0.738255
1.07042
0.960699
0.566038
0.556604
4.33257
1.07042
1.59589
1.17073
0.659341
0.556604
1.07798
1.05164
0.512821
0.556604
0.635838
0.314815
0.938865
0.522145
0.769231
1.09259
1.61644
1.18274
0.695652
0.566038
0.556604
4.31422
1.05164
0.575916
0.556604
0.598985
1.01408
1.59589
0.817844
0.566038
0.556604
3.65
1.09722
0.960699
0.566038
0.556604
1.07798
1.05164
0.691824
1.04587
1.11111
0.921875
1.07042
0.314815
0.566038
0.556604
0.738255
1.07042
0.960699
0.566038
0.54717
1.1134
1.61644
0.35989
0.638298
0.566038
0.556604
1.07798
1.05164
0.512821
0.556604
0.635838
1.07042
0.304233
1.01852
1.11111
0.59596
1.07798
1.05164
0.914286
0.566038
0.556604
1.07798
1.05164
0.314815
0.575472
1.01724
1.1828
1.69504
0.695793
0.512821
0.556604
0.88
1.07042
4.07424
0.516432
0.556604
1.05963
1.32432
1.44295
0.685358
0.566038
0.578431
1.07042
0.960699
0.31746
0.556604
0.738255
1.07042
0.960699
0.54717
1.11111
1.09259
1.23684
1.05164
2.74701
0.516432
0.556604
1.07798
1.05164
0.531401
0.556604
0.607735
1.65942
1.67376
0.711974
0.31746
0.556604
1.07798
1.05164
0.914286
0.566038
0.556604
1.07798
1.07042
0.623229
0.31746
0.936508
0.607735
1.07042
0.960699
0.566038
0.556604
0.88
1.07042
0.960699
2.27712
0.54717
1.09259
1.61644
1.11675
0.566038
0.566038
0.556604
1.07798
0.877551
2.17599
0.507042
0.700637
1.07042
1.48052
1.09453
0.895522
0.556604
1.07798
1.05164
0.728477
0.31746
0.556604
1.07798
1.05164
0.531401
0.575472
1.09259
1.39241
1.17766
0.897959
2.22995
0.556604
1.07798
1.05164
0.914286
0.566038
0.556604
1.04128
1.67376
1.47651
0.566038
0.312169
0.606383
1.07042
0.960699
0.566038
0.556604
0.827068
1.07042
0.943231
0.70303
4.37731
0.951613
1.07798
1.05164
0.628571
0.566038
0.556604
1.07798
0.877551
0.512821
2.22052
0.700637
1.76119
1.38182
0.757282
0.566038
0.556604
1.07798
1.05164
0.728477
0.566038
0.312169
1.07798
1.01408
1.04762
1.11111
0.880597
0.666667
1.07042
0.960699
0.566038
2.16392
0.995851
1.05634
1.04721
0.556604
0.650407
1.09259
1.61644
0.897959
0.566038
0.556604
0.316138
1.07042
0.960699
0.566038
0.556604
0.827068
1.07042
1.56849
0.945148
0.566038
2.22052
1.07798
1.05164
0.628571
0.566038
0.556604
1.07798
0.877551
0.494172
1.03448
1.09259
0.312169
1.16585
0.776173
0.512821
0.556604
1.07798
1.05164
0.769231
0.566038
0.550708
4.66585
1.62329
0.702875
0.518868
0.556604
0.666667
1.07042
0.960699
0.566038
0.556604
4.27294
1.05963
0.877551
0.960699
1.11111
0.648352
1.07798
1.05164
0.552764
0.556604
0.606383
4.45775
0.92437
0.566038
0.54717
0.893939
1.61644
1.36667
0.760433
0.566038
0.556604
4.27752
1.05963
0.628571
0.566038
0.556604
1.07798
0.956332
0.995475
0.952381
0.556604
0.780142
0.31746
0.877551
0.512821
0.556604
1.07798
1.05164
0.769231
0.575472
1.11111
1.09259
5.3477
0.757042
0.508083
0.556604
0.666667
1.07042
0.960699
0.566038
0.556604
1.02294
1.48701
0.308201
0.650888
0.566038
0.556604
1.07798
1.05164
0.575916
0.556604
0.598985
1.07042
0.314815
0.566038
1.04587
1.07273
0.940171
1.05869
0.984615
0.566038
0.556604
1.07798
4.32629
0.630372
0.566038
0.556604
1.68841
1.56209
0.695793
0.512821
0.556604
0.780142
1.07042
0.314815
0.566038
0.556604
1.07798
1.01408
1.15789
1.11111
0.952381
0.556604
1.07798
4.32629
0.508083
0.556604
0.635838
1.07042
0.960699
0.566038
0.575472
1.09259
1.61644
1.41212
0.31746
0.566038
0.556604
1.07798
1.05164
0.575916
0.556604
0.598985
1.07042
1.59589
0.314815
0.689655
0.556604
0.940171
1.05869
0.984615
0.566038
0.556604
1.07798
1.05164
2.72305
0.688889
1.11111
0.983333
1.07042
0.960699
0.566038
0.556604
0.738255
1.07042
0.960699
0.31746
0.556604
1.07798
1.70149
1.07512
0.610687
0.566038
0.556604
1.07798
1.05164
0.314815
0.556604
0.635838
1.07042
0.960699
0.940171
1.11111
0.936508
1.07798
1.05164
0.814815
0.31746
0.556604
1.07798
1.05164
0.575916
0.541274
0.614597
1.1828
1.69504
0.695793
0.314815
0.556604
0.88
1.07042
0.960699
0.566038
0.556604
1.07798
1.07042
1.35802
1.11111
0.31746
0.578431
1.07042
0.960699
0.566038
0.556604
0.738255
1.07042
0.960699
2.28066
0.909091
1.09259
1.61644
1.18274
0.610687
0.566038
0.556604
1.07798
1.05164
0.512821
0.312169
0.635838
1.0892
1.68085
0.694006
0.566038
0.556604
1.07798
1.05164
0.814815
0.31746
0.556604
1.07798
1.05164
0.575916
1.04587
1.09259
0.866142
1.07042
0.960699
0.566038
0.312169
0.940171
1.05869
0.984615
0.566038
0.566038
1.61644
1.38824
0.995392
0.512821
2.27241
0.598985
1.07042
0.960699
0.566038
0.556604
0.780142
1.07042
0.925764
1.01852
1.01695
0.312169
1.07798
1.05164
0.691824
0.566038
0.556604
1.07798
1.05164
0.512821
0.575472
0.312169
1.44805
1.69504
0.695793
0.512821
0.556604
1.07798
1.05164
0.814815
0.566038
2.26769
1.07798
1.49367
1.33333
0.8
0.556604
0.635838
1.07042
0.960699
0.566038
0.556604
0.291005
1.05869
0.984615
0.54717
1.11111
1.09259
1.07798
1.05164
0.601093
0.566038
2.29902
1.07042
0.960699
0.566038
0.556604
0.738255
1.70149
1.36994
0.668693
0.566038
2.22524
1.10909
1.07512
0.808081
0.566038
0.556604
1.07798
1.03286
0.616246
1.11111
0.936508
3.11913
1.07042
0.960699
0.566038
0.556604
1.07798
1.05164
0.814815
0.566038
0.54717
4.34491
1.51899
0.897959
0.566038
0.556604
0.607735
1.07042
0.960699
0.566038
0.556604
0.88
0.314815
1.56164
1.18519
0.759494
0.556604
1.07798
1.05164
0.601093
0.566038
0.578431
4.35446
0.907173
0.531469
0.659574
1.09259
1.61644
1.17766
0.866426
0.566038
0.556604
1.07798
0.309524
0.691824
0.566038
0.556604
1.04128
1.67376
1.07317
0.566038
0.556604
0.700637
0.314815
0.938865
0.512821
0.556604
1.07798
1.05164
0.914286
0.857143
1.11111
0.936508
1.07798
0.353022
0.531401
0.556604
0.607735
1.07042
0.960699
0.566038
0.566038
0.853755
1.61644
5.09116
0.621469
0.566038
0.556604
1.07798
1.05164
0.601093
0.566038
0.578431
1.07042
4.131
1.00917
1.11111
0.710843
0.827068
1.07042
0.960699
0.566038
0.556604
1.07798
1.05164
3.13079
0.525822
0.810811
1.09259
1.61644
0.711974
0.566038
0.556604
0.700637
1.07042
0.960699
0.31746
0.556604
1.07798
1.07042
1.59589
0.797342
0.566038
0.556604
1.07798
1.05164
0.314815
0.556604
0.607735
1.07042
0.960699
0.54717
1.11111
1.09259
1.48734
1.05164
3.17235
0.566038
0.556604
1.07798
1.05164
0.628571
0.566038
0.556604
1.31609
1.67376
0.694006
0.31746
0.556604
0.827068
1.07042
0.960699
0.566038
0.556604
1.07798
1.05164
0.741722
0.316138
1.11111
0.556604
1.07798
0.877551
0.512821
0.556604
0.700637
1.07042
0.960699
0.31746
0.54717
1.09259
1.61644
1.3027
0.636605
0.566038
0.556604
1.07798
1.05164
2.30653
0.507042
0.606383
1.05164
1.19372
1.01852
0.952381
0.556604
1.07798
1.05164
0.978166
0.31746
0.556604
1.07798
1.05164
0.628571
0.575472
1.09259
1.21277
1.28177
0.842912
2.22995
0.556604
0.827068
1.07042
0.960699
0.566038
0.556604
1.02294
1.58904
1.68085
0.657534
0.31746
0.556604
1.07798
0.938865
0.512821
0.556604
0.666667
1.07042
0.943231
0.598985
4.45139
0.929134
1.07798
1.05164
0.769231
0.566038
0.556604
1.07798
1.05164
0.552764
2.22052
0.606383
2.07895
1.56863
0.750853
0.566038
0.556604
1.07798
1.05164
0.978166
0.566038
0.312169
1.07798
1.01408
1.15789
1.11111
0.936508
0.598985
1.07042
0.960699
0.566038
2.21108
0.785714
1.07042
0.960699
0.566038
0.575472
1.09259
1.61644
1.18274
0.586797
0.566038
0.312169
1.07798
0.938865
0.512821
0.556604
0.666667
1.07042
1.59589
1.16402
0.582524
0.357143
1.07798
1.05164
0.769231
0.566038
0.556604
1.07798
1.05164
0.532663
0.810811
1.09259
0.291005
1.07042
0.960699
0.566038
0.556604
0.940171
1.05869
0.984615
0.566038
0.556604
4.33716
1.65217
0.914286
0.518868
0.556604
0.598985
1.07042
0.960699
0.566038
0.556604
3.24645
1.07798
0.867347
1.00224
1.11111
0.786667
1.07798
1.05164
0.658683
0.566038
0.556604
4.33716
0.92437
0.566038
0.54717
0.719512
1.44805
1.69504
0.695793
0.512821
0.556604
4.29587
1.05963
0.769231
0.566038
0.556604
1.07798
1.07042
1.13402
1.11111
0.556604
0.635838
0.333791
0.960699
0.566038
0.556604
0.940171
1.05869
0.984615
0.575472
1.11111
1.09259
1.61644
0.314815
0.566038
0.556604
0.598985
1.07042
0.960699
0.566038
0.556604
0.723404
1.28177
0.314815
0.660661
0.566038
0.556604
1.07798
1.05164
0.691824
0.566038
0.556604
1.07798
0.284392
0.522145
1.11111
1.09259
0.866142
1.07042
0.960699
0.566038
0.556604
1.07798
1.05164
0.314815
0.566038
0.566038
1.61644
1.38824
0.811321
0.512821
0.556604
0.635838
1.07042
0.314815
0.566038
0.556604
0.940171
1.02113
1.17136
1.09259
0.952381
0.556604
1.07798
4.32629
0.596206
0.566038
0.578431
1.07042
0.960699
0.566038
0.575472
1.09259
1.61644
1.68794
0.308201
0.540793
0.556604
1.07798
1.05164
0.691824
0.566038
0.556604
1.10092
1.67376
0.314815
0.8
0.556604
0.738255
1.07042
0.960699
0.566038
0.556604
1.07798
1.05164
3.5
0.566038
1.11111
0.936508
1.07798
1.05164
0.512821
0.556604
0.635838
1.07042
0.960699
0.31746
0.556604
0.940171
1.70149
1.1561
0.66482
0.566038
0.556604
1.07798
1.05164
0.314815
0.556604
0.598985
1.07042
0.960699
0.780142
1.11111
0.936508
0.940171
1.05869
0.984615
0.31746
0.556604
1.07798
1.05164
0.658683
0.566038
0.54717
1.13462
1.69504
0.695793
0.314815
0.556604
0.738255
1.07042
0.960699
0.566038
0.556604
1.07798
1.07042
1.59589
4.70732
0.666667
0.556604
1.07798
1.05164
0.512821
0.556604
0.635838
1.07042
0.960699
2.29245
0.769231
1.09259
1.61644
1.18274
0.695652
0.566038
0.556604
1.07798
1.05164
0.575916
0.312169
0.598985
1.01408
1.59589
0.817844
0.566038
0.556604
0.88
1.07042
0.960699
0.31746
0.556604
1.07798
1.05164
0.691824
1.04587
1.11111
0.921875
1.07042
0.960699
0.566038
0.312169
0.738255
1.07042
0.960699
0.566038
0.54717
1.1134
1.61644
1.07512
0.636605
0.362637
0.556604
1.07798
1.05164
0.512821
0.556604
0.635838
1.07042
0.925764
1.01852
1.11111
0.312169
1.07798
1.05164
0.914286
0.566038
0.556604
1.07798
1.05164
0.601093
0.575472
0.312169
1.1828
1.69504
0.695793
0.512821
0.556604
0.88
1.07042
0.960699
0.566038
2.27241
1.05963
1.32432
1.44295
0.685358
0.566038
0.578431
1.07042
0.960699
0.566038
2.17571
0.647059
1.07042
0.960699
0.54717
1.11111
1.09259
1.23684
1.05164
0.658683
0.566038
2.26769
1.07798
1.05164
0.531401
0.556604
0.607735
1.65942
1.67376
0.711974
0.566038
2.26179
1.07042
1.05164
0.978166
0.566038
0.556604
1.07798
1.07042
0.623229
1.11111
0.936508
2.58978
1.07042
0.960699
0.566038
0.556604
0.88
1.07042
0.960699
0.566038
0.54717
4.34491
1.54248
1.09137
0.512821
0.566038
0.556604
1.07798
0.877551
0.512821
0.556604
2.91242
1.02703
1.48052
1.06965
0.864469
0.556604
1.07798
1.05164
0.728477
0.566038
0.556604
4.31422
1.05164
0.531401
0.575472
1.09259
1.39241
1.17766
0.897959
0.566038
0.556604
1.07798
0.309524
0.914286
0.566038
0.556604
1.04128
1.67376
1.47651
0.566038
0.556604
0.606383
4.34038
0.907173
0.550117
0.556604
0.827068
1.07042
0.943231
0.70303
1.11111
0.936508
1.07798
4.34977
0.627507
0.532067
0.556604
1.07798
0.877551
0.512821
0.556604
0.700637
1.76119
5.62121
0.711538
0.566038
0.556604
1.07798
1.05164
0.728477
0.566038
0.556604
1.07798
1.01408
0.314815
1.11111
0.880597
0.666667
1.07042
0.960699
0.566038
0.556604
1.07798
1.05164
0.978166
0.312169
0.650407
1.09259
1.61644
0.897959
0.566038
0.556604
0.606383
1.07042
0.960699
0.31746
0.556604
0.827068
1.07042
1.56849
0.945148
0.566038
0.556604
1.07798
1.05164
0.314815
0.566038
0.556604
1.07798
0.877551
0.494172
1.03448
1.09259
1.61644
1.17766
0.922449
0.31746
0.556604
1.07798
1.05164
0.769231
0.566038
0.550708
1.1941
1.74453
0.695793
0.314815
0.556604
0.666667
1.07042
0.960699
0.566038
0.556604
1.07798
1.05164
0.978166
4.24541
1.11111
0.648352
1.07798
1.05164
0.552764
0.556604
0.606383
1.07042
0.960699
0.566038
0.306878
0.893939
1.61644
1.36667
0.760433
0.566038
0.556604
1.07798
1.05164
0.658683
0.31746
0.556604
1.07798
0.956332
0.995475
0.952381
0.556604
0.780142
1.07042
0.960699
2.22995
0.556604
1.07798
1.05164
0.769231
0.575472
1.11111
1.09259
1.35057
0.776173
0.512821
0.312169
0.666667
1.07042
0.960699
0.566038
0.556604
1.02294
1.48701
1.64539
0.68323
2.22995
0.556604
1.07798
1.05164
0.575916
0.556604
0.598985
1.07042
0.960699
0.566038
4.28211
1.07273
0.940171
1.05869
0.984615
0.566038
0.556604
1.07798
1.05164
0.658683
0.566038
0.312169
1.68841
1.56209
0.695793
0.512821
0.556604
0.780142
1.07042
0.960699
0.566038
2.26769
1.07798
1.01408
1.15789
1.11111
0.952381
0.556604
1.07798
1.05164
0.512821
0.556604
0.316138
1.07042
0.960699
0.566038
0.575472
1.09259
1.61644
1.41212
0.636605
0.566038
0.312169
1.07798
1.05164
0.575916
0.556604
0.598985
1.07042
1.59589
1.16402
0.689655
2.21108
0.940171
1.05869
0.984615
0.566038
0.556604
1.07798
1.05164
0.610778
0.688889
1.11111
3.90625
1.07798
0.877551
0.512821
0.556604
0.738255
1.07042
0.960699
0.566038
0.556604
4.29587
1.66423
1.07512
0.610687
0.566038
0.556604
1.07798
1.05164
0.512821
0.556604
2.66329
1.07798
0.877551
0.912863
1.11111
0.936508
1.07798
1.05164
0.814815
0.566038
0.556604
1.07798
0.308201
0.552764
0.541274
0.614597
1.1828
1.69504
0.695793
0.512821
0.556604
0.88
0.313492
0.897959
0.566038
0.556604
1.07798
1.07042
1.35802
1.11111
0.606061
0.578431
4.36385
0.92827
0.566038
0.556604
0.738255
1.07042
0.960699
0.575472
0.909091
1.09259
1.61644
4.86548
0.612245
0.566038
0.556604
1.07798
1.05164
0.512821
0.556604
0.635838
1.0892
0.314815
0.660661
0.566038
0.556604
1.07798
1.05164
0.814815
0.566038
0.556604
1.07798
0.308201
0.552764
1.04587
1.09259
0.866142
1.07042
0.960699
0.566038
0.556604
0.940171
1.05869
0.314815
0.566038
0.566038
1.61644
1.38824
0.995392
0.512821
0.556604
0.598985
1.07042
0.314815
0.566038
0.556604
0.780142
1.07042
0.925764
1.01852
1.01695
0.556604
1.07798
1.05164
0.314815
0.566038
0.556604
1.07798
1.05164
0.512821
0.575472
1.09259
1.44805
1.69504
0.308201
0.512821
0.556604
1.07798
1.05164
0.814815
0.566038
0.556604
1.07798
1.49367
5.58485
0.8
0.556604
0.635838
1.07042
0.960699
0.566038
0.556604
0.940171
1.05869
0.984615
0.306878
1.11111
1.09259
1.07798
1.05164
0.601093
0.566038
0.578431
1.07042
0.960699
0.31746
0.556604
0.738255
1.70149
1.36994
0.668693
0.566038
0.556604
1.07798
1.05164
2.97956
0.566038
0.556604
1.07798
1.03286
0.616246
1.11111
0.936508
0.738255
1.07042
0.960699
0.31746
0.556604
1.07798
1.05164
0.814815
0.566038
0.54717
1.09259
1.61644
0.842912
2.28184
0.556604
0.607735
1.07042
0.960699
0.566038
0.556604
0.88
1.07042
1.56849
1.22751
0.31746
0.556604
1.07798
1.05164
0.601093
0.566038
0.578431
1.07042
0.960699
0.556604
0.31746
1.09259
1.61644
1.17766
0.866426
0.566038
0.556604
1.07798
1.05164
0.691824
2.27712
0.556604
1.04128
1.67376
1.07317
0.566038
0.556604
0.700637
1.07042
0.960699
2.27712
0.556604
1.07798
1.05164
0.914286
0.857143
1.11111
0.936508
1.07798
1.05164
0.531401
2.27005
0.607735
1.07042
0.960699
0.566038
0.566038
0.853755
1.61644
1.24309
0.707246
0.566038
0.312169
1.07798
1.05164
0.601093
0.566038
0.578431
1.07042
0.908297
1.00917
1.11111
0.312169
0.827068
1.07042
0.960699
0.566038
0.556604
1.07798
1.05164
0.728477
0.575472
3.26182
1.09259
1.61644
0.711974
0.566038
0.556604
0.700637
1.07042
0.960699
0.566038
2.21344
1.02703
1.07042
1.59589
0.730897
0.566038
0.556604
1.07798
1.05164
0.531401
0.556604
0.316138
1.07042
0.960699
0.54717
1.11111
1.09259
1.48734
1.05164
0.764505
0.566038
2.21344
1.02703
1.07512
0.729483
0.566038
0.556604
1.31609
1.67376
0.694006
0.566038
0.556604
0.291005
1.07042
0.960699
0.566038
0.556604
1.07798
1.05164
0.741722
1.09259
1.11111
2.23467
1.07042
0.960699
0.566038
0.556604
0.700637
1.07042
0.960699
0.566038
0.54717
4.34491
1.54248
1.27568
0.575916
0.566038
0.556604
1.07798
1.05164
0.552764
0.556604
2.44947
1.06306
1.19372
1.01852
0.952381
0.556604
1.07798
1.05164
0.978166
0.566038
0.556604
4.40367
1.05963
0.601093
0.575472
1.09259
1.21277
1.28177
0.842912
0.566038
0.556604
0.827068
0.313492
1.07512
0.566038
0.556604
1.02294
1.58904
1.68085
0.657534
0.566038
0.556604
4.31422
0.938865
0.512821
0.556604
0.666667
1.07042
0.943231
0.598985
1.09259
0.936508
1.07798
0.309524
0.769231
0.566038
0.556604
1.07798
1.05164
0.552764
0.556604
0.606383
2.07895
6.13725
0.714286
0.512821
0.556604
1.07798
1.05164
0.978166
0.566038
0.556604
1.07798
1.01408
0.314815
1.11111
0.936508
0.598985
1.07042
0.960699
0.566038
0.556604
0.780142
1.07042
4.04148
0.566038
0.575472
1.09259
1.61644
1.18274
0.586797
0.566038
0.556604
1.07798
4.01092
0.512821
0.556604
0.666667
1.07042
1.59589
1.16402
0.582524
0.556604
1.07798
1.05164
0.314815
0.566038
0.556604
1.07798
1.05164
0.532663
0.810811
1.09259
1.26437
1.07042
0.960699
0.31746
0.556604
0.940171
1.05869
0.984615
0.566038
0.556604
1.09633
1.79845
0.897959
0.31746
0.556604
0.598985
1.07042
0.960699
0.566038
0.556604
0.780142
1.07042
0.949782
4.27483
1.04587
0.786667
1.07798
1.05164
0.658683
0.566038
0.556604
1.07798
0.938865
0.512821
0.306878
0.719512
1.44805
1.69504
0.695793
0.512821
0.556604
1.07798
1.05164
0.814815
0.31746
0.556604
1.07798
1.07042
1.13402
1.11111
0.556604
0.635838
1.07042
0.960699
2.22995
0.556604
0.940171
1.05869
0.984615
0.575472
1.11111
1.09259
1.61644
0.960699
0.566038
2.26769
0.598985
1.07042
0.960699
0.566038
0.556604
0.723404
1.28177
1.59589
0.694006
2.22995
0.556604
1.07798
1.05164
0.691824
0.566038
0.556604
1.07798
1.05164
0.522145
1.11111
0.312169
0.866142
1.07042
0.960699
0.566038
0.556604
1.07798
1.05164
0.814815
0.566038
0.31746
1.61644
1.38824
0.811321
0.512821
0.556604
0.635838
1.07042
0.960699
0.566038
2.22052
0.940171
1.02113
1.17136
1.09259
0.952381
0.556604
1.07798
1.05164
0.601093
0.566038
0.316138
1.07042
0.960699
0.566038
0.575472
1.09259
1.61644
1.68794
0.616046
0.540793
2.22052
1.07798
1.05164
0.691824
0.566038
0.556604
1.10092
1.67376
1.21547
0.8
0.556604
0.316138
1.07042
0.960699
0.566038
0.556604
1.07798
1.05164
0.814815
0.566038
1.11111
3.72024
1.07798
1.05164
0.512821
0.556604
0.635838
1.07042
0.960699
0.566038
0.556604
