0.8375
0.966667
0.933333
6.75833
0.766667
0.85
1.04167
0.966667
0.866667
1
1.14167
1.06667
1.03333
1.03333
1.06667
1.075
1.26667
2.64583
1.175
0.770833
1.07955
0.870833
2.09167
1.35069
1.06818
1.24242
0.979167
3.69583
4.52083
0.747024
0.852273
0.863636
1.01667
0.901515
1.30833
1.31897
1.31985
0.986607
0.878289
0.844697
1.50417
0.991071
1.09286
1.56061
0.746951
1.53333
1.75
10.8598
4.19817
1.175
2.29167
1.82083
1.27917
7.61667
3.00347
2.09583
2.45076
2.4875
3.05833
2.475
2.475
2.425
2.50833
1.34583
1.32576
3.70833
5.60227
4.34583
4.01515
5.72083
8.25417
3.6375
4.01736
8.6125
4.39167
4.9625
1.85833
1.6
2.0125
16.2083
1.86667
8.27917
5.34167
3.65833
6.44583
2.24583
2.00758
2.06667
2.81667
2.775
2.06897
1.47059
7.5
1.67045
0.625
1.06667
0.783333
0.837121
1
1.16667
0.833333
0.958333
1.1625
0.854167
1.00417
0.958333
1.44583
1.68333
1.83333
1.89394
1.45833
0.770833
7.19583
0.629167
0.841667
0.92803
0.866667
1.13636
0.992424
1.05
0.983333
0.879167
1.91667
1.78333
1.425
1.625
2.34091
2.90833
1.66016
1.1125
7.18548
1.46786
1.6553
1.12153
4.22917
3.77778
5.19583
1.92014
1.71212
1.76515
2.94167
2.28333
7.9625
1.37121
2.23485
1.21591
1.07917
2.42803
1.83712
1.82083
1.6
2.21667
4.40833
3.77586
1.25735
1.37917
0.988636
6.93333
0.995833
1.0625
0.966667
1.65152
1.5947
1.21774
2.49194
2.81048
2.9875
1.88333
1.71667
1.47917
1.825
2.275
1.50833
17.775
1.4875
7
10.7121
1.825
1.62879
1.91379
1.75
1.59583
2.0875
2.24167
2.29167
4.65417
1.95
1.675
0.95
1.44167
1.1375
1.15833
1.44697
1.46552
1.65323
7.02273
1.3
1.30208
1.56667
1.60833
1.6375
1.60833
0.931818
1.19697
1.22414
1.15074
0.961806
1.24167
1.56667
2.54167
1.34167
2.37121
8.80833
1.35
1.91667
1.8875
1.29924
1.875
1.23333
1.17083
1.55833
1.9375
1.91667
2.05128
1.64375
1.7017
1.91786
6.44792
0.567935
1.02083
1.16667
0.966667
0.908333
0.975
0.879167
0.854167
0.825758
0.933333
1
0.933333
0.875
1.06667
1.06667
1.06667
1.075
1.06667
1.94167
2.62083
1.83013
0.912879
1.01667
1.02083
0.833333
1
0.933333
1.01894
1.17578
1.08333
0.966667
0.871212
0.799242
0.955645
0.703571
1.35227
0.930556
1.62798
2.91667
3.96053
8.52027
1.57197
1.88636
1.45221
0.983333
7.84583
14.6326
4.79583
2.58882
1.575
2.575
3.27917
2.76136
2.46667
2.09583
3.125
1.97569
6.86742
3.01667
1.29583
1.37083
3.40909
2.55833
2.80833
2.5
7.27083
3.25
2.30172
1.44355
0.780303
0.712963
0.708333
0.776515
4.92917
0.825758
0.933333
0.866667
0.933333
1.04167
1.04167
1.20833
0.816667
0.941667
1.04167
1.83333
1.42083
1.50758
1.69167
2.27273
1.87917
1.9375
1.75
2.93015
4.15
2.65833
1.52917
1.18333
1.20833
0.856061
1.00758
1.10069
1.38636
1
6.44318
1.2875
1.275
1.55
1.60833
1.475
1.23333
1.67424
2.25758
1.95417
1.47727
2.4
1.8375
1.7125
4.475
8.49583
3.14583
1.50833
0.925
0.875
1
0.992647
0.941667
0.975
1.03333
0.966667
0.9
0.833333
0.9
0.883333
0.954545
0.966667
0.983333
1.13333
1
9.65417
0.966667
0.899306
0.9625
1.18333
1.15
1.14167
1.06667
1
0.966667
1.06667
0.933333
0.85
0.933333
1.11667
1.09583
3.82955
4.61742
6.875
2.23333
2.175
6.275
4.34848
2.775
11.5708
3.44167
1.40278
4.79924
1.00417
1.16667
1.40833
1.2125
1.80833
1.23333
1.03333
1.26667
0.854167
1.11667
1.3125
1.0375
0.918103
1.13235
1.27083
1.8
1.05556
0.701389
1.88333
1.64189
2.24167
5.20732
6.82372
2.81402
71.7804
4.00758
0.941327
0.856061
1.00379
2.49167
1.5
1.78788
1.19697
1.46591
1.62083
1.99621
2.4875
1.54167
1.73333
2.04167
1.56667
1.54167
1.90833
1.98611
1.87805
1.30814
2.49609
7.22222
3.36328
3.00391
2.32258
1.94444
1.68333
1.60312
1.44167
2.27917
0.840278
0.721154
1.1375
0.9625
0.941667
0.933333
0.875
6.86667
0.866667
1
1
1
3.2
4.975
3.5125
1.06061
0.933333
1.17424
1.87879
1.2
1.33333
0.9375
1.70833
7.80682
4.775
3.29167
1.83333
1
1.15909
1.475
1.42083
1.05303
1.06597
1.20417
1.54167
1.44167
4.87121
2.2625
1.92803
3.34583
1.15
1.35081
1.6625
1.41667
1.44167
1.47083
1.02083
1.28333
0.659091
0.969697
1.07083
0.933333
0.9
1
0.875
0.975
1.18333
4.39773
2.39773
2.33712
3.40833
11.7417
4.17083
0.765152
0.808333
0.9
0.966667
0.9
0.939394
0.933333
0.833333
1.3
1.40833
2.075
1.64167
1.83333
2.3
53.4333
0.297872
0.9
0.908333
0.983333
1.00833
1.24583
2.21591
10.9917
3.44697
2.63636
2.01894
1.62083
0.930556
1.28333
1.19697
1.45833
2.76667
2.475
3.10256
5.66755
3.73864
3.76014
3.87857
4.70833
3.675
3.31667
7.36364
0.920833
0.875
1.63333
3.30833
1.06667
1.20417
1.57197
1.74167
1.14167
1.2
1.375
1.07083
1.32197
1.05903
1.31061
2.45417
1.54924
1.66667
6.875
1.40152
1.31818
1.44167
1.44167
1.4375
1.51724
1.10417
1.42742
1.425
1.28333
4.30417
3.11667
8.875
11.2311
9.35833
0.9
0.878788
0.684028
0.95
1.4125
1.45833
1.37931
1.74194
2.45
1.50694
1.6
6.94583
1.1
1.67917
1.92917
2.35833
4.05682
1.38258
1.18182
1.46667
1.23707
1.56048
1.26136
4.31667
2.80833
0.870833
0.939394
2.875
5.45417
5.425
5.51136
4.71591
3.79924
1.30833
17.0492
9.5875
2.58333
1.73333
1.32917
1.075
6.69167
1.27273
0.908333
1.56439
7.06667
0.958333
1.2125
1.65833
1.03125
0.924242
1.1375
1.77917
2.38333
0.875
0.979167
0.9375
0.933333
0.975
0.825758
0.966667
1.04167
0.9
0.966667
0.933333
0.966667
6.6125
1.20417
0.983333
0.972222
0.795139
0.791667
1.39773
1.25833
1.39167
0.897727
1.41667
1.50833
2.04167
1.625
1.2
1.43333
1.25
1.35
1.15833
1.26667
1.26515
1.52652
0.95
0.983333
1.49242
1.62083
0.958333
1.00833
0.866667
1.00833
1.06439
0.954545
1.28333
1.625
2.01667
1.50833
4.5375
5.94907
1.575
1.17045
1.07576
1.7
2.025
2.55833
0.883333
0.979167
0.933333
0.908333
0.933333
0.9
0.908333
0.8875
0.991667
0.970833
0.733333
0.908333
0.666667
0.866667
0.903226
0.816667
0.970833
0.9
1.04167
0.966667
1.075
1.03333
1.17083
1.11667
1.34167
2.04583
1.7803
1.50379
1.79583
2.13333
1.39167
7.45833
1.33333
1.44167
1.60417
5.35833
1.48295
1.88194
3.125
2.00329
2.62121
2.0947
2.54583
1.475
1.48571
3.34583
0.848485
0.962121
0.9625
1.11667
0.9
0.933333
0.966667
0.966667
1.1
1.06667
1.075
1.075
1.075
1.075
3.12083
14.9042
6.75
3.67308
1.475
2.25758
1.6553
2.32576
1.17917
1.10606
24.6949
4.72336
1.13851
2.04167
2.1
5.65833
14.4
0.941667
1.07955
0.770833
1
1.13333
1.37083
1.60985
1.39394
1.15
1.375
1.775
1.47083
1.58333
1.85417
1.56667
1.7
6.94697
1.63333
2.74167
1.17083
1.50833
1.52273
1.33871
1.34167
1.1875
1.5
1.96667
2.74167
1.84091
2.47348
3.25833
0.920833
0.858108
1.22917
0.940104
0.653125
0.897727
0.929167
1.12879
1.16667
1.30769
5.73333
9.46212
2.1553
10.2417
2.18939
1.66288
1.27917
1.4375
1.45
1.7625
1.475
2.175
4.05
4.4697
2.05
0.892361
0.941667
6.09167
1.18182
1.43333
1.24583
1.05417
0.839844
0.834375
0.96875
2.64167
5.28333
1.9625
1.54167
10.7833
1.95833
2.05
2.78409
0.966667
0.908333
0.891667
1.13333
1.03333
0.933333
0.9
0.866667
2.07083
1.98106
2.72917
1.80833
2.475
7.775
9.16667
7.88333
4.34167
4.97917
4.54924
2.04167
3.24167
3.95076
3.89015
1.94167
7.78788
1.96212
4.01136
1.88333
1.46212
3.44583
2.375
1.34848
1.07955
1.03333
1.86667
4.52917
4.40417
7.975
0.916667
0.829167
0.875
0.841667
0.808333
0.875
1
1.01667
0.825758
0.683333
1.2
0.908333
0.975
0.870833
1.23333
1.02917
1.05357
1.35
0.799242
1.00862
1.12097
1.24167
1.27917
1.2
1.6
1.57917
1.44167
1.27083
6.57197
2.50379
4.14189
5.79583
3.16667
4.96591
6.14167
4.83681
6.55405
0.975
1.31818
1.31667
0.733333
1.0431
1.29032
1.21094
0.875
0.878788
0.979167
0.9125
1.03333
1.14773
1.0947
0.746528
0.791667
0.943182
2.10417
8.2125
1.66288
1.375
1.75962
1.5
1.76389
3.09583
1.8125
3.88258
2.12083
30.2992
24.9234
1.98611
1.13214
0.819444
0.825758
1.025
5.76667
1.50833
1.27778
0.897727
0.897059
1.02083
0.9375
0.833333
0.925
0.975806
1.00833
1.03333
1.06667
1.06667
1
1.04167
6.6625
0.732143
0.983333
0.792969
3.52917
6.7375
6.8375
4.64583
4.54167
3.00417
8.47083
1.76689
1.95833
2.09559
2.18056
2.02303
1.55592
1.85473
1.41576
2.50676
2.15
1.01923
1.80833
8.4125
4.85417
1.575
1.5375
1.5375
3.2125
1.03333
1.3125
1.45833
1.47083
1.48333
1.65
1.34848
1.60606
1.0625
6.79167
1.52917
2.11742
1.37083
1.26894
1.27431
0.868056
1.1125
2.04167
2.36742
1.95455
2.14167
2.26515
2.68534
1.19355
1.65
7.175
1.10417
0.9375
1.22083
1.13636
2.38258
3.02652
2.17083
4.08333
2.98864
4.83333
2.65833
0.991667
0.804167
1.09766
1.72984
1.02917
1.63258
1.96667
1.33333
2.54167
2.39394
4.44167
1.05
0.708333
0.866667
0.694444
1.05
5.27083
4.81818
4.375
6.94167
1.56439
1.05833
0.904167
0.966667
0.966667
0.941667
1.1
1.3625
1.3875
0.9875
1.05
1.24167
0.847222
0.957143
1.75833
1.19872
1.33333
1.54545
1.27917
1.2803
1.24167
1.975
4.43561
2.57197
4.55682
2.96667
2.125
1.27083
1.28409
1.77273
1.27244
3.78409
3.30303
3.44167
4.14167
3.375
1.03333
0.974138
0.943548
5.62153
1.4125
0.785256
5.14236
8.67083
4.32576
2.14583
2.14773
1.30833
1.9875
22.5451
1.27917
0.875
0.983333
0.9
0.866667
1.04167
0.9
1.075
1.52155
1.89706
1.63889
1.5
1.76515
2.15833
1.96667
1.075
1.25
0.833333
0.954545
0.908333
0.808333
0.731061
0.863636
4.43056
11.3371
6.89167
0.75
1.18561
1.06061
1.07576
1.07083
1.03333
1.24167
4.54583
6.30833
12.8674
6.93561
2.04167
2.52917
0.854167
0.9
0.941667
0.9
1.03333
0.833333
0.975
0.966667
1.06667
0.941667
1.04167
1.1
0.966667
1.06667
1.06667
1.13333
1.13333
1.13333
6.54583
0.775
0.981061
0.959559
0.866667
1.15417
1.10833
1.10811
1.54167
3.61364
1.79167
1.39583
1.63333
3.40833
5.675
12.9208
1.3375
1.64167
1.96667
3.00833
3.24167
2.1
2.57083
3.33984
2.85855
0.725543
1.14113
6.59091
1.75833
1.475
1.38333
1.63333
1.5
1.40833
1.3
1.37121
1.50833
1.375
2.08333
13.8708
7.725
1.56667
3.475
3.075
4.59583
2.59167
2.20486
2.22348
1.64583
1.75758
2.1125
2.20833
11.7348
4.97569
1.96212
1.54583
1.78333
1.60764
2.23333
1.69318
1.70139
1.95417
1.175
1.18534
1.41935
1.66667
1.35227
1.28409
1.54167
1.50833
1.46667
1.375
1.30417
1.33333
1.20833
1.47917
1.54167
2.6875
3.08333
1.45455
0.700758
1.1
1.35
7.05
1.43333
1.4
1.2375
1.66319
3.7625
0.9
5.22917
0.820833
0.954167
1.0375
0.833333
0.975
1
0.891667
0.966667
1.075
1.2375
0.674242
0.8
0.933333
0.893939
1.10833
1.10833
1
2.90833
10.0583
5.45
5.81875
6.49359
6.20076
5.78333
3.87821
1.91429
2.22857
2.93939
2.96181
12.5679
2.21591
8.66667
3.175
1.60833
3.525
33.3458
1.89773
3.59848
2.47083
2.2625
2.07759
2.25806
1.47436
1.92424
10.025
3.25379
2.29167
1.85833
1.23106
1.53333
10.7542
2.15
1.27652
16.4333
34.525
25.2754
7.13125
24.3466
5.36859
10.7872
4.97115
17.4107
2.95536
12.8917
18.8417
1.64583
1.60833
2.16288
2.72917
2.55417
1.75
8.77083
1.57917
2.39236
3.0875
1.82083
2.20455
1.62121
1.83333
3.7375
1.97917
3.34091
2.21875
1.05078
1.83333
2.67424
2.12083
1.69792
2.30833
2.64773
1.18561
1.30833
4.3375
2.9375
1.775
2.33333
0.925
1.18333
0.992424
0.913793
0.662162
2.03333
1.95
1.77586
1.04032
1.90417
1.40833
2.58333
1.7125
2.9569
2.58468
3.32083
13.7042
1.84583
2.39773
1.95
1.8
6.45
7.44595
3.73897
2.22426
8.15385
4.63333
2.7803
0.85
0.966667
0.933333
0.833333
0.933333
1.03333
0.933333
0.8125
0.9375
1
0.966667
1
1.16667
1.1
1.04167
6.85
0.992424
1.45833
1.66279
2.01923
2.39394
3.27303
3.57986
2.07576
1.64236
57.5
2.28309
0.3125
1.15833
1.4
2.225
8.4375
2.9974
2.9125
3.18333
1.36719
6.67812
2.68214
2.86029
2
2.29861
3.84375
1.51562
2.09091
5.5125
2.72083
2.0125
0.966667
0.689394
0.975
0.933333
0.966667
0.941667
1.00833
0.966667
0.933333
4.56667
1.3875
2.12917
1.54167
2.31667
2.34167
3.15
2.625
2.35256
2.23106
1.09028
0.804167
1.00833
1.11667
1.22581
0.783333
1.17917
1.20565
1.15417
13.6629
1.65833
2.0947
2.97727
1.68561
2.9125
1.44583
14.025
2.5875
2.92083
5.52083
4.51515
1.9125
1.47917
1.4125
1.33333
0.908333
1.26667
1.00833
1.11667
0.958333
0.791667
0.933333
1
0.966667
0.95
0.819444
0.916667
1.11667
0.743056
0.924242
0.929167
0.8125
0.925
1.0875
0.991667
1.1
1.03333
1.01667
1.85227
1.61071
1.31439
1.60606
3.41667
2.97917
2.11742
1.54545
12.2045
1.89167
2.16667
1.96875
2.04583
1.56061
1.84167
1.8447
2.86667
6.44697
2.83456
2.45312
2.39103
3.0777
2.66667
2.67628
1.57143
2.33871
1.94758
3.4625
4.94167
7.42917
1.56667
1.33333
1.51667
2.70833
2.44167
15.0341
6.26667
7.83125
2.16667
1.3375
0.933333
3.91288
4.35
3.63636
3.99583
4.78333
3.79167
1.76515
1.42424
1.44318
1.47348
1.60417
2.00417
1.40278
2.02917
2.81061
2.5
2.39394
2.7125
0.983333
1.22348
1.825
1.13158
1.28017
3.4375
0.471429
0.933333
0.708333
1.06667
1.06667
1.06667
1.13333
1.36667
0.875
2.10417
1.775
1.33333
1.97083
2.28333
1.9
11.6667
7.27778
4.84848
7.54924
5.7803
2.60833
11.5042
1.275
1
1.99167
3.875
2.12083
3.04167
3.02083
3.95417
2.48333
2.075
1.84167
1.36667
7.5303
2.83333
2.92803
1.40833
1.19583
1.4
2.39583
2.74167
5.68182
1.72917
0.904167
1.12083
1
1.99583
7.91667
1
1.2
1.26667
1.36667
1.16667
1.16667
1.5
1.4
1.625
1.81818
2.09583
1.875
1.725
1.65152
1.90086
1.45608
7.2375
2.275
2.20833
2.26515
2.39773
2.22348
6.92083
9.09028
4.54545
8.25
2.58594
1.39362
3.54375
2.05303
2.67803
3.77917
1.29861
2.16667
1.03409
1.09091
0.85
0.916667
1.13333
1.51515
0.820833
0.95
1.07083
1
1
0.941667
0.908333
0.784091
0.8125
0.825758
0.783333
10.525
2.07917
2.84848
7.65833
1.79545
2
1.525
3.8125
3.06667
2.16346
2.02381
1.55357
1.30655
1.44512
1.38158
1.05625
1.35197
5.48476
1.56855
3
7.53659
7.5
1.67917
1.65
1.63333
1.675
2.925
1.88258
2.22917
1.73397
2.21324
1.08333
0.941667
0.883333
0.933333
1
1
0.933333
0.825758
0.848485
1.06667
1.06667
0.833333
1
0.933333
1.00417
6.73333
1.30417
1.36364
1.60417
1.54167
1.59091
1.93966
1.68919
1.63636
1.53333
1.10417
1.67083
1.15705
0.995833
1.62083
1.14583
0.995833
1.2
1.50694
2.1125
1.50833
1.58333
1.95417
1.39773
3.49167
2.44485
3.79924
2.44355
4.8125
1.89167
7.675
2.41667
1.85
2.5947
1.2
1.06667
1.06667
1.475
1.27083
3.18333
2.37917
1.24167
1.84583
2.85833
3.13333
6.81667
0.8625
0.916667
0.966667
0.8
0.883333
1.03333
1.03333
0.966667
1.16667
1.4053
1.27586
1.84274
1.29167
1.47083
1.53333
1.13889
1.29167
1.48333
1.2
0.933333
1.19697
1.67917
1.25417
1.30833
2.02083
2.79167
2.17803
2
2.72917
3.36513
1.5
2.0122
1.70052
2.37879
3.24662
1.79167
2.14931
3.43182
1.98333
1.41667
1.98864
1.65441
5.9879
1.3125
1.42917
2.81818
1.03333
2.125
1.06667
3.5875
8.72083
3.19643
1.0125
1.12917
1.26667
0.9
2.45833
7.80833
3.275
4.61111
5.60606
3.3
1.275
1.95076
2.42917
1.24583
1.525
0.966667
12.5167
1.80833
1.02652
4.975
1.74167
2.01667
1.175
1.04545
0.875
0.893939
0.916667
1.08333
0.866667
1.00833
1
0.970833
1.06667
0.941667
1
6.55417
0.734848
1.825
5.52917
9.31061
11.1136
2.89167
1.11207
0.935484
6.4053
1.72917
1.625
301.67
10.3516
26.2281
20.418
22.1328
2.24643
1
0.95
0.929167
12.7125
1.90833
2.44167
3.17083
4.9125
4.225
1.43534
1.1129
4.87121
3.50694
1.50833
7.91667
2.73333
1.67424
1.25379
7.07197
3.4625
2.41667
1.70833
0.966667
1.24167
1.46667
1.80833
1.90833
18.6667
0.818182
1.825
1.08333
1.22414
1.64516
3.04167
2.5
1.80833
2.25833
2.13636
1.14583
1.10833
3.42917
2.92045
1.97581
1.46691
1.90357
1.66797
2.20968
1.48485
1.95076
2.68182
2.35606
4.79167
7.99653
5.9125
3.20833
1.4125
3.01667
4.01515
1.31818
1.39015
1.4375
1.67424
1.1
1.2
1
6.99167
1.00833
0.970833
0.820833
0.875
1
0.8625
1.09848
0.916667
0.658333
1.03333
0.866667
3.75
3.4
5.2125
1.89583
2.01515
9.36742
3.03788
4.14773
0.530738
0.908333
0.767241
0.8
1.125
1.03333
1.03333
1.00833
1.06667
1
1
1
1.06667
1.03333
8.0125
1.69167
1.43333
0.970833
1.3125
1.70833
1.27083
1.375
1.29583
1.41667
1.4
1.36667
1.3125
1.49583
1.89583
2.45833
2.8625
9.775
3.21154
2.53214
1.66667
1.94355
1.83152
7.57927
0.503472
0.845833
0.920833
1.06818
6.76667
1
0.676282
0.879167
0.9
0.933333
0.933333
0.933333
10.4458
1.2375
1.38636
2.21875
1.03571
1.26351
1.3125
1.21591
1.03472
1.14394
0.972222
1.74583
1.89167
0.9125
1
0.941667
1.575
2.18182
2.37917
1.62083
4.00833
2.16667
1.72727
2.63333
6.86667
6.59167
1.2
2.41667
1.37121
1.1125
0.993056
5.51136
0.970833
1.125
1.04167
0.866667
0.8875
0.966667
0.9
0.933333
0.69697
32.9667
47.4292
5.10179
20.6518
29.35
18.3031
1.31117
1.5
1.175
1.37083
7.175
1.6
1.60833
1.59167
1.73864
1.94583
1.60833
1.975
2.21667
2.44922
1.96591
1.73106
2.19167
1.63672
1.50833
6.40909
1.68333
1.40152
1.5375
1.72917
4.75
4.64236
2.93333
2.35417
5.11667
4.86667
9.84167
2.7
3.19485
2.90152
3.03788
5.07197
11.3083
5.13306
4.34091
3.78333
8.20417
2.83333
2.77652
14.9542
9.6875
4.44167
3.54583
3.44167
3.21667
1.51894
1.5
1.21875
1.38333
1.67014
20.05
0.863636
1.8375
2.17917
2.25
2.4375
1.89583
3.89583
1.05303
1.42083
0.9
1.03333
4.33333
6.88851
4.74583
4.33333
3.19886
5.55068
2.57422
1.05263
2.09926
2.90152
8.6625
3.38636
3.17917
5.8125
1.74306
1.84583
2.425
11.3993
9.20455
4.31061
3.725
2.65625
2.25
1.6625
1.91667
0.973485
1.00417
1.74167
2.05
6.2875
0.734848
0.691667
5.62083
4.78409
1.55
3.53788
1.75
2.74242
2.225
2.10833
3.07917
2.41667
1.7803
1.625
1.73333
1.69583
1.77917
1.45455
1.87879
1.7
1.56667
4.9875
1.85606
2.35833
1.66667
1.61667
7.025
1.13333
1.3
2.44583
2.5125
1.70417
3.29583
4.04167
3.95833
4.55417
3.7
9.77917
3.775
2.9875
1.2803
0.916667
1.07083
0.975
0.9
0.966667
2.80833
8.71667
1.93333
1.24167
1.475
1.2
1.19697
1.05
0.829167
1.07083
1.03333
1.06667
1.43333
1.14167
0.7
1.14583
1.00833
0.966667
1
0.933333
1.06667
0.975
1.04167
0.975
0.725
4.37917
8.75379
4.31439
4.56061
3.4
3.82917
4.73333
2.46181
2.68015
1.8825
7.59722
1.60938
1.96131
1.57979
4.87838
1.425
1.275
0.9
0.904167
0.945833
0.908333
1.43333
1.54583
1.53333
1.49167
7.41667
1
1.1375
7.17083
1.46667
1.5375
2.175
2.3447
1.775
2.30833
1.85
1.77273
2.31667
1.12879
1.25833
1.08333
2.24167
2.59583
5.22083
1.5947
1.25833
1.82576
1.99653
3.19167
0.916667
0.916667
0.94697
0.966667
0.903226
0.983333
6.5875
0.7
0.80303
0.882576
0.916667
1
1.175
1.44167
1.4053
1.45417
1.67917
4.65
2.76894
0.852273
0.731061
0.908333
1.03333
0.85
0.9375
5.68403
0.983333
0.951389
0.858333
1.275
0.883333
0.935606
2.13889
2.65909
28.8939
3.4125
2.69167
2.32917
1.3875
1.275
4.75
5.72083
1.36667
1.66667
2.87083
14.725
7.19697
2.25833
1.18939
2.09167
3.35
1.04924
0.825
1.07917
0.891667
1.14583
0.945833
1.2125
9.62917
2.06667
2.325
1.89394
2.04545
2.29167
2.05833
1.21181
1.60606
1.48485
3.04167
4.8875
2.96667
7.775
4.20833
1.8625
1.84167
1.73333
1.74583
1.875
3.52917
8.82083
5.35417
7.47222
2.9625
2.40833
6.53333
2.9375
2.16667
2.71667
2.08333
3.025
1.9
1.43333
1.06667
1.63333
6.775
1.10833
5.29167
5.025
4.175
3.3875
3
2.63333
2.1
1.96667
0.8
0.845833
0.929167
6.725
1
0.833333
0.941667
1.3
3.35833
3.67803
3.0625
3.00417
11.3792
4.80833
0.635965
1.2197
0.979167
0.977273
0.970238
1.14583
1.01786
0.791667
2.85227
2.61742
3.05417
0.837121
1.00833
1.04583
1.30417
1.02652
6.49583
1.03333
1.14167
1.075
1.10833
1.10833
0.95
1.46591
2.64167
3.175
1.28629
2.8625
2.64167
2.04545
2.1553
1.25694
7.27083
2.64394
0.984848
0.785256
0.768939
0.908333
0.933333
4.00417
9.525
10.9924
7.0125
1.25
1.17917
1.30417
1.69583
1.4875
1.40833
1.7125
1.27917
1.44167
1.475
1.0375
1.54167
1.54167
2.47083
4.0125
1.62821
1.43182
1.88636
2.58333
1.71212
1.49167
1.36207
1.02016
2.88636
1.4375
1
0.966667
0.913462
1.41667
1.925
4.08333
8.70833
10.6208
0.799242
1.73707
1.71691
0.9375
0.941667
1.04167
0.875
0.866667
0.941667
1.03333
0.933333
0.941667
1.1
1.03333
1.10833
0.80303
1.11667
1.10833
0.866667
0.933333
2.3125
4.27083
5.23106
3.6875
6.55682
3.87121
8.9125
5.3125
4.26894
2.31061
3.46774
2.47973
1.76351
2.05
1.71212
0.746795
0.975
7.58333
1.18939
1.17083
1.80417
1.05417
1.23333
1.1875
1.27083
2.2875
1.7
1.14167
2.22917
1.525
1.50379
2.27917
1.82197
1.57083
7.275
1.64167
1.76894
1.99167
1.5947
1.8875
1.81439
2.1553
6.49583
2.60985
5.425
11.5038
5.00379
3.60833
2.74167
3.73485
3.73333
3.04167
3.00417
2.43333
3.0625
6.8125
0.9
2.03788
2.15833
1.80417
1.90833
1.96667
2
2.10606
2.3
2.10833
1.74167
2.10833
2.3875
1.325
1.12083
0.727273
1.45833
1.04545
1.06667
1.64167
1.05
1.02917
1.5
1.5819
1.22973
1.2
0.782738
1.00379
1.42917
2.3
1.56061
1.03333
1.24167
1.13333
1.2125
1.20833
1.27917
1.2
1.775
1.97414
4.00806
5.80417
6.75758
2.75758
3.45455
9.98864
0.782258
1.14167
1.06818
0.9375
1.03333
0.941667
1
0.9
0.966667
1.10833
1.56944
3.325
1.09375
0.762097
6.56667
0.616667
0.7625
1.17083
1.33712
1.59091
1.86364
1.625
1.70833
1.64015
1.95833
1.80833
1.375
1.33712
1.12847
1.125
0.95
14.8458
1.17045
1.87917
2.36667
1.775
10.0375
6.2375
0.844697
0.886364
1.59167
7.20076
2.03333
1.70417
2.48529
1.45455
1.05603
1.13306
2.49167
2.35833
0.875
0.941667
0.933333
0.933333
0.908333
0.908333
1.03333
0.941667
0.95
1.1
6.63636
1.8
1.64583
2.49583
4.15313
6.71795
5.73311
8.54167
16.0444
97.3333
2.07292
0.390625
0.933333
1.175
0.9375
1.03333
0.933333
2.24167
2.59167
3.20833
2.51515
7.25379
3.72917
3.22059
4.15833
3.08214
3.29054
4.15132
3.59375
3.42763
3.34146
2.52778
1.68293
3.22368
7.5
1.96667
0.837121
4.92361
1.78333
1.74583
2.17917
5.66667
2.18939
3.69167
1.43333
0.879167
1.08333
0.866667
0.766667
1.03333
0.966667
0.991667
1.08333
1.72917
1.2125
1.67045
1.41667
6.92803
2.19318
1.88281
1.53378
1.44167
1.65
2.0625
1.82576
1.80682
1.48106
1.525
1.38636
1.07917
1.27917
1.4
1.40417
1.14583
7.175
1.75417
1.35417
1.9125
1.92083
17.072
4.28788
1.20417
0.973485
1.14516
8.725
0.969828
1.49597
2.20417
1.60227
1.8875
3.1875
3.77917
1.38542
0.908333
1.0125
0.95
0.875
0.966667
0.9875
0.904167
0.9
6.38636
0.866667
0.908333
1.04167
1
1.00833
1
1.03333
1.06667
1.06667
1.10833
1.075
1.62917
1.00417
1.75417
1.79924
2.0875
1.49138
1.38971
1.325
6.40152
1.44583
1.34167
1.50417
1.58333
1.6625
4.92917
3.52917
2.925
4.125
3.00391
2.98387
8.97083
4.19922
32.8292
3.23485
9.32917
1.80903
1.28409
1.02431
1.27273
0.979167
1.18103
1.46371
1.40417
1.34028
1.58333
1.48106
1.50833
0.848485
1.2125
1.07083
1.36667
1.0125
0.916667
0.82197
0.935606
0.9125
0.9
0.996212
1
1.05833
0.866667
1.13306
0.970833
1.11806
2.59848
3.85
5.60417
2.1875
10.95
6.77273
1.56667
0.859848
0.784091
1.00833
0.818182
0.795455
0.987069
1.10484
1.075
0.904167
0.916667
0.975
0.863636
0.912879
1.00431
5.89706
1.09167
1.025
0.8875
1.21212
2.04167
2.89583
8.27273
0.866667
2.0375
3.34167
1.57197
2.30417
8.975
5.08712
6.25417
7.11667
2.98864
2.875
0.925
42.3068
4.04167
1.62083
1.23276
1.54044
7.48106
2.38258
1.95
3.90417
1.51736
1.45
2.14236
1.95833
0.753676
0.908333
1.3125
5.69583
4.3875
2.17424
0.6625
1.47917
7.40833
1.93939
2.81061
3.66667
1.975
3.02083
2.9125
10.0125
7.19167
1.8447
3.04032
2.26667
1.48106
2.65417
2.70833
2.5125
3.04583
0.983333
1.35484
0.924242
0.746212
0.784091
0.9
0.908333
1.10833
0.966667
0.866667
1.04167
1.075
1.04167
1.06667
1.03333
0.783333
0.895833
0.863636
1.03333
1.50833
1.075
1.38333
1.29167
0.922297
1.0303
0.881944
0.82197
0.875
1.13258
0.912879
1.36667
1.02652
1.18561
1.28333
1.325
1.51667
2
2.76667
4.47083
4.92083
7.92083
2.52917
2.15809
2.9875
2.67339
3.93359
5.5125
1.41667
1.48106
2.27917
1.47917
0.966667
0.883333
6.9
0.875
1.00833
1
0.866667
1.5
2.46667
2
1.57576
2.92803
3.14167
4.43182
1.59848
1.74167
2.80833
9.19583
1.78125
3.3125
1.6348
2.60577
0.830556
1.44697
1.525
1.45
1.37917
1.2
7.775
9.95
1.06818
1.81466
1.22581
0.933333
1.46667
1.7
2.25
1.20833
5.76515
9.8375
6.18939
0.916667
1.15
0.8625
0.933333
0.866667
0.933333
0.883333
1.03333
1.875
4.64583
5.51667
5.57197
2.66288
6.69318
4.0625
6.32083
2.05303
2.45455
0.825758
1.06061
0.867424
1.11364
0.783333
1.05833
0.966667
0.8
1.06667
0.933333
0.970833
1.06667
6.62083
3.75
1.44167
1.5
1.38793
1.78226
4.71591
4.49167
6.00694
3.4
1.84848
8.65833
2.16319
1.85985
1.82917
1.06818
2.5
1.50833
1.64167
1.27083
1.3125
7.86667
1228.57
1.14224
1.875
1.86667
2.1625
1.72083
2.4375
1.88258
1.66667
1.39167
1.85
2.24167
2.42083
2.08333
7.92917
1.83333
2.01515
2.33333
7.175
1.025
6.37121
0.766667
0.933333
1.04167
2.05833
1.17083
1.15152
1.00833
1.26667
1.24167
1.05903
1.31061
1.85417
3.91319
1.4125
1.22727
1.1
1.38333
2.17424
2.21667
1.5125
1.31439
1.075
1.64583
1.475
1.725
1.81667
1.55
1.07917
1.33333
0.984848
5.68333
4.49038
2.58542
3.94697
2.48529
3.55793
4.90385
1.16761
0.340116
1.06667
1.13333
1.15
1.08333
6.67917
0.966667
1.00833
0.975
1
1.13333
1.1
1.06667
1.03333
1.1
1.23333
1.33333
1.05
1.67424
2.42803
2.42742
1.87121
1.45066
1.71382
1.71341
2.26838
1.31757
1.78788
3.70625
1.82576
1.34091
7.44167
1.73333
2.34167
1.99583
6.60764
4.16288
2.8375
1.86071
2.42683
3.02303
2.50893
2.82692
2.35714
2.76689
8.64453
1.29167
1.01667
1.03333
1.1
1.66667
9.97083
0.705128
1.28409
1.26667
2.5
2.2125
2.50417
1.20139
6.83712
1.2375
5.2125
4.66016
4.92045
0.9125
2.98611
2.12121
3.16667
3.44167
9.04545
2.07083
2.59167
3.0625
1.20417
1.2125
1.875
6.99167
34.5208
0.375
1.10417
1.77917
1.4
1.50833
1.48333
1.50833
1.16667
1.3375
1.04583
1.23333
2.3
2.12083
1.70833
1.8375
1.91288
1.675
2.10833
1.625
5.38672
1.93929
2.10227
0.804167
1.17411
1.32031
0.9
0.909091
0.883333
6.6625
0.866667
0.833333
0.933333
1.03333
0.9
1
1
1.06667
1.06667
1.06667
1.1625
1.70833
2.05417
7.20076
1.3125
1.35
1.25379
6.07292
1.55
1.34167
1.17083
1.275
0.875
0.783333
0.970833
0.895833
1
2.21667
1.75
1.78333
3.40152
2.57083
2.85833
8.17083
1.23106
1.50833
1.10417
1.00417
0.975
0.820833
0.878788
0.920455
1
0.904167
0.784722
0.954545
0.903846
0.958333
0.977273
1.1625
0.714744
1.05303
16.0083
2.4375
4.3375
2.29167
7.25417
2.25833
4.72348
2.025
3.48387
11.6174
8.75
3.39167
0.909722
1.23333
0.825
1.56667
1.2
0.975
2.70833
1.68519
1.92448
1.60714
0.9475
40.3859
5.20833
12.9414
5.5625
5.4399
3.11786
3.07083
3.77917
2.24583
25.5708
2.20833
9.53409
4.65417
3.50833
1.74219
2.58333
1.46094
1.06439
0.8625
0.725
0.933333
1.25
1.04167
1.04167
1.1
0.966667
0.841667
0.972222
0.933333
0.9
0.983333
1.40833
1.26667
1.36667
1.01667
1.53333
2.64167
2.22348
1.64516
1.31818
8.0375
2.89394
4.1
2.20833
2.97727
1.36667
1.37917
2.94167
1.26667
2.54167
22.7333
1.69318
2.00833
3.43333
2.27917
4.35833
1.75
1.50379
1.35776
1.56452
1.3125
1.10417
1.34583
1.13333
7.52083
1.75379
1.45
1.27273
2.17045
2.76136
3.10985
3.5625
3.00417
4.84167
1.64773
9.99242
2.74583
0.840909
1.175
7.3125
2.9125
1.60833
0.924107
1.05078
1
0.875
1.03788
0.908333
0.848485
0.908333
0.966667
0.908333
0.9
0.871212
0.916667
1
0.866667
0.966667
0.983333
1.03333
1.04167
1.06667
1
1.4875
0.930233
1.29167
1.45357
1.55
1.74306
1.76515
2.15
1.5375
7.52083
2.2125
1.64167
2.08333
1.88333
1.8875
2.50431
2.02344
2.51667
1.86364
1.74621
1.43182
1.86328
2.20076
1.49242
1.57639
2.34191
31.7875
3.29583
8.80417
2.125
1.82353
1.95455
1.07639
1.875
1.47727
1.49242
1.47727
1.90972
1.48485
1.90909
0.908333
1.125
0.916667
0.783088
1.09677
6.55
1.54583
1.22727
1.10417
0.929167
1.29583
1.10547
1.17742
1.22581
1.17917
0.8625
2.25379
5.60606
5.84167
2.42424
3.76515
6.09167
1.94167
1.04583
0.939394
0.9375
0.8625
1.1
1.03333
0.991667
0.941667
0.875
1.00833
0.909722
0.945833
0.9375
0.891667
1
6.21591
1.19167
1.00758
1.07083
1.0375
1.1553
1.16667
1.67083
3.55
1.35345
1.77419
1.77917
1.06667
0.916667
2.44167
5.49167
7.07083
0.9625
0.858333
1.1
0.833333
1
0.804167
1.00417
0.9
0.966667
1
1.08621
1.05833
0.842742
1.01667
1
3.79167
5.06667
28.6708
1.95076
2.31439
1.28061
1.63125
2.35855
2.84375
6.67361
2.72917
1.83841
2.08333
2.18333
6.10417
5.99265
3.5122
3.62812
4.34926
4.52885
1.91927
3.125
4.10606
3.05833
3.01894
2.9053
2.97083
2.75833
0.890152
7.7375
2.43561
1.53879
1.83065
1.31667
2.26667
2.19583
1.44167
1.31061
1.55833
1.2803
1.48333
5.75379
1.2125
0.875
6.97917
0.9375
1.13333
0.854167
1.28333
1.31667
1.25
1.6875
1.73333
10.566
3.47727
14.1833
4.62903
9.65726
21.4091
1.19167
0.492424
1
1
0.966667
0.866667
4.44583
3.375
5.85714
2.55882
2.97083
3.01667
2.63851
2.41667
9.175
5.72348
6.02652
1.7125
1.95417
1.34848
1.34167
2.1
1.25379
1.14744
2
1.64167
1.49167
1.74583
1.2803
1.96667
13.0833
0.733333
0.958333
0.741667
0.9
0.983333
0.931818
0.841667
0.908333
0.914062
11.2944
1.49242
1.77273
3.10417
8.85833
3.12121
2.77778
1.46667
1.40833
1.40833
1.54167
1.63333
1.74167
2.2875
1.58333
1.24167
1.875
2.7125
3.15833
1.52917
0.8375
6.17803
6.15417
3.275
1.86667
2.28333
1.7803
1.2
1.20833
1.225
0.800781
0.909722
0.9875
1.01613
1.03125
1.32083
1.39919
5.90625
0.853448
1.18952
0.941667
1
0.966667
0.908333
0.9
1.16667
1.95
1.4
1.35417
1.15972
1.19583
1.34583
1.01515
1.05833
5.69167
7.39402
1.07083
1.23485
1.40278
1.5947
1.41288
1.43333
1.23611
1.53788
1.19196
1.15357
1.37121
1.80833
1.575
1.97083
2.55417
8.2875
3.56061
2.96983
2.94375
2.325
1.79167
0.913793
0.943548
2.3
1.9125
3.63636
3.30833
8.82197
2.95833
4.4375
1.43333
1.64773
0.924242
1
1.00833
1.98333
1.82083
1.45417
1.25833
1.50417
1.31667
1.01136
1.24167
6.99167
1.13333
1.24167
1.53333
1.69167
1.88333
2.28409
1.86364
1.94167
1.89583
1.77083
1.12917
1.75417
1.30303
1.49167
1.45
1.38636
1.69697
5.02083
5.7875
4.24242
9.56667
2.56818
3.3125
4.75
1.55303
1.68333
1.1
1.275
1.3
1.86667
1.2
1.03333
1.64167
1.65417
0.875
0.8625
1.13258
7.90417
8.23
30.587
0.85307
1.4875
1.77273
1.39015
1.84583
1.80603
1.84677
1.85227
1.65972
2.09167
2.49242
2.05
2.4125
0.611111
1.175
6.85417
0.8375
1.61667
1.275
1.15152
28.5792
2.03409
10.2235
1.02917
1.70259
3.34926
2.4625
3.55833
1.46212
1.575
4.1625
3.3375
3.19697
2.16288
2.75
3.63636
2.35
4.8375
3.63333
2.94583
0.691667
0.858333
1.2
1.03333
1.00833
1.06667
1.14167
1.04167
0.966667
6.95833
0.941667
0.933333
0.925
1.03333
1
1.04167
1.35833
1.20946
0.625
1.35833
0.933333
0.9
0.791667
1.0625
1.94318
0.622596
1.075
0.983333
1.04167
0.982759
6.09926
1
1.05833
1.80833
2.21212
3.30303
2.45455
2.81855
2.51515
4.0625
3.14583
3.45161
1.9625
3.2625
1.55417
1.75758
1.5375
1.775
3.1375
7.8
6.71212
11.8942
6.125
7.80833
3.39015
3.08333
24.6458
15.7
1.35417
1.23333
1.26894
1.64773
2.04583
1.39167
1.74167
1.37917
0.9375
1.06667
7.12083
1.7
0.833333
1.1375
3.16667
10.0455
5.12917
3.5875
1.62153
2.025
2.11667
14.7958
13.0292
0.905303
1.26515
1.17424
0.891667
0.841667
2.11364
3.5875
3.025
1.5
6.14773
2.1625
1.57576
7.78409
1.8125
1.07576
1.30833
1.60833
0.966667
1.53333
1.53333
7.34583
0.866667
1.17917
1.06818
1.15833
1.24167
1.17083
1.09848
2.82917
2.55625
3.72756
3.86765
1.78274
4.30714
2.35938
2.07576
3.1875
2.07917
0.841667
0.858333
1.00833
1.00833
1.1
1.01515
0.88141
0.795455
0.9625
1.375
1.22917
0.920833
1.025
38.2235
31.5242
692.208
447.371
0.373333
0.966667
0.866667
0.933333
0.966667
0.975
7.10833
1.43333
2.16667
1.37121
1.85
1.11742
1.1
1.3375
1.35345
1.4879
1.46667
1.12879
1.42917
1.57917
1.20833
2.73864
2.84295
2.37903
2.91288
4.13258
3.07661
1.55682
2.01103
1.76786
0.891667
0.929167
0.933333
0.933333
0.833333
0.916667
1.04167
0.966667
1.26667
1.44697
1.53788
1.3
1.08333
1.28333
1.34091
1.26667
1.49583
1.77083
1.86806
2.10833
14.8375
6.93561
5.00641
4.43182
3.14773
3.38333
1.92917
1.92917
1.45455
1.54167
8.25
2.17083
2.55
3.07576
4.75379
2.37879
2.49621
2.33712
2.16667
0.943182
0.768939
1.07576
1.03788
0.908333
0.8625
1.14394
0.908333
1.11667
1.04545
1.03472
1.05682
0.820312
2.36397
3.86742
2.02652
1.64583
1.9
1.70833
1.875
1.71667
1.63333
7.34583
1.63333
1.50417
2.91667
3.75417
1.2875
1.45833
0.939394
0.933333
1.14167
0.966667
1
1.175
1.26667
0.966667
1
0.925
0.966667
1.03333
7.4875
1.7875
1.44583
5.34848
3.41667
5.92045
6.9053
1.99306
2.19167
1.93939
7.19485
2.0436
2.37121
2.1375
1.39062
1.75
1.79392
6.11328
4.0625
7.8875
5.35985
1.98333
2.92917
4.8625
4.525
4.16216
1.99242
3.2375
3.00833
1.72083
1.91288
1.77917
1.50417
3.8125
5.98333
7.2
6.47083
6.23333
10.6553
1.67917
2.04583
8.15417
1
0.975
1.07917
2.1
3.375
0.852564
0.833333
1.0125
0.82197
0.776515
6.92917
0.8875
0.953704
0.833333
0.895833
0.725694
0.933333
1.32083
1.03333
1.02083
0.9
0.909091
1.0947
1.45076
3.55417
6.92045
9.82576
2.46591
4.75417
4.31818
2.79286
1.83712
1.66071
2.01136
2.08712
1.09524
2.17045
2.06985
1.78472
1.60061
0.821875
1.32095
1.22266
1.43548
1.57759
1.03226
1.1
1.39167
1.425
1.11638
2.56452
1.06667
3.28333
1.8
7.55682
2.6
2.48485
2.54054
3.01645
1.52976
2.05903
1.46023
1.08854
2.89865
2.53409
8.6875
2.82083
2.98333
3.79583
2.59167
2.55682
2.99583
2.65
2.91667
2.78333
2.89583
1.72917
8.15
2.10833
2.75833
5.75
1.42083
1.58333
2.80833
3.025
4.39015
2.7375
3.39931
9.6125
1.03409
0.841667
1.075
0.9
0.8
1
0.966667
1.2625
0.984848
0.870833
0.808333
0.858333
0.920833
0.970833
0.966667
0.933333
1.0375
1.1
1.9125
1.35833
7.30417
1.42803
1.69583
2.74167
1.67045
5.14394
0.68
1.24242
1.57083
1.68333
1.15152
1.225
1.33333
0.982759
1.125
1.22426
6.38636
2.18182
2.2125
2.38194
2.36667
2.48485
1.85606
2.0875
1.95703
2.01689
1.59295
0.951705
0.630952
1.2125
0.878788
6.4875
0.9
0.941667
0.975
0.895833
0.920833
0.715909
0.833333
0.9
0.966667
1.03333
0.8875
0.878788
0.933333
0.816667
0.9
1.175
1.04167
1.325
1.05833
0.795833
0.75
6.975
1.90417
18.8958
7.52941
4.5744
1.17014
1.09028
1.32576
1.10833
1.2375
1.29741
1.05882
7.975
1.40417
1.92241
1.97581
5.625
6.12917
11.3958
4.6375
2.60417
1.7197
2.40833
1.90417
1.82917
1.81667
1.6
2.07917
1.73333
1.8375
3.7625
5.17803
2.65833
5.43939
9.81061
1.3125
1.3125
2.33681
2.1625
1.82759
6.67424
0.852941
0.943182
0.858333
1.02917
1.03333
1.03333
1
1.06667
0.933333
0.9125
1.13333
1.16667
1.41667
1.40948
2.29032
15.6795
3.60833
3.95417
4.32083
6.2197
7.40278
4.25
4.46691
1.73355
2.1994
2.01351
1.39453
2.85417
3.30303
2.68182
2.23333
1.57083
2.3
3.05
1.59848
0.895833
1.0303
2.575
1.58333
1.99138
1.90441
1.65
2.575
1.94167
1.73333
1.66667
1.19583
1.52586
1.19932
1.39015
1.47917
6.92424
1.73333
1.44167
1.47083
1.33333
1.37879
1.55
1.61667
1.55833
1.31667
1.91667
1.55303
2.12083
2.64015
1.91667
2.375
8.89167
10.725
1.14167
2.00417
3.57955
1.46591
2.97083
4.275
2.30833
2.38333
1.3
7.41667
3.01667
1.74167
2.34167
1.76667
0.878788
0.941667
1.26667
1.12917
1.14167
14.5833
2.32083
1.60855
1.875
1.84643
2.04545
1.42663
2.06579
1.29062
1.96371
2.05
1.77857
2.11364
1.38889
1.85417
1.57083
6.9125
1.5
1.8125
2.39167
1.78333
1.20833
1.60227
1.15
1.17083
1.36667
1.57083
4.44257
3.62162
5.18929
3.65625
4.375
3.05357
2.42828
2.44167
2.50833
2.50833
1.13333
1.4
10.6856
0.85
1.13333
2.98333
0.95
0.802083
1.15909
2.25431
1.86694
1.74242
2.00379
1.94167
1.40833
1.25446
1.23438
1.175
1.32917
9.20565
1.70076
1.89394
1.69318
1.95
1.41667
1.12083
1.275
1.22917
1.13333
1.475
1.31061
1.00758
5.44583
4.75
9.18182
4.85985
3.88333
4.875
0.847222
1.325
1.03947
1.04583
1.13333
1.0125
0.916667
1.17083
1.02652
0.931818
1.22917
1.18182
0.777778
0.9
0.9375
0.977273
1.0125
0.979167
0.996528
1.15
0.852273
2.29167
1.1375
1.03409
1.23333
1.43333
1.24167
1.15
1.23333
1.875
1.49621
2.15152
1.32622
1.86029
4.25321
11.5871
7.50714
20.4508
1.7625
1.60227
1.3625
1.83333
3.83333
1.64015
1.75417
2.39583
1.74167
1.7
1.49621
1.90278
0.592949
0.939394
1.06667
0.858333
0.908333
1.075
0.966667
1.23333
0.933333
1.03333
1.07083
13.7708
6.77778
1.89583
1.70833
1.33333
0.975
1
1.02941
1.84167
1.275
1.92672
2.07576
2.35081
21.9542
4
3.24167
1.07197
1.53788
1.7125
2.12121
2.21528
1.2125
1.38333
1.34167
1.15909
1.57955
1.55417
1.51667
1.42917
2.71528
3.55172
6.37903
1.60417
1.4375
1.73333
1.37917
1.20417
1.60417
1.04167
1.20833
5.21667
1.12121
6.14773
0.666667
0.866667
0.883333
1.46667
1.2375
1.15
1.44167
2.0947
1.74242
1.60764
1.39394
1.40417
1.56667
1.44167
1.825
2.21212
1.84167
0.962121
1.75833
6.50833
1.875
1.14167
0.833333
0.996212
1.00694
0.908333
0.941667
1
0.941667
1.04167
0.825758
1.73485
1.74013
1.30937
1.72348
1.875
4.17763
2.18561
2.06034
1.19355
1.13333
2.43333
3.125
3
3.51667
1.48333
0.850694
0.890152
1.075
0.9
0.866667
1.06667
1.2
1.15833
1.03333
1.1
1.02917
1.31452
0.920455
0.866477
1.08974
0.919643
2.10227
1.52778
0.941667
0.962121
7.2375
0.870833
0.941667
1.97348
1.56667
1.03333
0.866667
1.00833
1.575
2.4697
1.69551
1.21212
2.34167
1.71212
3.73333
1.96181
7.45076
8.28409
4.86111
9.79167
9.37879
1.5303
1.74242
1.02083
1.39167
1.04167
0.706897
0.985294
1
0.908333
0.945833
1.26667
1.59274
1.4125
1.0125
1.02083
2.69792
2.77917
0.725
1.0125
0.820833
0.518939
1
0.883333
1.0875
0.833333
0.8875
0.727273
1.00417
0.841667
0.9
0.810606
0.8
4.39583
23.525
1.5125
4.20076
2.36667
2.77917
1.24167
1.17083
0.961207
1.30515
1.64167
1.8375
1.31818
0.965909
1.25833
0.71875
0.916667
1.00893
0.867857
1.075
1.14773
1.59167
1.75833
4.78409
6.48333
5.25417
6.5375
4.3375
7.7
2.21667
1.90909
1.50417
1.85
1.74242
1.99167
2.23485
2.5
2.26042
2.49167
21.9015
7.61585
2.06944
12.9432
23.6375
3.20417
1.34167
1.075
2.44583
1.27917
2.30303
1.43333
1.33333
1.7
1.21667
10.1477
2.40833
1.43966
1.18145
0.920455
0.866667
0.891667
0.970833
0.933333
0.941667
1.07917
0.631944
0.9
0.945833
1.03125
1.00833
0.834821
0.808594
1.36667
2.48485
1.0625
1.02439
1.07083
0.897727
1.05303
0.839844
0.965517
0.935484
0.704545
0.795833
1.16667
0.801282
1.06944
0.810606
0.955882
8.30903
11.7458
10.1375
3.76667
3.04583
2.89113
1.66129
1.79167
1.7125
1.59167
1.45
1.33712
1.52083
7.20833
1.7125
1.375
1.87917
1.08333
0.925
0.8125
1.2
1.37083
1.21429
1.37054
1.19583
1.64167
0.886364
1.325
1.06439
1.35227
0.935606
1.23333
6.87121
2.99167
4.09167
2.2875
1.80833
19.1417
1.32917
2.62083
1.8625
1.80303
1.40152
1.62121
1.5
1.7
0.895833
0.965909
0.849138
0.806452
1.23333
1.1125
1.9875
1.76515
1.73485
1.56061
2.01667
1.52917
7.01894
1.68333
1.57576
1.94697
1.96667
3.65
5.48485
2.91667
0.971774
2.47083
4.29167
10.0303
1.01667
1.54167
3.975
0.780303
1.32328
1.27206
1.18333
0.908333
0.95
0.941667
0.85
0.871212
0.866667
0.975
1.075
1.075
1.04167
1.71667
1.175
1.22348
1.78409
1.83333
1.62083
1.35417
2.40417
1.39167
2.00417
1.46212
2.025
5.92361
0.857143
2.27652
7.17708
2.36667
1.75758
0.82197
1.15909
0.822917
0.69697
1.10833
1.00833
0.929167
0.663194
0.875
1.34167
2.75417
1.875
2.425
2.95
9.54583
1.575
1.28333
1
1.33333
2.03333
0.933333
1.54167
1.75833
1.83333
5.9
4.00758
1.55303
1.43534
8.40809
2.74167
3.54167
13.3042
2.44167
1.89583
1.85985
1.83712
1.8125
2.27917
11.1553
1.68015
3.89583
2.2625
1.46667
1.48333
1.2197
1.47917
1.02652
1.94167
6.01667
19.2458
2.05
1.72348
1.79167
0.895833
1.28448
1.06452
0.929167
0.777778
1.0125
0.954167
1.32083
0.875
0.854167
0.895833
0.841667
1.09167
7.36364
5.6625
2.875
1.45076
0.975
1.67672
0.993243
1.175
1.18333
1.10833
1.15
0.908333
1.29167
1.07197
1.6891
1.00833
1.20833
1.16667
5.35417
2.25833
1.31061
1.16667
2.95
3.775
1.8875
2.05
2.00417
1.64583
1.26515
2.90152
6.95076
3.76136
3.66964
3.08333
42.7958
2.04861
24.9549
0.522727
0.946429
1.875
1.99242
1.55903
1.425
1.43182
1.86667
1.95417
1.58929
1.51953
1.31667
2.05833
8.45417
12.8208
4.5947
6.9375
3.77083
1.52431
1.45833
1.84583
0.958333
1.01515
1.06667
1.3
1.46212
1.79167
1.57955
1.34167
1.36667
2.21667
0.725
1.59583
2.29167
1.55682
1.96591
1.93333
2.45
1.16288
1.23333
1.60833
7.4375
0.966667
1.06667
1
1.025
2.225
1.34091
1.76667
2.06439
2.28333
1.79583
1.44318
2.34583
1.64167
1.97414
1.75
7.16288
2.65417
1.72083
3.59167
4.21212
2.28409
1.60985
1.18437
1.52857
3.12121
1.66667
29.6583
1.6553
3.01515
0.943182
1.87879
2.38839
2.73355
1.80937
3.08929
3.07622
2.07095
1.88953
2.05903
1.12143
1.02917
1.24621
0.969828
1.00806
1.2
1.04167
1.14167
1.06061
1.01667
1.06667
0.933333
0.970833
1.15972
0.679487
1.07917
1.15
11.6742
4.26894
3.66667
3.5375
5.04583
10.7083
1.60985
0.950758
1.1
1.175
1.375
1.20833
1.475
1.775
1.34167
1.30833
1.36667
1.36667
1.43333
0.933333
1.06667
2.72083
7.1
3.85
2.35606
2.77083
2.39167
1.25379
1.5
1.31667
0.933333
0.933333
1
0.975
0.904167
0.933333
1.13333
1.07576
1.175
1.26667
7.42917
1.43333
1.4
1.53333
1.375
1.1
1.02917
1.01667
0.766667
1
1.00833
0.808333
2.5125
3.0375
2.2803
2.94697
9.06439
2.63333
2.22143
1.51163
2.25347
0.591667
0.904167
1.08333
0.891667
0.866667
0.9
1
1.575
1.20833
1.14167
0.808333
4.21667
10.8977
1.47222
1.36397
2.07917
1.9
1.44167
1.65152
2.48333
1.3
8.49167
11.7803
9.77273
3.49597
2.9
2.425
5.50379
2.75
1.35417
1.45833
1.63971
6.52273
1.375
1.52574
1.5625
4.1
9.84091
8.03333
4.27652
1.69167
7.4875
1.25833
0.933333
1.36667
1.43182
0.870833
0.979167
1.05682
6.15
7.79167
2.60417
2.43333
4.37917
3.0303
2.53333
2.26894
1.18333
2.05417
2.42917
2.8375
0.878788
0.85
1
1
0.875
1.00833
0.891667
0.941667
0.698718
1.00417
6.62917
0.8625
1.1125
1
0.933333
0.875
0.816667
0.9
21.1333
1.29167
1.27155
1.43382
1.3375
1.10985
1.33712
3.81048
2.55357
2.59868
2.28274
1.60366
1.7619
2.4375
1.58239
1.30769
1.2803
1.35
0.507576
0.875
0.908333
1.08333
1.14167
1
1.06667
1.2
0.925
1.1
1.35833
0.816176
1.91667
2.48333
2.95
4.3875
3.39394
3.48485
4.90972
0.846774
0.933333
0.945312
1.28226
1.36786
2.05417
1.85764
2.04167
2.42917
2.04583
2.00833
2.1625
8.3875
3.58333
2.46667
2.16667
3.39394
2.36667
3.29924
1.45833
3.34583
1.9375
1.36806
0.898438
0.92803
1.12879
0.787879
1.10833
1.09091
1.125
0.704545
1.04167
0.975
0.966667
0.866667
0.986607
1.14062
0.882576
0.868056
0.943182
1.04545
5.775
1.575
1.26894
1.33333
0.916667
1.6375
1.60833
1.93056
1.14394
1.62121
0.958333
0.890152
1.42014
2.525
1.72917
1.77419
1.68333
1.83088
2.33224
2.05417
1.67803
2.13194
1.72727
2.11364
1.80882
4.6625
0.453526
1.03409
0.848485
0.870833
0.670833
1.06667
1.15833
1.06667
0.9
0.568182
0.987069
0.645161
0.731061
0.766667
0.925
3.0625
0.858333
0.856061
0.933333
0.966667
1.00833
0.933333
0.866667
1.01667
1.075
1.06667
1.06667
1.06667
1.03333
1.03333
1.06667
6.62083
0.8
1.70417
7.88258
6.37917
2.375
7.48333
4.675
1.44485
1.55303
1.43939
1.31597
1.23106
1.04545
0.945833
1.87083
1.45076
1.01894
1.00417
1.075
1.3625
1.3629
2.95
19.0795
11.8333
4.45
1.525
0.833333
0.866667
0.966667
0.941667
0.975
0.975
0.933333
0.916667
0.891667
2.075
3.56818
3.93333
2.075
0.875
1.22917
1.00347
1.16667
1.16667
1.13333
1.1
0.9
1.16667
1.13333
1.475
1
0.85
0.791667
1.54167
1.72222
1.23333
0.854167
0.979167
0.882576
0.916667
1.00833
0.85
1.06667
0.9
1
1.06667
1.06667
1.06667
1.06667
1.03333
1.2875
1.57083
1.94167
12.5708
2.54167
3.14583
2.04167
2.575
2.175
5.97917
3.4697
1.57576
1.38636
1.63333
1.1
6.875
1.57083
1.56061
1.27917
1.08333
1.125
10.15
1.27586
1.49194
1.4053
1.22917
1.17917
1.26667
1.34167
1.4
1.44167
1.52273
1.17803
0.704545
1.04167
1.025
1
0.983333
0.973485
0.820833
0.879167
0.908333
0.966667
0.9
0.933333
1.2
0.926724
0.778226
0.895833
0.738095
1.68182
7.25321
1.84091
4.22727
1.525
1.60938
1.97581
1.575
1.10417
1.57576
1.76667
2.90833
10.925
0.677083
0.681034
1.02823
1.10833
1.33333
1.875
1.3375
1.025
1.43333
1.65833
2.8
4.7625
1.81667
1.24621
1.15
1.34167
7.15833
1.28333
1.3375
1.64583
1.18333
0.9
0.9375
0.941667
0.841667
0.908333
1
0.975
1.03333
0.995833
1.27083
1.70833
0.895833
1.43333
3.02083
0.708333
1.75347
9.7625
4.125
1.08333
0.875
0.975
0.966667
0.9
0.941667
1.03333
0.933333
0.966667
1.45833
1.625
1.5125
1.49621
2.00417
16.1125
20.5927
0.24375
0.548729
0.908333
0.966667
0.866667
0.975
0.975
1.4875
3.95833
4.67424
3.71667
2.02273
1.3447
1.80417
1.5
1.6553
1.825
1.12917
0.975962
0.844595
0.916667
1.04167
0.908333
1.03333
1
1.06667
1.03333
1.33333
1.30833
1.35833
1.4053
1.17083
1.13462
1.13889
7.95076
2.66667
1.75417
1.79167
1.68056
1.86364
1.69444
1.74583
1.48485
1.14236
0.920455
1.10417
0.9875
2.44583
3.10985
8.59848
2.39167
3.96774
5.875
6.41667
5.30417
3.24167
1.99242
1.42917
1.46667
9.25833
1.64583
1.81439
1.02083
1.18548
1.275
0.818182
0.833333
1.475
1.06667
1.3625
1.62083
1.02083
1.54167
1.03333
1.41667
1.6
2.1375
6.24621
1
15.3208
18.4018
2.85197
4.65942
43.1613
14.4638
27.6402
22.6464
33.0758
0.3875
0.833333
0.933333
0.973485
0.856061
0.768939
1.21667
1.02083
1.00463
0.810714
0.951613
0.943182
1.1553
1.0375
1.30303
1.51136
1.78333
1.50833
1.83333
1.48485
2.70259
2.75403
1.84583
1.3375
1.71667
1.4
1.20833
1.22917
1.45486
1.95
1.475
1.27917
1.25
3.03333
4.2
4.11667
8.25
6.89167
23.6424
6.63333
1.46591
1.80303
1.97917
1.72569
2.74583
2.25694
2.52652
2.31439
2.45833
1.6553
1.8
15.2121
2.33333
2.04583
5.07576
2.30417
7.2125
16.6833
8.5625
2.5625
3.36458
1.11058
1.80833
1.3
1.19792
2.26724
1.04032
0.8625
1.14167
1.24167
1.27917
1.70833
1.56897
1.49597
7.8875
0.933333
1.10417
1.09167
1
0.875
0.991667
0.783333
0.9375
0.818182
0.866667
0.933333
0.808333
0.975
0.977273
1
1.06667
0.979167
8.3125
13.3068
12.0292
2.56977
2.14453
4.7027
5.79779
8.33841
10.1856
6.15878
5.84091
7.52431
7.91935
11.8615
4.29044
2.12121
2.27917
5.28226
2.80833
3.34167
8.825
9.30682
1.69167
0.905303
1.27083
2.08333
2.31439
0.973485
1.56818
0.970833
1.06667
1.06667
1.1
1.23333
1.73333
2.69318
1.63333
0.816667
0.775862
1.02419
0.933333
1.06667
1.00833
2.075
0.432143
0.94697
0.810606
0.966667
1.03333
1.63333
1.87083
1.4875
1.6
8.79545
6.175
3.35833
4.71181
3.6
2.2625
1.1875
1.19872
1.17014
3.22727
11.2875
1.8125
1.7
1.44167
2.30417
2.73485
1.20833
1.1553
1.24167
0.9
0.941667
1.05
0.975
0.883333
0.883333
0.966667
1.03333
1.075
1.06667
0.75
0.966667
0.741667
0.991667
1.075
0.833333
0.908333
1.23333
0.9875
0.954167
1.01689
1.6375
0.825658
1.02823
1.00347
1.25417
0.697674
1.2803
1.63333
1.62879
6.30303
1.3
1.39394
1.29583
3.05833
3.15152
3.97083
3.44583
2.1875
2.27917
2.48162
2.4375
1.63214
6.55769
1.725
2.24583
2.53333
2.51667
3.05833
6.44167
1.56667
1.10069
0.920455
3.69583
1.52273
2.31818
1.33333
1.07917
2.68333
2.16667
4.775
3.52083
2.875
12.5
9.39394
1.525
1.6625
2.3625
1.62891
1.59167
1.62097
1.77917
1.77917
1.70076
2.20833
1.4375
1.82083
5.12879
13.1583
3.33654
1.49167
1.26667
1.86364
1.175
1
1.325
1.65833
2.49583
2.24621
2.475
2.275
9.375
2.5875
1.68333
1.94583
0.992424
1.37879
0.827586
0.709821
0.818182
0.787879
0.933333
1.03333
1.06667
1.06667
1
1.075
1.3
2.07083
1.40417
1.01136
1.50694
2.57917
0.659722
1.07917
0.820312
0.904412
1.11667
1.02273
1.10227
1.08594
0.842857
0.820833
1.04583
1.90625
3.02273
1.5875
20.3939
7.84926
0.808333
1.01136
1.00833
1.21212
1.28618
2.02083
1.31845
2.22656
9.18333
2.19737
2.8875
1.90357
1.39062
1.25714
5.67014
3.34375
0.9375
0.807432
1.3
15.0833
2.92917
1.70565
2.27652
0.459615
1.03333
1.9
1.375
2.40833
1.24583
1.1
1.06667
1.48333
1.51667
1.52917
7.1875
1.975
2.48864
1.92803
2.17424
1.64167
2.32917
1.9125
2.28333
1.825
2.59167
1.80682
1.47917
1.84167
1.51515
1.96212
1.6375
1.45
1.65833
1.2875
1.32083
1.46667
1.46667
4.17424
1.11111
0.929167
0.895833
1.2
1.25
1.2
1.1
1.04167
0.941667
0.966667
1.03333
1.1
1
1.24167
1.1875
1.84167
1.54545
1.9
3.66667
2.4375
2.70833
1.92083
2.4053
2.7197
9.325
2.90417
2.25758
1.81618
2.35547
1.59722
1.34688
2.20417
1.61563
2.07095
1.54651
1.6875
1.31667
1.16667
1.67803
1.49583
1.275
1.46667
1.225
1.45417
1.04167
1.23333
1.33333
0.996212
1.48333
1.7
1.9
2.80833
1.53049
3.92083
8.84167
2.10833
2.52143
2.25781
2.93561
3.18939
1.34559
1.15972
1.05417
1.17083
1.30417
0.9625
1.17803
1.0819
1.07353
1.02652
0.942308
1.30833
1.43561
1.15417
1.04487
1.43333
4.71667
1.06111
2.06818
1.43403
1.55833
2.36742
1.50321
1.60985
7.66667
1.74583
1.39394
2.16667
4.74583
2.88258
2.80682
4.10417
5.65833
4.55833
9.36742
6.94583
5.36667
5.84583
7.79167
0.861486
0.972222
1.54167
1.92083
1.72917
6.55303
1.68333
1.10833
0.945833
0.954167
1.39167
1
1.04167
1.19167
1.16667
4.46667
1.64015
1.775
2.22917
2.225
1.36458
1.67083
8.175
1.725
2
2.13333
2.0625
2.65789
1.5625
0.710227
1.2875
1.02778
1.25
1.03333
1.26667
0.975
1.075
0.925
1
1.03333
6.62083
0.841667
0.974138
1.09677
0.9125
0.9
1.03333
1.44583
1.78354
1.7619
1.58784
1.40312
0.906915
1.43605
0.990385
13.8333
2.46591
3.45221
2.00291
3.875
2.425
5.06731
5.375
0.863636
6.9
1.14167
2.0125
1.22845
1.31452
2.34167
1.525
1.975
2.025
2.75
1.82692
5.99583
2.55882
7.40417
2.45417
1.80682
6.66288
1.32083
4.79167
9.59583
6.70417
1.6375
0.833333
1.26667
1.43333
0.966667
0.966667
1.13333
3.24167
2.68939
1.91667
2.21212
3.625
0.733333
1.15417
0.966667
0.875
1.04167
1.00417
5.57292
1.00833
0.908333
1.32917
1.55
1.45417
1.73333
1.56667
1.175
1
1.60417
2.04167
1.775
1.62121
2.11667
1.48276
1.73387
7.61458
1.92083
1.1625
0.772727
1.8
2.3625
1.65705
2.13194
2.38672
2.11786
1.75714
1.25758
0.639286
0.816176
0.966667
1.01667
1.14167
0.643939
3.37083
5.19167
3.15417
1.73864
1.65909
1.43333
1.25
1.5375
1.68182
1.68333
1.2
1.00417
0.975
1
6.9125
1.3
1.22917
1.20833
0.975
1.13333
1.16667
1.13333
3.29583
4.32692
1.51282
1.86765
2.10938
1.49621
2.11364
7.31944
2.7875
2.46212
1.60417
3.9125
1.94318
0.8125
1.11667
0.991071
0.90625
0.933333
1.03333
1.1
1.13333
1.1
1.075
1.1
1.075
7.5625
2.55556
2.64015
1.69758
1.0303
0.845833
0.883333
1.30303
1.83681
2.76736
1.90152
2.42083
2.02652
1.15417
1.47083
1.06061
3.575
6.1125
1.27917
1.71667
4.875
8.89167
26.4625
8.68229
0.875
1.8375
2.925
1.45833
2.3625
8.1553
2.72083
1.51667
5.50417
1.91667
1.8
1.83333
1.72727
1.70833
2.04167
2.23333
1.66667
1.8
1.73333
7.09167
1.275
1.33333
2.30833
1.37891
0.676471
0.991379
1.01471
1.1
0.933333
0.908333
0.95
0.9
1.16667
1.06667
1.575
1.03333
0.866667
1.03333
1.06667
1.06667
6.68333
1.5875
4.17424
3.20455
3.40152
7.95833
3.7125
1.94697
20.1553
19.0682
5.47917
1.975
24.2311
0.969697
1.05
0.966667
1.02917
0.95
1
0.933333
0.908333
1
0.895833
1.01667
0.859848
1.00833
0.875
0.866667
0.8125
0.866667
1.23333
1.82083
1.64583
1.09167
1.1
3.575
7.64583
1.18182
0.913793
1.09677
3.21667
3.7875
0.598485
1.08333
0.883333
0.924242
1.0125
1.1129
0.90625
0.790323
1.00417
0.939516
1.06855
0.943548
1.14583
0.894531
1.04839
5.50833
0.870833
0.995833
1.10833
1.125
6.77419
0.808333
1.17083
1.19583
1.15517
1.01613
0.8375
1.06818
1.18333
1.08712
0.888393
0.957031
0.818182
0.816406
1
0.975
0.9
0.933333
0.941667
1
1.06667
1.03333
6.67917
1
1
0.933333
0.833333
0.966667
1.10833
1.43333
1.14931
1.53333
1.52917
1.44167
1.29032
1.61719
1.37917
1.30417
1.575
1.575
2.22083
6.63636
3.5
2.43403
3.6375
3.70833
2.99242
3.20455
3.6
3.73333
1.39803
0.965909
9.17424
0.7
1.50417
1.57917
0.966667
0.983333
1.125
0.96875
1.00806
1.28333
1.56667
0.988636
2.93333
1
1
2.5625
0.768939
1.6125
6.53788
1.02273
0.908333
1.24167
1.49583
1.3625
1.1125
1.3625
1.17917
1.1375
0.898438
0.854839
0.975
0.757576
0.95
6.87083
11.1708
9.00417
1.06667
1.20417
1.975
3.1875
2.64583
4.92424
5
4.74167
6.48864
0.989286
1.54464
1.18902
0.779891
1.21591
0.8875
1.975
0.877404
1.5875
0.875
0.742424
0.758333
1.04583
2.29924
1.89394
2.99621
9.70417
1.84167
1.45833
1.51667
1.38636
1.38333
1.025
1.84167
2.52155
1.54032
0.798077
1.6
1.575
1.4125
1.34091
1.09375
7.24621
1.94583
2.54167
2.7625
1.90833
2.36742
2.55
1.7875
2.07917
2.22917
1.72083
4.54167
2.93548
7.15
6.17917
1.01562
0.691532
0.833333
0.8
0.933333
1.00833
1.06667
1.06667
1.075
2.94583
3.98333
2.7375
11.3542
5.92083
3.76667
2.28409
1.30645
0.967742
0.8875
0.996212
1.14167
0.883333
0.958333
2.57917
1.88636
0.609848
1.00833
0.9
6.89583
1.18333
0.8
0.977273
2.94167
1.65833
1.34167
1.27917
1.31818
1.42424
1.29392
1.60417
1.49167
1.21667
1.51667
1.70833
1.925
1.23106
7.6
4.81667
3.42803
2.525
1.59583
1.3
2.01667
1.5
2.775
1.67045
3.50833
3.07917
6.82692
5.69167
3.74167
3.38333
3.6875
4.26136
1.30417
1.96121
1.70161
2.32661
13.7292
8.38636
5.82955
3.4875
35.525
3.50417
1.47917
0.925
1.21591
1.20455
1.225
0.802083
1.22348
0.893382
1.50833
1.0375
1.1
1.09167
0.966667
1.00833
1.64236
2.57143
1.67917
1.10833
2.52917
2.44697
5.23864
2.70833
2.67424
2.06944
5.11667
5.8125
1.02035
1.21429
2.46795
0.925403
2.25893
1.50231
0.790323
2.64286
5.52083
2.51667
10.5958
1.8
4.43333
2.325
1.52273
1.75
0.779167
1.3375
0.71875
1.17045
0.916667
1.16667
0.758333
1.075
0.775
0.9
0.746212
6.77917
1.04167
0.866667
1
0.9
0.9
0.916667
13.075
14.2008
11.7333
1.1625
2.09091
2.20417
2.00694
1.64167
9.65417
0.794444
1.19167
1.37917
1.70076
1.30417
1.3625
0.891892
1.43333
1.53788
1.63258
1.76136
0.982639
1.1875
1.775
1.55
2.85833
0.9375
1.12083
1.66667
3.29861
0.866667
0.734375
5.8125
0.933333
0.883333
0.966667
1
1
1.275
1.06667
2.86667
1.1
1.13333
1.06667
1.06667
1.93333
1.95417
0.852273
1.06667
1.03333
0.9125
0.870833
0.866667
6.57917
0.770833
1.22083
1.01515
0.966667
0.9
0.933333
1.1
0.904167
1.26667
2.29167
10.3375
23.15
3.52273
3.42083
2
1.28409
1.4
7.975
1.6375
1.74167
1.6
1.09583
0.757576
6.10227
0.866667
1.83333
1.80417
4.97845
3.55515
1.65833
1.70833
1.34167
2.80833
0.897727
0.854167
0.935484
0.9375
11.725
4.78333
5.275
5.30833
1.00833
1.06818
0.866667
1.08333
0.783333
1.025
3.3875
5.10833
11.0341
3.01667
2.65152
1.93056
3.92083
2.95417
13.5972
23.7958
21.4032
21.9083
20.9667
17.3226
900.987
0.765351
2.25758
2.8625
3.39394
3.08333
3.49167
3.53378
3.52917
3.28409
12.5083
8.49583
2.60417
3.62879
5.74609
1.86563
1.55515
1.75
1.28125
1.65909
1.69167
1.81818
3.44167
1.1125
1.2
1.475
1.92917
1.33333
0.933333
1.60417
1.34167
1.3625
1.62083
1.79924
2.10227
1.89583
23.2542
1.43939
1.39015
2.11364
2.24583
2.92917
21.0958
2.8875
2.0875
3.13258
3.8125
2.2875
1.97083
1.98864
2.64015
1.7125
2.29167
1.80417
3.64015
1.64103
1.61364
3.07955
1.23333
1.03333
1.24583
1.05208
0.8875
0.75
0.71371
0.909091
3.00833
2.35227
2.7375
2.52778
12.25
1.58333
1.85
1.45
0.756944
1.3125
2.37083
3.08232
2.62171
2.52431
2.45058
1.38782
2.10606
1.69737
2.125
1.76103
2.04167
3.11667
3.875
2.79167
1.33333
1.46667
2.04167
2.19167
3.63333
0.933333
6.825
1.14167
0.857639
0.829545
2.15417
0.446154
1.16667
1.13333
0.966667
0.966667
1.54583
1.925
2.16667
1.76667
1.31897
1.24265
1.34091
1.2197
7.08333
1.26667
1.6125
1.4181
1.26613
1.275
1.72083
1.6125
1.71667
2.025
1.52273
1.6625
1.70076
1.76736
1.44583
1.45455
2.22083
1.87879
2.52083
0.8875
0.897727
0.82197
1.4375
2.27273
2.78448
1.79044
2.14167
1.49583
2.2875
2.11364
1.7625
9.31048
2.45833
2.21983
2.09559
1.59583
1.9
3.00758
3.38333
1.54167
2.60256
5.35227
1.37847
1.875
1.78309
1.63214
2.23438
1.66026
1.86397
1.49286
1.63636
2.04545
7.43571
5.16667
1.03125
6.8375
1.4
0.9125
0.9
1.33333
1.13333
1.44583
1.13333
1.13258
1.4625
1.51667
1.9375
2.75417
2.43929
2.79487
2.82222
2.16429
1.71562
2.72426
2.76316
1.30952
1.12917
1.25
1.49583
1.06667
0.875
1.075
1.07955
0.931818
1.04583
1.36667
1.10417
1.54583
1.48864
1.42083
1.325
1.24583
2.39394
3.70833
3.6125
3.85833
3.72083
6.08333
3.3875
2.12121
5.89773
5.58333
4.1875
7.06667
5.55
1.69444
2.19697
4.075
2.35833
2.76136
3.14394
2.48485
2.3125
0.816667
0.858333
0.966667
1.15152
1.05833
1.14167
1.18333
1
1
7.01667
1.075
0.969697
1.0125
1.13333
1.13333
0.966667
1.06667
1.375
0.866667
2.5375
2.4
2.86742
1.8
1.92045
3.55417
6.68403
4.02083
7.11364
4.64453
0.958333
1.8871
1.76667
2.41544
1.63194
1.73387
1.94583
14.4154
1.44697
1.28472
1.44583
0.883333
1.00833
0.966667
0.909091
1.04167
1.15909
1.15833
1
0.974265
0.8625
0.779167
0.966667
0.933333
0.933333
6.90417
0.975
0.966667
0.866667
0.883333
1.14167
0.908333
0.941667
1
1.03333
1.06667
1.06667
1.00833
1.1
2.00833
2.17917
1.79583
1.675
1.31667
1.08333
0.931818
6.51515
1.15417
0.886364
0.965909
0.954167
0.85
1.17917
1.375
4.4375
1.34856
2.04167
2.20417
1.4875
1.8625
1.85897
1.33333
7.39167
1.77652
2.25417
5.39015
3.80682
1.67083
1.61667
1.31944
1.24167
1.01172
0.871622
1.20982
1.05714
1.15
1.15833
9.00417
2.71983
1.42742
1.925
8.08333
10.2462
1.03333
1.26667
0.833333
0.996212
0.966667
0.975
1.10606
1.13333
0.941667
1.32917
1.14015
0.954861
1.1
1.075
1
0.941667
1.37917
4.79167
4.18333
2.9
2.22083
7.53333
1.72845
2.10887
1.41544
1.65
1.73333
1.42083
1.54924
1.40417
1.475
1.43333
1.66667
1.03333
1.08333
0.854167
0.966667
0.841667
0.875
0.941667
6.78333
0.866667
2.30833
8.26667
1.35294
1.27083
0.875
1.24167
1.2375
1.2375
1.4
1
1.09677
1.43333
0.931818
0.8875
1.09848
0.909091
0.733333
0.913793
1
1.00833
0.879167
0.916667
0.974359
1.74583
1.47917
1.43333
1.43333
1.5
1.81667
2.03333
1.64167
1.625
1.44697
7.34583
1.5125
1.4625
2.1125
4.78333
1.375
0.784722
1.47727
1.1375
1.54583
1.09167
1.16379
1.45968
1.49167
1.56818
1.79545
1.55903
3.17969
1.48438
1.90909
1.46667
1.7
1.74167
1.57917
2.45
1.5
1.71667
1.7875
1.775
17.8667
2.875
3.4375
3.24583
2.9875
2.89015
2.40972
2.52652
3.07917
0.513889
1.19167
1.15909
6.5625
0.966667
0.858333
0.933333
0.75
1
0.766667
0.929167
0.777778
0.941667
1.2
0.833333
1.01515
0.895833
1.125
5.11538
2.05417
2.90417
7.425
10.5
1.67803
2
2.30833
1.51351
1.59191
1.46875
1.47917
1.3125
2.02917
1.98162
7.16544
2.64167
2.05128
1.51786
1.125
0.905303
1.32917
0.945833
1
0.970833
0.966667
1.13333
1.13333
1.13333
1.1
1.13333
0.9
1.03333
4.525
0.931818
1.4125
1.39167
1.43182
1.34167
1.25
1.25431
1.24632
1.24583
0.991667
1.0125
0.825
0.929167
1.16667
1.625
1.44697
1.43333
0.944444
1.10417
1.14394
1.06667
1.06667
1.13333
1.1
1.025
1.06667
1.15833
1.13333
1.2
1.275
1.6375
1.23333
0.745833
0.924242
0.866667
1.03333
0.848485
1.04167
1
0.8875
5.83333
0.85
1.04167
1
0.966667
0.9
0.866667
0.875
2.475
0.8875
1.58712
1.41016
1.96691
1.225
0.808333
1.13333
1.325
1.5
1.85417
9.24242
1.44167
1.83333
2.67083
2.65
2.06667
3.69167
2.975
2.47569
3.54583
2.99167
1.53333
8.67083
9.535
39.7823
6.92905
6.125
13.675
9.19758
90.3984
1.01562
1.4375
14.9292
2.2125
1.8
2.25833
2.31034
5.3629
2.85662
1.80147
1.71691
2.65
1.96484
2.09375
2.76103
2.29044
2.22059
1.22917
1.46667
0.679487
0.883333
1.03788
0.840909
0.904167
6.6125
0.9
1.03333
0.933333
1.075
1.075
0.941667
1
1
1
1.06667
0.941667
0.8875
0.925
1.04545
0.965909
0.844828
0.975806
1.1
1
1.00833
0.854167
0.908333
6.92917
1.28409
1.38333
0.9
1.11667
1.4375
1.64015
1.91129
3.76838
2.99621
2.64167
2.23485
2.125
9.21591
3.6875
2.6125
2.35606
1.62879
1.08333
1.05833
1.375
1.47083
1.32955
0.916667
2.03333
1.57917
1.20833
1.06667
1.2375
0.883333
10.5208
1.60833
1.25
1.6553
1.49167
1.10833
0.857759
0.935484
6.21667
0.820833
0.866667
0.9375
1.12931
0.7875
1.8
10.5208
5.47083
5.40833
3.79583
1.50417
2.53333
1.375
1.5
1.04167
0.9375
1.00833
0.9
1.06667
1.03333
1.03333
1.075
0.833333
0.933333
0.966667
3.69583
6.49167
3.125
1.6625
1.875
0.94697
1.54167
1.70833
2.25
2.54583
1.89167
2.57083
1.20833
1.52917
1.85606
1.60833
1.175
1.5125
1.675
1.54167
1.30303
1.35417
1.44643
1.15625
0.866667
0.804167
1.06034
1.04032
0.883333
5.65278
0.583333
0.90625
4.55242
1.39167
1.56667
1.06667
1.83333
5.35
2.02652
1.73264
1.5947
2.38333
1.77083
1.79924
1.70076
1.6375
1.71667
2.0375
2.08333
2.73333
2.59167
4.47083
3.56667
1.11806
0.965909
0.948276
1.22177
1.42917
7.65833
2.2
1.5375
0.787879
0.995833
10.9167
1.275
1.55
1.53333
1.37083
1.68333
1.51136
0.9
0.854167
0.768939
0.757576
0.866667
0.883333
1.06667
0.966667
0.9
1.06667
1.13333
2.84167
1.72917
5.05417
2.05833
2.05417
1.97348
2.67917
2.32917
1.98485
1.69167
2.31818
1.94697
2.675
2.11667
1.66667
1.12917
1.65417
1.49167
1.35606
1.475
1.50379
1.475
1.65152
0.901515
0.829545
0.770833
0.8625
0.916667
0.933333
1.2
1.13333
2.11667
1.39583
1.19048
2.76389
3.06667
2.09583
1.06061
1.60417
2.47083
7.37879
10.4924
0.35
0.908333
1
0.933333
1.06667
1.06667
1.06667
0.975
0.9875
1.14167
15.5667
3.2125
1.62917
1.95833
3.45833
1.3125
1.32917
1.64583
2.15
1.25417
0.9
1.1
1.00833
2.51667
1.75
21.6208
4.21875
1.32197
2.125
1.6125
2.15
3.55833
2.51667
3.59167
8.17742
2.39453
2.76894
3.26689
2.275
2.92803
2.54861
3.37931
3.17568
1.33333
1.54583
2.64583
7.02273
2.79583
2.81439
4.35
2.57576
2.73333
2.25
2.73333
1.43333
1.43939
1.05417
1.025
1.90625
2.3625
1.875
0.966667
0.908333
0.833333
1.10606
1.3
1.3
4.57917
2.1375
5.63333
4.20076
4.74621
4.15833
4.3625
3.81818
5.475
6.43333
5.67083
10.5417
5.53333
1.7
1.5
1.26894
1.45703
1.76953
1.46983
1.22581
1.4375
1.57917
1.15705
1.68333
1.47917
1.29924
1.54779
1.11538
0.970833
1.4181
1.43145
1.62879
0.858333
1
2.2625
1.6875
2.22917
1.70455
2.40948
1.16667
1.16935
0.965909
1.94583
1.5375
1.91667
2.24167
1.77083
17.5792
5.36742
6.10985
14.0606
12.0083
0.829861
0.863636
1.00833
0.9
0.941667
0.875
1.00833
0.966667
0.966667
1.1
1.06667
1.06667
1
0.933333
0.866667
1.2625
1.8447
1.42424
0.980469
0.912879
1.02083
1.03333
0.916667
0.983333
1.08712
0.983333
0.866667
1.08333
0.844697
0.875
0.928571
3.77315
4.45455
1.43939
1.70833
1.26667
1.03333
0.966667
1.3
1.40833
2.28333
1.41667
1.46667
1.68939
2.18561
2.2367
1.55053
1.68939
1.1657
1.51524
1.5875
1.18293
1.58824
1.75
1.61607
2.05833
0.933333
1.4
19.5542
4.50417
4.37153
0.565476
1.35833
0.8625
0.896552
0.903226
1.725
2.44583
1.63194
2.13258
3.21181
2.64167
3.78788
1.25
1.19595
1.14394
1.24167
1.13636
1.35417
2.54924
2.55645
2.3
3.22917
2.99583
1.24167
1.17083
1.05603
1.22794
1.28409
1.7875
3.2197
5.92917
2.5641
1.88333
2.4875
1.74583
1.9125
1.63333
1.275
1.10833
6.89773
2.6125
1.32917
5.75417
2.85
1.21667
1.34167
4.67083
4.34167
1.3
17.2458
5.03409
2.55357
1.71711
1.75893
1.67647
2.02016
1.15
1.16288
1.16667
1.43333
2.20833
2.85833
1.16667
0.743056
1.4053
0.875
1.13333
1.03333
1.05833
1.31667
1.24167
0.995833
1.55
1.36667
1.03333
1.42917
1.00833
1.64167
2.925
2.20058
5.70312
3.2625
1.85714
2.38971
1.51042
1.92647
2.7621
1.19932
1.61806
1.26136
2.1
1.04861
1.23864
3.29297
8.5875
1.275
0.774306
0.941667
1.04167
0.875
1.00833
7.25833
4.8
7.78333
2.22756
1.51562
8.0125
2.58796
1.03977
5.41667
3.07917
2.88333
2.8125
3.45
1.23214
1.44167
1.65
4.35417
15.9735
2.64167
2.37847
7.03788
3.67083
4.17083
4.2375
1.78788
3.9697
4.5
5.55
1.66667
1.20833
5.23485
1.57576
3.82083
1.04167
1.25379
10.0875
1.9875
2.44697
2.12083
1.375
1.63194
1.53125
2.05303
1.78779
2.03289
1.78049
1.27976
1.36806
8
2.15833
1.70833
1.21212
1.63333
1.03333
1.1
1.37083
1.84583
1.45
1.96591
1.08333
2.65833
5.01667
2.54762
7.17073
2.67434
2.5
3.26429
2.08721
1.44737
1.80714
1.8375
3.17742
2.46371
1.64394
8.21094
2.04583
1.75417
2.39338
1.13333
1.525
3.925
1.9697
2.75417
2.37083
2.31667
1.79583
2.39015
2.18182
1.78788
1.94167
1.4375
1.28333
1.25
1.275
1.43333
1.10985
1.44167
1.25833
1.3
1.33333
1.32917
1.44167
1.26667
1.375
3.8375
8.8875
2.97083
4.70417
2.56061
3.40152
6.88333
0.9
4.49167
7.4
4.82639
1.25758
7.4
4.6375
14.5114
16.5042
2.10417
2.15417
4.00833
4.01667
4.92045
6.24167
6.6375
6.9
0.912879
1.35833
3.32083
2.02917
1.34295
1.575
1.34583
2
1.55449
1.70833
1.375
2.39167
0.870833
0.977273
1.00833
1.26667
6.8875
1.26667
3.16288
6.02083
4.40278
2.8125
0.543103
0.823529
0.891667
1.45
1.78333
2.67188
11.1292
2.625
2.24324
1.89583
2.7197
0.950758
0.913793
0.94697
1.07258
2.40909
6.55833
2.38258
2.61667
6.91667
1.63333
1.06667
1.3375
1.07083
1.11742
3.4
2.9625
1.76136
2.01667
2.16667
1.7
1.85
1.6625
1.23864
1.1
1.09091
1.06667
0.9
1.43333
2.35
2.075
2.07083
2.80417
2.93182
2.73333
1.90833
1.1625
1.37083
1.12917
1.0375
1.40833
0.96371
1.15152
0.850694
1.08712
1
0.941667
0.854167
1.06061
0.820833
0.890152
1.05303
2.43182
2.21667
2.73106
3.55303
1.64167
1.70833
7.11742
1.31061
1.33333
1.54167
1.04167
1.425
3.14773
4.86364
2.35345
0.939189
1.15517
2.9223
0.916667
1.11667
1.1
7.2125
8.25833
5.43939
5.65417
6.72083
2.625
2.82917
2.55417
9.1625
2.41288
2.96094
1.11029
1.30714
1.28214
1.57197
1.35764
0.996711
1.62891
1.99342
1.89167
2.72083
2.19583
8.49167
2.0625
2.34091
1.57917
2.44097
3.23864
1.34167
0.878788
0.909091
1.12069
0.967742
1.06667
0.941667
0.875
1.03333
0.925
3.9375
7.23333
2.04924
1.90833
1.64167
0.96875
1
1.1
3.11667
2.52083
1.78333
2.36364
2.125
3.19853
3.79839
2.89643
1.8375
1.85
2.31667
4.67917
4.57083
4.54924
4.81667
2.18561
1.08784
18.5
53.4708
10.6182
8.66406
1.9918
0.913793
1.00806
1.12179
1.05833
1.26667
1.3
0.85
1.43333
1.22727
0.820833
1.25
1.34167
1.14167
7.95
8.2
2.76953
2.74286
1.23404
7.28333
2.64706
0.571023
0.891667
1.18333
1.00417
0.966667
0.909091
0.883333
0.941667
0.966667
0.598485
0.966667
0.975
0.866667
0.875
1.00833
1.03333
1.06667
1.06667
1.2625
2.11667
1.1
1.30833
0.841667
0.901515
0.929167
0.933333
0.966667
1.06667
0.966667
1.00833
0.966667
0.742424
0.866667
0.858333
1.06667
1
1.2375
0.981707
1.09783
10.9522
2.16288
3.96591
2.62097
7.90833
1.29583
4.63514
1.33333
2.90152
2.625
2.09722
3.24242
4.41667
5.00417
1.01724
5.57432
0.958333
0.9
0.866667
1.06667
1
0.933333
1
1.06667
1.06667
1.06667
1.06667
1.06667
1.06667
1.06667
1.4
2.0625
1.44583
1.37083
1.21667
0.94697
1.05833
0.923611
0.962121
0.908333
0.933333
1.3375
1.1
1.2
1.09167
1.14015
1.59167
2.79167
0.995833
1.2197
0.933333
1.075
0.863636
0.783333
0.975
0.628788
1.00833
0.8625
0.791667
0.904167
0.770833
0.966667
0.758333
1.1
0.933333
3.6
1.60417
4.62917
12.7992
13.9042
1.61364
2.15417
1.82986
2.73485
1.56667
1.58333
1.42917
1.19828
1.73162
2.06667
3.16667
2.80417
6.42045
0.970833
1.62083
2.66667
1.0375
2.83333
2.7
1.16667
2.02083
1.83929
1.21429
3.12083
1.125
1.1125
1.34583
1.9625
1.66288
1.46667
1.15909
1.27917
0.772727
1.37121
1.43939
1.40833
1.15833
2.1
8.65909
1.77917
2.75
2.32258
8.01515
2.2125
2.64167
0.977273
1.20833
0.875
1.325
1.31439
0.95
1.31439
1.19167
1.14583
1.175
1.125
1.13258
7.13333
0.729167
1.06818
1.19583
2.2125
3.90833
2.49167
3.9
3.63258
2.0875
1.89583
1.27083
2.075
1.29167
8.2625
1.31667
1.45455
1.05
1
1.46667
1.47917
1.03333
1.23333
1.20833
1.64167
1.1
2.725
1.80625
1.76042
0.680921
0.991667
0.9375
0.888393
0.717105
0.966667
0.866667
0.9
1.00833
1
1
1.06667
1.075
1.10833
1.52083
3.19167
2.09167
2.1
4.40152
3.17083
7.45417
1.50833
1.34167
1.54545
6.25833
2.16667
3.85
3.32197
4.71667
8.04583
17.7576
6.2625
5.7
4.41667
0.829167
0.768939
0.945833
1
0.966667
0.933333
6.59583
1.13333
2.04167
5.04861
6.94583
3.78333
4.23485
3.95833
1.08974
1.30303
1.27586
1.02941
1.10833
0.925
0.925
0.897727
25.05
0.627119
1.70833
7.89583
3.85417
1.98333
2.80417
2.09167
1.34167
1.78333
1.3375
1.9
5.25417
3.8875
3.9875
1.25833
0.659091
0.95
1.03333
1.24167
1.075
1.35
1.2
1.16667
2.32328
1.45161
1.57576
1.65833
1.67014
1.11742
0.924242
1.22222
1.12121
2.0625
7.17917
1.16667
1.21667
1.2
1.16667
4.42083
4.40909
4.2375
4.19697
1.99621
3.45833
1.76667
37.425
6.325
2.1375
1.85417
1.3625
1.64773
2.05417
4.16667
2.4125
1.68056
2.56667
3.4875
2.35938
3
2.19167
1.5125
1.89224
7.97581
1.90948
1.59677
2.00417
1.475
1.55682
1.75694
2.64583
5.67083
2.50417
1.49167
1.55417
3.21667
17.9208
3.55
2.43939
5.39236
1.75347
2.5125
2.03333
8.725
5.74621
1.61742
1.11111
1.8
2.23333
1.7
1.73333
1.56667
1.47727
1.67083
3.20833
1.05682
2.09583
2.46667
2.2803
1.84483
0.996324
2.57955
2.8447
1.22727
3.0875
2.69167
2.19318
2.075
1.74671
1.96053
2.8
1.98611
1.75347
2.04688
2.24324
1.29808
0.920833
0.783333
0.925
0.9
0.941667
1.075
1.06667
0.933333
0.941667
1.00833
1
1.03333
1.03333
1.03333
0.992424
1
0.933333
0.866667
1.25833
3.12083
1.775
1.42424
3.05
1.35
1.40152
1.9125
2.175
1.51667
1.50417
2.74583
1.48106
1.07576
1.35417
1.29583
0.925
0.757576
0.818182
0.963235
1.1553
0.878472
2.09167
1.2625
0.975
1.58333
1.26515
1.10985
1.93561
1.1553
7.4375
6.75
1.52778
2.0303
1.3125
1.925
1.90417
1.40417
1.73864
2.09583
1.80833
2.37083
2.26667
8.93182
6.95076
5.7125
0.85
0.875
1.1
1.88194
3.82917
2.87917
16.3458
4.55417
2.05417
1.69583
1.2875
1
0.9375
1.04167
0.966667
0.933333
0.933333
0.933333
0.975
0.933333
1.03333
1.06667
1.075
1.06667
1.06667
1.06667
1.10833
1.39015
1.48485
10.0125
7.73333
9.74583
1.10606
1.38235
9.87153
7.08108
12.6958
4.11149
3.77206
0.350329
0.966667
11.1875
4.76515
13.6083
5.74167
3.375
0.993182
1.6125
1.20739
1.35756
1.40441
1.49662
1.23056
2.37847
8.875
0.676923
1.37917
1.13333
1.77917
1.14394
1.19697
7.49583
1.16667
3.82917
2.95076
6.69318
2.775
4.0947
3.85985
2.60227
1.0875
1.23106
6.70417
1.15833
1.10833
0.975
5.14583
5.70833
4.325
7.4
2.92045
1.27273
1.35833
1.30417
1.29167
2.0875
2.57955
1.95417
2.60764
2.125
0.829167
0.920455
1.15625
0.891667
0.977273
0.738636
0.702206
1.00417
1.10417
0.895833
1.0125
0.895833
7.01667
0.883333
0.95
1
0.966667
0.933333
0.879167
1.36667
1.66667
1.54167
2.39236
1.4375
1.77083
20.4583
2.1
2.53333
2.33333
3.175
7.97917
10.2148
5.58333
0.578947
1.31818
1.60417
2.075
1.25
1.24583
0.929167
2.94167
3.375
2.92083
2.425
23.3106
1.17803
1.0431
0.955882
0.908333
0.945833
0.941667
1.1
1.13333
1.26515
1.28409
1.37879
1.14286
1.6553
1.14423
1.39167
6.71591
4.82197
6.14167
2.55417
1.07576
2.275
2.52652
1.5875
2.41667
3.47917
14.7803
3.8447
2.67803
3.8625
2.58333
4.48333
1.73611
1.13333
1.06667
1.58333
0.966667
1
6.65417
0.775
0.770833
0.7625
0.833333
1.175
0.920455
0.833333
0.833333
0.9
0.908333
0.895833
0.895833
0.9
0.95
1.10833
0.933333
1.6
1.46667
2.475
1.92917
7.30417
2.08333
2.26515
2.53788
0.795455
0.867424
0.991667
0.859848
2.375
5.71212
2.97917
4.1625
9.79924
6.52917
3.95
2.47917
2.1625
2.49167
1.9375
2.54839
2.34687
2.9697
2.2379
7.92045
0.833333
0.933333
0.866667
1.13333
1
1.12121
0.841667
0.875
0.933333
1.05833
0.897727
0.9
0.866667
0.975
1.07083
0.725694
0.984848
0.85
1.3125
2.4697
7.78409
3.68182
2.47917
3.50417
1.31818
2.65152
1.725
0.825758
2.225
2.06667
1.88333
1.40152
2.25
8.14919
6.73958
2.97857
2.62917
0.793103
0.988971
2.11667
2.84583
6.82083
0.776515
1.03333
1.2125
2.9053
1.30645
1.15909
1.35227
1.3125
1.15625
1.25417
0.966667
0.975
0.9375
1.13333
0.879167
0.941667
1.03333
0.991667
1.05417
0.746528
0.94697
1.06667
10.9333
4.5125
2.59483
1.6129
1.86667
2.13333
5.30417
1.70417
1.24138
1.79032
1.78333
1.60985
7.6875
1.6
2.175
1.80417
1.77083
1.62917
1.72083
1.4625
1.04167
3.1625
1.46667
1.27652
0.829167
0.908333
0.833333
0.9
0.875
1.04167
0.966667
0.901515
0.908333
1.05
1.03333
0.933333
0.9
0.925
8.34167
4.54583
6.34848
5.83712
10.3125
0.746324
0.828571
0.879167
1.16667
1.14167
1.10833
1.01667
1.30833
1.20833
1.3
1.35484
1.5
1.30417
1.52917
1.45833
14.4667
2.36806
4.19444
3.34483
8.74632
10.4798
1.59167
1.7
7.45
1.98333
2.04167
1.76667
1.975
1.96667
2.38333
0.850694
1.05417
4.84167
3.12083
2.52083
2.60833
8.425
3.05833
2.425
0.966667
0.841667
1.00833
1.25417
0.685484
2.83333
3.34191
4.45
3.41667
3.22348
1.1625
0.897727
1.275
1.02778
0.6
0.966667
1.73333
1.98864
2.9375
4.31667
3.31667
2.45
2.16667
3.05
7.74306
0.743902
0.87931
0.939516
0.766667
1.3
1.1
1.66667
1.76667
1.3
1.06667
0.95
0.8375
1.2
1.37917
1.275
1.20833
4.46667
15.1875
2.89773
11.4417
2.60833
4.09848
2.26471
3.92917
9.57353
2.225
2.67917
2.03788
4.28448
1.75806
1.20417
0.817308
1.15
1.525
1.85833
2.22348
2.51042
8.78788
2.33712
7.20833
3.20417
2.20455
2.00417
2.15417
1.575
0.981061
1.0875
0.727273
0.875
1.11667
1.54167
6.32292
2.24167
7.41667
5.72917
1.69167
1.41667
1.42803
1.975
2.64167
1.66667
1.47083
3.57083
9.9875
1.29167
3.19167
0.788793
0.823529
0.983333
1.20833
1.03333
1.15
1.06667
0.9375
0.975
0.966667
0.841667
1.12879
0.94697
0.9
1.10833
0.950758
0.941667
3.23264
8.18939
3.2125
3.025
1.54583
0.833333
1.02917
1.90417
1.61742
2.2375
1.51359
1.83654
1.44681
1.41667
2.96622
1.97159
1.47093
1.96071
2.1875
0.888158
0.833333
1.35833
1.17241
1.19355
1.00833
1.1
1.2
6.94583
1.45833
1.53333
4.45
2.60833
0.833333
1.0303
0.875
1.20455
1.1625
0.826923
1.06667
1.06667
1.1
1.77917
3.48333
0.975
6.49242
1.325
0.866667
0.933333
0.916667
0.8625
1.22917
1.18333
1.31439
1.33333
1.59583
1.52652
1.4181
1.01875
1.54167
0.970833
1.5
1.5125
1.51894
6.99621
1
1.25417
1.3125
1.1375
1.02083
1.27917
1.15
1.48333
1.31061
1.30833
1.3447
1.11458
3.775
2.76667
0.830882
0.933333
1.06439
1.15417
6.5
1
0.952206
1.08333
1.19583
0.992424
1.09583
1.11667
1.13333
1.60833
1.92917
1.99583
1.90833
2.05172
1.64516
1.46667
1.73333
1.875
1.34091
1.40833
1.28333
1.175
1.475
1.16667
0.966667
0.866667
5.10417
1.17917
1.55
2.87917
2.21667
1.6125
4.12917
5.31757
0.818182
0.908333
1.925
8.02273
11.2803
2.35833
4.06439
1.08712
8.46591
2.875
2.2
3.225
2.98333
7.45417
5.9
1.43333
0.875
0.9
0.941667
1.00833
7.13333
0.916667
0.933333
1.01667
0.95
1
1.06667
1.08333
1.06667
1.1
1.075
1.1
1
1.54583
1.28409
0.920139
1.10833
1.2375
1.125
1.64516
1.30833
7.025
0.933333
0.965517
0.834459
1.3375
1.20417
1.21667
1.79167
16.3458
2.25417
2.57917
2.975
6.67045
2.38258
22.1212
1.2125
1.09848
0.912879
6.66288
1.09643
1.07917
1.2875
1.08929
1.02917
0.991667
1
1.04839
1.075
1.15909
1.03629
1.04167
0.859848
1.40833
1.49167
2.09722
3.31818
9.60985
2.8
2.04167
2.56667
1.875
1.93333
2.32083
2.60833
24.1597
4.47727
5.21875
2.10985
2.5375
3.2625
1.53333
2.1875
1.78333
2.5375
7.28869
5.47727
3.73485
7.59167
3.47917
3.60833
1.13333
1.53333
1.66667
1.13333
1.1
12.5625
1.46667
0.966667
6.80833
3.51667
1.14583
1.04167
1.27917
0.895833
0.866071
1.85547
2.96667
11.6542
4.975
3.27083
1.28659
1.67434
1.1675
1.33438
4.9125
3.79167
3.70417
2.32917
9.10417
5.65417
2.25
1.82083
1.17803
1.11742
1.43966
1.54044
1.875
2.375
1.3625
1.39167
1.02083
1.20833
1.07083
1.06667
1.09848
0.905303
0.995833
2.53333
4.5625
2.83654
5.46622
6.28516
3.77188
7.23936
1.68561
15.6125
1.06818
1.44167
1.8125
2.4053
2.04167
1.7625
1.07721
1.33712
0.859848
0.734848
0.970833
0.975
0.933333
0.866667
1.06667
1
19.4125
1.37083
1.16667
1.40234
1.17742
1.4375
1.30833
2.73333
2.25
4.76042
3.53929
1.51042
1.78618
2.32422
2.41288
1.32955
0.727273
7.04167
1.58333
0.858333
0.966667
0.795455
0.970833
0.870833
0.866667
0.966667
1.18333
1.22569
2.01339
3.76562
4.82917
25.6477
4.35833
5.34091
15.7879
7.32917
1.23864
1.06667
1.16667
1.575
0.866667
0.856061
0.9
0.829167
0.878788
0.933333
0.933333
0.95
1.14167
1.04167
1.075
1.13333
1.33333
3.34167
2.6
1.04545
0.991379
1.02016
0.9375
1.13362
1.06855
1.03333
1.03333
1
0.866667
1.00833
1.10833
1.10833
2.58333
6.90833
1.84028
1.77652
7.35
1.62879
2.22348
2.2
1.44697
1.83333
1.67424
0.930556
0.796875
0.935484
4.79167
4.14236
8.13333
10.191
5.78125
1.67663
2.57576
7.05682
2.81667
2.475
3.22348
2.37917
2.58333
1.17917
2.45417
4.47727
3.89236
2.65132
2.71528
3.19375
7.5
5.5051
3.73485
5.4125
5.39167
1.15
1.075
1.67917
18.5042
1.72083
2.25417
2.64167
7.60417
4.31818
4.825
11.5833
5.9
3.87083
3.2875
1.62121
6.9625
1.70833
1.61742
2.10833
0.993056
1.73333
12.5875
1.31667
8.75
18.2188
5.425
18.5515
5.00284
15.6937
15.4327
3.48438
11.6312
1.45076
3.10484
3.47756
3.16667
6.525
8.77431
4.49583
30.5152
12.6107
0.969697
1.30833
1.23333
1.04167
2.95833
6.13258
2.39394
2.65833
1.65833
1.8125
2.42917
1.51736
1.06818
1.35
1.41667
1.58333
1.89015
1.59091
1.5625
1.1875
1.52083
2.36667
2.76136
2
3.13333
2.15
1.60764
2.77917
1.9
1.22727
1.09848
1.14167
1.44167
2.5
2.21121
2.47581
3.24167
2.55833
2.37917
2.35833
6.82955
1.9697
1.17083
1.31439
1.8
1.95417
1.08333
2.525
2.15
1.48485
1.26667
3.675
5.60833
2.8375
23.2311
1.17014
1.66667
1.64167
1.61071
2.56071
1.72083
7.47083
1.3125
1.46667
1.43561
1.3375
1.12083
1.20833
3.7875
2.02917
2.59583
11.1125
3.35985
7.70833
2.33333
0.69697
0.9
1
0.941667
0.966667
1
0.966667
1.9625
2.73889
1.52616
1.3
1.80625
1.15957
7.28629
2.71667
2.69583
0.859848
2.72083
4.26103
4.05208
4.82661
4.4697
1.2
2.01667
1.82292
1.875
3.41667
3.10833
2.82576
2.6125
2.30417
3.97083
4.98333
1.6859
1.47348
7.14167
1.37917
1.24653
1.32986
1.56667
1.10833
1.14167
7.425
2.24167
2.875
2.92917
0.933333
1.16667
1.40152
1.26667
1.41667
1.30833
1.71667
6.30833
6.96667
3.36667
0.933333
0.916667
2.53333
4.125
24.4417
0.941667
0.8
0.966667
0.875
0.95
1
0.933333
0.933333
1.14394
1.54032
1.33108
1.35473
1.43939
0.901316
1.29054
1.04286
1.56061
0.703488
1.19583
1.24583
1.11111
1.17014
1.68333
3.55303
2.2
2.9375
3.15972
2.49242
9.47083
1.06439
1.60833
1.1
1.32083
2.15833
1.98106
2.2625
2.39583
4.84583
2.49569
14.2647
3.36742
4.21667
1.32576
0.818182
1.40833
1.9
10.0958
4.85
2.82955
6.61486
2.49167
1.88333
2.025
1.45192
4.52917
1.4
1.13258
1.24167
1.925
1.86742
1.32083
1.9
1.93333
1.65
7.49167
1.8
1.66667
1.525
4.94167
1.325
1.66667
1.4
1.10417
1.53333
0.923077
1.10833
1.00833
1.18333
1.07083
0.975
1.4
1.2
1.44318
7.15
5.675
4.35776
3.20946
5.19318
3.22083
0.85
2.15833
13.5833
1.10833
1.37083
2
2.84091
6.825
2.37917
1.175
0.841667
0.856061
0.866667
0.933333
0.875
0.933333
0.537879
0.941667
1
0.866667
1
1.06667
1.06667
1.03333
0.833333
1.06667
5.625
14.3911
9.32917
5.60833
4.05
2.95
5.27083
3.10833
3.50833
6.66667
13.2273
8.07639
2.46212
1.93952
2.24138
1.8871
3.75
3.3277
2.56466
1.90074
1.3125
3.39706
1.35473
2.52083
1.37083
1.34167
1.13333
0.920833
1.09583
1.54167
1.38333
1.20833
1.34483
2.55242
1.35227
1.24167
7.70833
11.125
7.3
5.58712
1.99085
0.857558
0.883621
0.792969
0.929688
1.73333
1.61742
1.85833
1.66667
2.575
1.57917
1.04032
1.1375
0.787879
0.975
0.933333
1.00806
1.78333
1.90833
1.63333
1.375
1.64167
1.67424
7.32083
1.61667
1.47083
9.89167
6.93561
4.65152
9.4375
9.86364
2.22297
2.08571
2.25735
1.68581
1.53125
1.81818
2.40625
1.50915
1.97348
0.743421
0.854167
0.962121
0.925
0.933333
6.6875
1.70417
1.07083
2.88333
1.0625
1.72083
1.38258
1.79583
1.15
1.36667
3.775
5.61742
1.52273
1.23171
1.67143
1.57258
1.16964
1.72059
1.21875
1.52303
1.88141
1.40833
1.87083
1.65
1.67917
2.14394
2.90909
3.00379
2.55417
3.04924
2.55417
2.575
3.25417
2.675
1.14394
0.920833
1.19583
0.981061
1.06818
0.583333
1.06667
1.13333
1.125
2.60227
9.57083
5.18939
3.0625
1.6125
1.36161
0.992188
1.275
1.12083
1.13636
1.45956
3.85
4.04167
1
9.20833
1.06667
1.85417
2.02083
1.6125
1.20417
1.175
1.175
1.40833
4.56667
1.36792
4.8
1.44167
3.14919
10.1667
3.45833
31.8375
18.5625
5.14015
5.42083
3.39583
4.52273
0.933333
0.924242
1.08333
0.879167
0.908333
0.712121
0.866667
1.1
1.03333
0.833333
0.908333
2.58333
2.525
3.5375
5.72083
1.83929
1.79032
2.91129
1.34167
2.10833
2.35985
8.37821
0.645161
2.08333
1.49621
1.5947
1.39583
1.43333
1.74167
2.32083
1.68534
1.00806
1.35985
1.10985
1.2875
1.49167
2.1
1.51136
1.5125
2.55
1.48106
1.5947
2.58333
1.42803
2.49621
2.18939
4.0125
7.81667
1.58621
2.24597
2.3375
5.65833
2.37917
2.0875
2.8
1.81641
1.91912
2.85833
5.775
14.6625
6.55
3.40152
1.16288
1.05769
1.53409
0.544643
0.818182
0.675
1.07083
1.75833
1.46591
0.856061
0.75
1.52917
1.525
1.975
1.70259
1.39919
1.7875
1.64167
1.54167
1.86667
1.4
1.50833
1.47083
1.59583
1.27273
1.60081
11.5042
2.35
1.49621
1.61667
1.5
1.36667
1.90833
1.84167
1.575
1.66667
1.23333
1.40833
1.43333
6.60833
1.05585
7.88333
1.70833
1.61667
1.30682
1.30303
1.50833
1.24583
1.7375
1.58333
1.2375
2.44583
2.18333
1.84167
2.25
3.45417
1.95076
8.85833
2.36458
1.97348
2.42917
1.77273
2.61364
1.47083
1.41379
1.91532
1.06667
1.65417
1.4125
1.23333
1.39167
1.275
7.575
1.13333
1.30833
1.14167
1.32083
1.5
1.2375
1.47845
2.34677
2.3125
1.375
1.525
1.90417
1.43182
1.775
1.33333
2.14583
7.6875
1
0.722222
0.875
0.847222
1.25
1.22083
0.611111
0.787879
1.09722
1.03788
0.958333
0.741667
1.0125
0.995833
0.945833
0.825
0.974138
1.05515
2.69167
6.74583
0.780303
1
0.933333
0.833333
1
0.941667
1.08333
1.00833
1.075
1.075
1.06667
1.06667
1.06667
1.06667
1.06667
1.70417
21.1333
7.12083
0.344512
0.941667
0.841667
1
0.9
0.866667
1.06667
1.06667
1.06667
1.06667
1.06667
1.06667
1.06667
3.64167
8.0125
1.91667
1.95417
1.50833
2.475
1.74306
1.9697
1.32986
2.05682
2.18333
1.33712
0.933333
0.85
0.939394
1.7
1.39583
7.01515
1.5875
1.80833
1.07576
2.62083
1.86742
1.85417
2.47917
3.63636
1.96591
1.15
1.07917
0.908333
0.95
0.875
0.966667
1.00833
6.65417
0.966667
0.933333
0.833333
1
1.14167
5.55
9.86742
4.77917
7.42361
2.04521
1.7125
1.55682
5.2
14.2708
5.45
2.80303
2.1875
1.30303
11.8042
3.50167
3.30603
4.68145
2.0375
1.4
1.2125
6.8625
0.875
0.966667
0.866667
0.933333
0.941667
1.03333
1.06667
1.075
1.16667
0.929167
0.908333
1.06667
4.36667
1.14167
0.878472
1
1.10833
1.09167
1.06667
0.833333
0.810606
1.06667
1.13333
3.62917
4.89394
4.09848
0.882576
0.94697
1.05833
1.08333
0.720395
0.816667
1.1625
0.564394
0.841667
2.62121
5.29167
4.60833
3.125
1.55833
5.36667
4.31667
3.42083
2.51838
2.29167
2.9
1.99286
2.46071
2.50833
2.01736
2.9875
1.49621
1.03333
1.06667
1.16667
1.10417
1.23333
2.675
1.74167
1.5375
7.42917
2.02083
1.43561
1.7803
1.68182
6.375
0.954327
6.23333
2.43333
2.34167
1.1625
2.44583
11.2333
8.16667
9.76667
1.32083
1.54167
1.56667
1.50833
1.34167
1.475
2.32955
7.66667
4.12917
1.53788
1.21667
13.1458
0.844697
0.839286
1.14062
1.04924
0.665323
0.71875
0.765625
0.758333
0.867424
0.863281
0.711806
1.05
2.0625
2.60227
2.20833
1.42045
0.975
1.4625
1.11207
1.23387
0.753205
1.01894
1.26667
1.16532
0.875
1.04583
1.37121
1.175
0.799242
0.966667
1.47083
2.21667
2
2
1.83553
2.51136
2.04779
1.60714
1.64236
0.857639
0.910156
0.831081
0.875
10.3042
3.425
4.29605
1.31439
3.3
7.075
11.5833
2.55
5.63636
2.81667
3.26667
1.975
1.975
4.90909
2.36111
1.89394
1.99621
2.06818
2.16667
1.95417
2.64167
1.62153
1.9375
2.31818
1.3
1.43182
0.886364
0.883333
0.8875
0.826389
1.00833
1.03333
1.03333
1.03333
0.925
0.966667
0.941667
0.925
1
1.06667
1.06667
12.2458
4.14015
3.9125
1.73106
1.09583
6.83871
4.6375
3.04167
2.59722
1.49653
2.3
2.97083
2.70833
3.49167
1.475
2.1
4.69583
5.42578
9.15909
4.38393
10.168
8.14773
95.1371
0.379747
1.88636
1.27083
1.43333
1.63333
1.51667
2.07576
1.44697
1.76515
2.275
1.81667
1.25
1.73485
1.62917
1.92917
1.29167
1.95833
2.14236
2.575
2.47917
2.03716
8.43939
1.50321
2.30682
5.01667
1.53125
1.94167
1.05
0.85
0.975
0.9
0.875
0.966667
0.933333
1.03333
1.03333
1.06667
1.03333
1.03333
6.65417
0.933333
0.833333
0.883333
1.76667
1.6875
0.895833
1.22083
0.807143
1.2375
1.08333
0.9
0.904167
0.85
1.16667
1.08333
1.02917
0.966667
0.9
1.06667
1.27917
1.66319
2.6125
2.57917
2.3125
3.21212
2.82661
1.37083
1.82258
2.40357
2.75758
7.14394
8.04545
5.76515
14.675
1.04545
0.908333
1.1125
2.36742
30.9083
3.5125
2.66667
1.34848
1.60833
1.44167
3.14583
1.54167
2.02813
1.47581
7.55
1.19697
2.075
1.87847
1.27632
1.48333
2.16667
3.80682
3.74653
0.977778
1.96429
2.89062
2.5625
7.21591
2.10833
19.0114
3.45417
1.6
0.916667
1
1.175
1.14394
14.1833
5.64931
3.52134
3.59063
1.71474
2.42917
1.33333
2.32083
1.24167
0.829167
1.13636
0.806818
1.03333
0.866667
0.85
1.01667
1.03333
0.941667
1.04167
1.175
1.76515
1.7197
1.9875
1.4375
1.63333
0.982759
0.790323
0.9875
0.916667
0.8375
1.19167
6.32197
1.40833
1.00833
0.908333
1.04545
0.972222
1.57083
1.425
1.84167
2.70833
1.10833
0.904167
1.225
1.12879
0.579167
1.10833
1.04167
0.966667
0.933333
0.979167
9.12083
4.3375
4.2125
3.85417
10.191
2.46667
1.4625
1.15833
2.89167
10.2576
1.94583
0.954167
0.988636
0.941667
1
1
0.933333
0.9
0.933333
0.85
1.14583
1.38333
1.25
1.5625
2.92803
1.37917
1.64167
9.51136
3.67424
4.32759
0.621622
0.9
0.875
0.9
0.836207
0.903226
1
0.975
1.075
1.00833
1.15
1.37083
1.45833
1.31667
7.70833
1.28659
1.57258
1.63672
1.73333
1.775
1.86667
1.85
1.9
1.8
2.69583
3.00833
1.64394
3.94167
1.32955
1.17424
1.13333
1.075
1.56667
1.06667
1.13333
1.53333
1.73333
2.21667
2.59583
3.74167
1.74167
1.3875
1.24583
1.43333
1.16667
1.60833
0.909091
1.28333
1.26667
1.23333
5.11667
3.92803
1.64583
2.21591
2.46667
8.19583
16.7708
3.40417
2.50379
2.11742
1.62083
2.36207
3.11694
2.95833
2.04167
19.6708
6.25
6.98106
1.13333
6.39583
4.74167
2.825
3.07917
3.15625
4.37917
2.98864
1.73333
1.125
1.86364
1.73333
1.34583
1.30833
1.39167
1.27778
1.17628
1.35069
1.51667
1.37121
1.39583
1.375
0.904167
0.871212
1.05682
1.075
1.325
1.58333
1.57083
1.59583
1.11429
1.1875
1.65417
1.35
1.45
1.56818
1.71212
7.125
0.820833
0.981061
5.55682
4.05682
4.65417
2.74167
3.37917
6.625
3.09583
7.31439
1.925
1.61667
1.67424
1.68939
2.14015
1.31061
1.51389
1.08333
1.21212
1.125
